0 1 966 967
1 1 1242 1243
2 1 422 423
3 1 1622 1623
4 1 1961 1962
5 1 634 635
6 1 369 370
7 1 272 273
8 1 81 82
9 1 1644 1645
10 1 2250 2251
11 1 1185 1186
12 1 241 242
13 1 909 910
14 1 2131 2132
15 1 2198 2199
16 1 1475 1476
17 1 1133 1134
18 1 707 708
19 1 434 435
20 1 1072 1073
21 1 878 879
22 1 105 106
23 1 1066 1067
24 1 1113 1114
25 1 792 793
26 1 675 676
27 1 1269 1270
28 1 1186 1187
29 1 1525 1526
30 1 355 356
31 1 2481 2482
32 1 1382 1383
33 1 1588 1589
34 1 2072 2073
35 1 1019 1020
36 1 728 729
37 1 1013 1014
38 1 1939 1940
39 1 1146 1147
40 2 365 367
41 2 2243 2245
42 2 1229 1231
43 2 29 31
44 2 1195 1197
45 2 2344 2346
46 2 1276 1278
47 2 2082 2084
48 2 799 801
49 2 1695 1697
50 2 1735 1737
51 2 2453 2455
52 2 1180 1182
53 2 1765 1767
54 2 1848 1850
55 2 660 662
56 2 955 957
57 2 1249 1251
58 2 1063 1065
59 2 177 179
60 2 332 334
61 2 189 191
62 2 1895 1897
63 2 1148 1150
64 2 2125 2127
65 2 2189 2191
66 2 1930 1932
67 2 1404 1406
68 2 594 596
69 2 801 803
70 2 272 274
71 2 1690 1692
72 2 830 832
73 2 1806 1808
74 2 1131 1133
75 2 752 754
76 2 1457 1459
77 2 1785 1787
78 2 2411 2413
79 2 1313 1315
80 3 2287 2290
81 3 813 816
82 3 1325 1328
83 3 413 416
84 3 252 255
85 3 937 940
86 3 1136 1139
87 3 2384 2387
88 3 972 975
89 3 500 503
90 3 1356 1359
91 3 727 730
92 3 1191 1194
93 3 1880 1883
94 3 105 108
95 3 175 178
96 3 1462 1465
97 3 338 341
98 3 1170 1173
99 3 1339 1342
100 3 74 77
101 3 1322 1325
102 3 1183 1186
103 3 1317 1320
104 3 626 629
105 3 1681 1684
106 3 318 321
107 3 1201 1204
108 3 784 787
109 3 1819 1822
110 3 1196 1199
111 3 558 561
112 3 1024 1027
113 3 1563 1566
114 3 2452 2455
115 3 650 653
116 3 1357 1360
117 3 2347 2350
118 3 38 41
119 3 1488 1491
120 4 183 187
121 4 1862 1866
122 4 694 698
123 4 1495 1499
124 4 1485 1489
125 4 1189 1193
126 4 2340 2344
127 4 397 401
128 4 1799 1803
129 4 848 852
130 4 1736 1740
131 4 851 855
132 4 465 469
133 4 243 247
134 4 254 258
135 4 226 230
136 4 690 694
137 4 2439 2443
138 4 612 616
139 4 2484 2488
140 4 167 171
141 4 2237 2241
142 4 2009 2013
143 4 2386 2390
144 4 1020 1024
145 4 1316 1320
146 4 145 149
147 4 500 504
148 4 2167 2171
149 4 1199 1203
150 4 1676 1680
151 4 820 824
152 4 1956 1960
153 4 826 830
154 4 990 994
155 4 1797 1801
156 4 1681 1685
157 4 2014 2018
158 4 151 155
159 4 897 901
160 5 1725 1730
161 5 1816 1821
162 5 1018 1023
163 5 1752 1757
164 5 883 888
165 5 2042 2047
166 5 768 773
167 5 129 134
168 5 150 155
169 5 1041 1046
170 5 1037 1042
171 5 992 997
172 5 2153 2158
173 5 852 857
174 5 948 953
175 5 1708 1713
176 5 1071 1076
177 5 580 585
178 5 1331 1336
179 5 210 215
180 5 1288 1293
181 5 2315 2320
182 5 478 483
183 5 2333 2338
184 5 1650 1655
185 5 165 170
186 5 2024 2029
187 5 1587 1592
188 5 380 385
189 5 1761 1766
190 5 863 868
191 5 2344 2349
192 5 677 682
193 5 1378 1383
194 5 1213 1218
195 5 1930 1935
196 5 1290 1295
197 5 1720 1725
198 5 2162 2167
199 5 881 886
200 6 1098 1104
201 6 1386 1392
202 6 1606 1612
203 6 2033 2039
204 6 304 310
205 6 1147 1153
206 6 783 789
207 6 182 188
208 6 1617 1623
209 6 522 528
210 6 1103 1109
211 6 247 253
212 6 685 691
213 6 1902 1908
214 6 2331 2337
215 6 1934 1940
216 6 1653 1659
217 6 1599 1605
218 6 895 901
219 6 13 19
220 6 865 871
221 6 642 648
222 6 53 59
223 6 2498 2504
224 6 1054 1060
225 6 474 480
226 6 1621 1627
227 6 1560 1566
228 6 910 916
229 6 2255 2261
230 6 218 224
231 6 826 832
232 6 663 669
233 6 2491 2497
234 6 1354 1360
235 6 2303 2309
236 6 1931 1937
237 6 2156 2162
238 6 1800 1806
239 6 108 114
240 7 323 330
241 7 140 147
242 7 2435 2442
243 7 462 469
244 7 2002 2009
245 7 2297 2304
246 7 1052 1059
247 7 2490 2497
248 7 568 575
249 7 169 176
250 7 1485 1492
251 7 326 333
252 7 2142 2149
253 7 43 50
254 7 1216 1223
255 7 1420 1427
256 7 306 313
257 7 348 355
258 7 2225 2232
259 7 1858 1865
260 7 1561 1568
261 7 841 848
262 7 1274 1281
263 7 1591 1598
264 7 957 964
265 7 1993 2000
266 7 1638 1645
267 7 389 396
268 7 316 323
269 7 468 475
270 7 1498 1505
271 7 2099 2106
272 7 1777 1784
273 7 1703 1710
274 7 1819 1826
275 7 274 281
276 7 802 809
277 7 1238 1245
278 7 1960 1967
279 7 1730 1737
280 8 484 492
281 8 2286 2294
282 8 685 693
283 8 1522 1530
284 8 666 674
285 8 722 730
286 8 611 619
287 8 1337 1345
288 8 2024 2032
289 8 1386 1394
290 8 1059 1067
291 8 2219 2227
292 8 19 27
293 8 691 699
294 8 22 30
295 8 1277 1285
296 8 495 503
297 8 2232 2240
298 8 453 461
299 8 1992 2000
300 8 2461 2469
301 8 1983 1991
302 8 2155 2163
303 8 310 318
304 8 2132 2140
305 8 1005 1013
306 8 1684 1692
307 8 1201 1209
308 8 1461 1469
309 8 938 946
310 8 738 746
311 8 6 14
312 8 216 224
313 8 2496 2504
314 8 1283 1291
315 8 2228 2236
316 8 1912 1920
317 8 2327 2335
318 8 1251 1259
319 8 2075 2083
320 9 1805 1814
321 9 1810 1819
322 9 1604 1613
323 9 576 585
324 9 1030 1039
325 9 2445 2454
326 9 1483 1492
327 9 1392 1401
328 9 545 554
329 9 1775 1784
330 9 338 347
331 9 2480 2489
332 9 589 598
333 9 727 736
334 9 1168 1177
335 9 1523 1532
336 9 808 817
337 9 2359 2368
338 9 1435 1444
339 9 382 391
340 9 315 324
341 9 1648 1657
342 9 735 744
343 9 1350 1359
344 9 1338 1347
345 9 715 724
346 9 1231 1240
347 9 94 103
348 9 2473 2482
349 9 82 91
350 9 2146 2155
351 9 363 372
352 9 1470 1479
353 9 403 412
354 9 649 658
355 9 747 756
356 9 2392 2401
357 9 2028 2037
358 9 2350 2359
359 9 314 323
360 10 478 488
361 10 704 714
362 10 1962 1972
363 10 910 920
364 10 1240 1250
365 10 1663 1673
366 10 2453 2463
367 10 972 982
368 10 2006 2016
369 10 905 915
370 10 1268 1278
371 10 1505 1515
372 10 943 953
373 10 1337 1347
374 10 2200 2210
375 10 2169 2179
376 10 1850 1860
377 10 1639 1649
378 10 2073 2083
379 10 1641 1651
380 10 1282 1292
381 10 1162 1172
382 10 1795 1805
383 10 1685 1695
384 10 2408 2418
385 10 53 63
386 10 1029 1039
387 10 753 763
388 10 2212 2222
389 10 1878 1888
390 10 2298 2308
391 10 1492 1502
392 10 1655 1665
393 10 1591 1601
394 10 114 124
395 10 639 649
396 10 2094 2104
397 10 277 287
398 10 1876 1886
399 10 1422 1432
400 11 2473 2484
401 11 1278 1289
402 11 374 385
403 11 1056 1067
404 11 1980 1991
405 11 909 920
406 11 1953 1964
407 11 2472 2483
408 11 271 282
409 11 609 620
410 11 976 987
411 11 282 293
412 11 1225 1236
413 11 543 554
414 11 192 203
415 11 668 679
416 11 1629 1640
417 11 2383 2394
418 11 2241 2252
419 11 2205 2216
420 11 1074 1085
421 11 75 86
422 11 2147 2158
423 11 1005 1016
424 11 645 656
425 11 396 407
426 11 841 852
427 11 130 141
428 11 1296 1307
429 11 335 346
430 11 498 509
431 11 1108 1119
432 11 250 261
433 11 1183 1194
434 11 2497 2508
435 11 705 716
436 11 611 622
437 11 1699 1710
438 11 532 543
439 11 333 344
440 12 2293 2305
441 12 1492 1504
442 12 10 22
443 12 2262 2274
444 12 638 650
445 12 2058 2070
446 12 1687 1699
447 12 631 643
448 12 880 892
449 12 1221 1233
450 12 1983 1995
451 12 2079 2091
452 12 277 289
453 12 1539 1551
454 12 688 700
455 12 669 681
456 12 1048 1060
457 12 2108 2120
458 12 1602 1614
459 12 2200 2212
460 12 1240 1252
461 12 1640 1652
462 12 1345 1357
463 12 697 709
464 12 1584 1596
465 12 253 265
466 12 1732 1744
467 12 114 126
468 12 1141 1153
469 12 77 89
470 12 1245 1257
471 12 624 636
472 12 351 363
473 12 641 653
474 12 474 486
475 12 2495 2507
476 12 62 74
477 12 950 962
478 12 947 959
479 12 2267 2279
480 13 35 48
481 13 1952 1965
482 13 2180 2193
483 13 758 771
484 13 1852 1865
485 13 1554 1567
486 13 1377 1390
487 13 706 719
488 13 2172 2185
489 13 2405 2418
490 13 769 782
491 13 438 451
492 13 1945 1958
493 13 1461 1474
494 13 1249 1262
495 13 1693 1706
496 13 2458 2471
497 13 152 165
498 13 868 881
499 13 1047 1060
500 13 2371 2384
501 13 2420 2433
502 13 1259 1272
503 13 1955 1968
504 13 1389 1402
505 13 341 354
506 13 966 979
507 13 1294 1307
508 13 424 437
509 13 156 169
510 13 2476 2489
511 13 1320 1333
512 13 2158 2171
513 13 1950 1963
514 13 1446 1459
515 13 333 346
516 13 725 738
517 13 176 189
518 13 2040 2053
519 13 2126 2139
520 14 2234 2248
521 14 2448 2462
522 14 1023 1037
523 14 159 173
524 14 822 836
525 14 292 306
526 14 1377 1391
527 14 2464 2478
528 14 564 578
529 14 1263 1277
530 14 478 492
531 14 2078 2092
532 14 2086 2100
533 14 3 17
534 14 926 940
535 14 1123 1137
536 14 74 88
537 14 140 154
538 14 43 57
539 14 1958 1972
540 14 593 607
541 14 873 887
542 14 1473 1487
543 14 1020 1034
544 14 1412 1426
545 14 1221 1235
546 14 1591 1605
547 14 2477 2491
548 14 1649 1663
549 14 139 153
550 14 708 722
551 14 1688 1702
552 14 2022 2036
553 14 261 275
554 14 2091 2105
555 14 2084 2098
556 14 1223 1237
557 14 2293 2307
558 14 1158 1172
559 14 850 864
560 15 1791 1806
561 15 1318 1333
562 15 716 731
563 15 879 894
564 15 73 88
565 15 1960 1975
566 15 1790 1805
567 15 1130 1145
568 15 1357 1372
569 15 1667 1682
570 15 1677 1692
571 15 1315 1330
572 15 860 875
573 15 1048 1063
574 15 1145 1160
575 15 2093 2108
576 15 354 369
577 15 123 138
578 15 1650 1665
579 15 1079 1094
580 15 2494 2509
581 15 1176 1191
582 15 542 557
583 15 1281 1296
584 15 355 370
585 15 679 694
586 15 377 392
587 15 866 881
588 15 1038 1053
589 15 885 900
590 15 2044 2059
591 15 467 482
592 15 1394 1409
593 15 32 47
594 15 1866 1881
595 15 2335 2350
596 15 834 849
597 15 681 696
598 15 383 398
599 15 1000 1015
600 16 2126 2142
601 16 390 406
602 16 466 482
603 16 1294 1310
604 16 1214 1230
605 16 2323 2339
606 16 2383 2399
607 16 617 633
608 16 310 326
609 16 734 750
610 16 111 127
611 16 741 757
612 16 844 860
613 16 1076 1092
614 16 142 158
615 16 2431 2447
616 16 1328 1344
617 16 1344 1360
618 16 2485 2501
619 16 1492 1508
620 16 665 681
621 16 703 719
622 16 880 896
623 16 202 218
624 16 218 234
625 16 657 673
626 16 235 251
627 16 1072 1088
628 16 2022 2038
629 16 426 442
630 16 817 833
631 16 564 580
632 16 1606 1622
633 16 1961 1977
634 16 2463 2479
635 16 2237 2253
636 16 2031 2047
637 16 2214 2230
638 16 1325 1341
639 16 1483 1499
640 17 1761 1778
641 17 1662 1679
642 17 148 165
643 17 155 172
644 17 742 759
645 17 626 643
646 17 1467 1484
647 17 898 915
648 17 1215 1232
649 17 975 992
650 17 1489 1506
651 17 2350 2367
652 17 796 813
653 17 1409 1426
654 17 1571 1588
655 17 2193 2210
656 17 458 475
657 17 919 936
658 17 780 797
659 17 1426 1443
660 17 757 774
661 17 2189 2206
662 17 870 887
663 17 86 103
664 17 110 127
665 17 482 499
666 17 782 799
667 17 1317 1334
668 17 2216 2233
669 17 2037 2054
670 17 169 186
671 17 1254 1271
672 17 1609 1626
673 17 670 687
674 17 571 588
675 17 1538 1555
676 17 1899 1916
677 17 1436 1453
678 17 1457 1474
679 17 23 40
680 18 1828 1846
681 18 558 576
682 18 1832 1850
683 18 121 139
684 18 1713 1731
685 18 866 884
686 18 470 488
687 18 1353 1371
688 18 1210 1228
689 18 2447 2465
690 18 2286 2304
691 18 222 240
692 18 321 339
693 18 1972 1990
694 18 660 678
695 18 2158 2176
696 18 250 268
697 18 741 759
698 18 987 1005
699 18 2457 2475
700 18 1362 1380
701 18 2454 2472
702 18 80 98
703 18 93 111
704 18 1567 1585
705 18 1789 1807
706 18 947 965
707 18 2397 2415
708 18 566 584
709 18 174 192
710 18 548 566
711 18 749 767
712 18 2478 2496
713 18 1169 1187
714 18 956 974
715 18 1782 1800
716 18 1287 1305
717 18 2215 2233
718 18 1523 1541
719 18 696 714
720 19 1415 1434
721 19 2229 2248
722 19 2344 2363
723 19 1412 1431
724 19 1056 1075
725 19 2444 2463
726 19 1372 1391
727 19 2202 2221
728 19 131 150
729 19 2228 2247
730 19 623 642
731 19 1498 1517
732 19 2337 2356
733 19 806 825
734 19 2024 2043
735 19 1929 1948
736 19 489 508
737 19 302 321
738 19 2439 2458
739 19 803 822
740 19 651 670
741 19 586 605
742 19 2257 2276
743 19 572 591
744 19 210 229
745 19 2206 2225
746 19 1418 1437
747 19 329 348
748 19 192 211
749 19 2476 2495
750 19 611 630
751 19 2227 2246
752 19 720 739
753 19 1077 1096
754 19 234 253
755 19 1209 1228
756 19 1947 1966
757 19 1150 1169
758 19 856 875
759 19 1935 1954
760 20 1157 1177
761 20 2169 2189
762 20 255 275
763 20 575 595
764 20 1179 1199
765 20 1707 1727
766 20 184 204
767 20 10 30
768 20 1419 1439
769 20 2168 2188
770 20 2471 2491
771 20 1475 1495
772 20 295 315
773 20 820 840
774 20 1775 1795
775 20 327 347
776 20 1738 1758
777 20 132 152
778 20 1161 1181
779 20 814 834
780 20 802 822
781 20 704 724
782 20 827 847
783 20 330 350
784 20 381 401
785 20 43 63
786 20 14 34
787 20 1193 1213
788 20 2129 2149
789 20 2120 2140
790 20 2150 2170
791 20 1736 1756
792 20 265 285
793 20 378 398
794 20 2143 2163
795 20 1386 1406
796 20 690 710
797 20 819 839
798 20 2091 2111
799 20 2249 2269
800 21 253 274
801 21 254 275
802 21 264 285
803 21 570 591
804 21 1786 1807
805 21 554 575
806 21 426 447
807 21 2118 2139
808 21 1328 1349
809 21 2103 2124
810 21 1390 1411
811 21 1134 1155
812 21 544 565
813 21 2405 2426
814 21 2397 2418
815 21 484 505
816 21 2375 2396
817 21 288 309
818 21 2464 2485
819 21 21 42
820 21 643 664
821 21 176 197
822 21 1115 1136
823 21 2233 2254
824 21 1740 1761
825 21 1246 1267
826 21 2428 2449
827 21 1471 1492
828 21 625 646
829 21 2149 2170
830 21 1484 1505
831 21 2197 2218
832 21 1871 1892
833 21 1014 1035
834 21 1853 1874
835 21 698 719
836 21 1976 1997
837 21 2376 2397
838 21 2229 2250
839 21 106 127
840 22 2378 2400
841 22 2285 2307
842 22 2335 2357
843 22 794 816
844 22 1071 1093
845 22 2404 2426
846 22 2349 2371
847 22 2450 2472
848 22 1850 1872
849 22 1362 1384
850 22 663 685
851 22 1245 1267
852 22 657 679
853 22 1295 1317
854 22 1229 1251
855 22 1294 1316
856 22 856 878
857 22 2184 2206
858 22 1982 2004
859 22 1196 1218
860 22 1102 1124
861 22 1509 1531
862 22 679 701
863 22 1291 1313
864 22 398 420
865 22 954 976
866 22 1345 1367
867 22 795 817
868 22 722 744
869 22 1807 1829
870 22 392 414
871 22 1270 1292
872 22 134 156
873 22 2134 2156
874 22 23 45
875 22 190 212
876 22 10 32
877 22 2276 2298
878 22 731 753
879 22 912 934
880 23 1005 1028
881 23 1527 1550
882 23 1611 1634
883 23 1582 1605
884 23 990 1013
885 23 1808 1831
886 23 1770 1793
887 23 1190 1213
888 23 2079 2102
889 23 364 387
890 23 1407 1430
891 23 178 201
892 23 393 416
893 23 756 779
894 23 226 249
895 23 1664 1687
896 23 19 42
897 23 1607 1630
898 23 671 694
899 23 1778 1801
900 23 181 204
901 23 2284 2307
902 23 911 934
903 23 1531 1554
904 23 1405 1428
905 23 2082 2105
906 23 1431 1454
907 23 543 566
908 23 2 25
909 23 1418 1441
910 23 1489 1512
911 23 395 418
912 23 1550 1573
913 23 2346 2369
914 23 878 901
915 23 2006 2029
916 23 1441 1464
917 23 2349 2372
918 23 1772 1795
919 23 2264 2287
920 24 373 397
921 24 1607 1631
922 24 645 669
923 24 354 378
924 24 1838 1862
925 24 1587 1611
926 24 2150 2174
927 24 863 887
928 24 111 135
929 24 377 401
930 24 1171 1195
931 24 411 435
932 24 516 540
933 24 520 544
934 24 1870 1894
935 24 1793 1817
936 24 1431 1455
937 24 1667 1691
938 24 1301 1325
939 24 1643 1667
940 24 1265 1289
941 24 1621 1645
942 24 421 445
943 24 1395 1419
944 24 1538 1562
945 24 2085 2109
946 24 314 338
947 24 1997 2021
948 24 1782 1806
949 24 1507 1531
950 24 931 955
951 24 2358 2382
952 24 669 693
953 24 1752 1776
954 24 1165 1189
955 24 506 530
956 24 1373 1397
957 24 2189 2213
958 24 145 169
959 24 2130 2154
960 25 975 1000
961 25 755 780
962 25 1960 1985
963 25 947 972
964 25 2121 2146
965 25 1452 1477
966 25 1728 1753
967 25 1800 1825
968 25 1711 1736
969 25 2177 2202
970 25 507 532
971 25 2025 2050
972 25 48 73
973 25 1765 1790
974 25 1464 1489
975 25 1923 1948
976 25 1148 1173
977 25 807 832
978 25 577 602
979 25 1364 1389
980 25 1474 1499
981 25 625 650
982 25 1085 1110
983 25 2216 2241
984 25 2310 2335
985 25 1983 2008
986 25 2456 2481
987 25 556 581
988 25 2007 2032
989 25 1577 1602
990 25 1954 1979
991 25 1424 1449
992 25 2082 2107
993 25 130 155
994 25 1781 1806
995 25 1041 1066
996 25 2424 2449
997 25 765 790
998 25 2195 2220
999 25 721 746
1000 26 72 98
1001 26 1882 1908
1002 26 2343 2369
1003 26 1248 1274
1004 26 542 568
1005 26 184 210
1006 26 8 34
1007 26 952 978
1008 26 1392 1418
1009 26 634 660
1010 26 1291 1317
1011 26 1343 1369
1012 26 1840 1866
1013 26 2352 2378
1014 26 944 970
1015 26 1121 1147
1016 26 231 257
1017 26 259 285
1018 26 146 172
1019 26 1806 1832
1020 26 455 481
1021 26 994 1020
1022 26 920 946
1023 26 1937 1963
1024 26 2193 2219
1025 26 258 284
1026 26 2229 2255
1027 26 668 694
1028 26 712 738
1029 26 803 829
1030 26 22 48
1031 26 792 818
1032 26 2102 2128
1033 26 780 806
1034 26 900 926
1035 26 57 83
1036 26 2052 2078
1037 26 1976 2002
1038 26 1339 1365
1039 26 1429 1455
1040 27 1086 1113
1041 27 2350 2377
1042 27 1662 1689
1043 27 2364 2391
1044 27 539 566
1045 27 1385 1412
1046 27 485 512
1047 27 1029 1056
1048 27 1081 1108
1049 27 393 420
1050 27 235 262
1051 27 1383 1410
1052 27 231 258
1053 27 1575 1602
1054 27 282 309
1055 27 847 874
1056 27 1016 1043
1057 27 207 234
1058 27 2004 2031
1059 27 1586 1613
1060 27 1502 1529
1061 27 287 314
1062 27 347 374
1063 27 601 628
1064 27 1826 1853
1065 27 1753 1780
1066 27 2100 2127
1067 27 1536 1563
1068 27 440 467
1069 27 699 726
1070 27 591 618
1071 27 141 168
1072 27 695 722
1073 27 1866 1893
1074 27 2182 2209
1075 27 2157 2184
1076 27 1933 1960
1077 27 1807 1834
1078 27 1500 1527
1079 27 2316 2343
1080 28 1772 1800
1081 28 1011 1039
1082 28 1024 1052
1083 28 1106 1134
1084 28 2337 2365
1085 28 30 58
1086 28 1094 1122
1087 28 1631 1659
1088 28 2308 2336
1089 28 1360 1388
1090 28 1172 1200
1091 28 488 516
1092 28 645 673
1093 28 2102 2130
1094 28 770 798
1095 28 663 691
1096 28 1599 1627
1097 28 2227 2255
1098 28 529 557
1099 28 753 781
1100 28 774 802
1101 28 2303 2331
1102 28 294 322
1103 28 2214 2242
1104 28 292 320
1105 28 1254 1282
1106 28 127 155
1107 28 330 358
1108 28 2070 2098
1109 28 1887 1915
1110 28 384 412
1111 28 2169 2197
1112 28 29 57
1113 28 1141 1169
1114 28 1083 1111
1115 28 805 833
1116 28 768 796
1117 28 477 505
1118 28 1046 1074
1119 28 2384 2412
1120 29 1633 1662
1121 29 1105 1134
1122 29 2162 2191
1123 29 1114 1143
1124 29 25 54
1125 29 417 446
1126 29 1634 1663
1127 29 1484 1513
1128 29 2452 2481
1129 29 666 695
1130 29 2012 2041
1131 29 2462 2491
1132 29 1407 1436
1133 29 779 808
1134 29 2009 2038
1135 29 1002 1031
1136 29 675 704
1137 29 688 717
1138 29 1367 1396
1139 29 130 159
1140 29 863 892
1141 29 773 802
1142 29 2205 2234
1143 29 1905 1934
1144 29 2169 2198
1145 29 1321 1350
1146 29 523 552
1147 29 703 732
1148 29 1495 1524
1149 29 2368 2397
1150 29 2104 2133
1151 29 1760 1789
1152 29 1840 1869
1153 29 1492 1521
1154 29 1343 1372
1155 29 319 348
1156 29 1881 1910
1157 29 1984 2013
1158 29 1116 1145
1159 29 1065 1094
1160 30 629 659
1161 30 458 488
1162 30 1046 1076
1163 30 1796 1826
1164 30 2434 2464
1165 30 2062 2092
1166 30 2002 2032
1167 30 1873 1903
1168 30 351 381
1169 30 1100 1130
1170 30 1535 1565
1171 30 2234 2264
1172 30 407 437
1173 30 2464 2494
1174 30 1238 1268
1175 30 37 67
1176 30 648 678
1177 30 1568 1598
1178 30 2081 2111
1179 30 720 750
1180 30 1572 1602
1181 30 1973 2003
1182 30 733 763
1183 30 135 165
1184 30 1309 1339
1185 30 900 930
1186 30 992 1022
1187 30 1633 1663
1188 30 2181 2211
1189 30 687 717
1190 30 783 813
1191 30 1920 1950
1192 30 1877 1907
1193 30 1233 1263
1194 30 1587 1617
1195 30 1114 1144
1196 30 1367 1397
1197 30 1786 1816
1198 30 848 878
1199 30 149 179
1200 31 2344 2375
1201 31 225 256
1202 31 2260 2291
1203 31 783 814
1204 31 139 170
1205 31 2174 2205
1206 31 2020 2051
1207 31 1367 1398
1208 31 1052 1083
1209 31 233 264
1210 31 519 550
1211 31 1533 1564
1212 31 211 242
1213 31 1646 1677
1214 31 1716 1747
1215 31 1526 1557
1216 31 1019 1050
1217 31 1427 1458
1218 31 1795 1826
1219 31 1502 1533
1220 31 1630 1661
1221 31 2361 2392
1222 31 110 141
1223 31 1590 1621
1224 31 527 558
1225 31 565 596
1226 31 1931 1962
1227 31 1667 1698
1228 31 1028 1059
1229 31 692 723
1230 31 1821 1852
1231 31 2169 2200
1232 31 1483 1514
1233 31 1505 1536
1234 31 2308 2339
1235 31 420 451
1236 31 739 770
1237 31 606 637
1238 31 1247 1278
1239 31 2104 2135
1240 32 626 658
1241 32 257 289
1242 32 2019 2051
1243 32 2294 2326
1244 32 158 190
1245 32 1146 1178
1246 32 823 855
1247 32 11 43
1248 32 1766 1798
1249 32 1666 1698
1250 32 1106 1138
1251 32 2045 2077
1252 32 683 715
1253 32 117 149
1254 32 447 479
1255 32 558 590
1256 32 1669 1701
1257 32 1120 1152
1258 32 2276 2308
1259 32 1850 1882
1260 32 296 328
1261 32 1330 1362
1262 32 1061 1093
1263 32 2216 2248
1264 32 1797 1829
1265 32 700 732
1266 32 90 122
1267 32 1397 1429
1268 32 1037 1069
1269 32 1047 1079
1270 32 1068 1100
1271 32 1585 1617
1272 32 1401 1433
1273 32 244 276
1274 32 2338 2370
1275 32 726 758
1276 32 1750 1782
1277 32 1085 1117
1278 32 2307 2339
1279 32 415 447
1280 33 971 1004
1281 33 2351 2384
1282 33 423 456
1283 33 407 440
1284 33 2029 2062
1285 33 2461 2494
1286 33 1134 1167
1287 33 1676 1709
1288 33 507 540
1289 33 1595 1628
1290 33 1791 1824
1291 33 1916 1949
1292 33 2136 2169
1293 33 1834 1867
1294 33 2361 2394
1295 33 671 704
1296 33 1951 1984
1297 33 2108 2141
1298 33 712 745
1299 33 1169 1202
1300 33 1433 1466
1301 33 1140 1173
1302 33 288 321
1303 33 1805 1838
1304 33 2122 2155
1305 33 2453 2486
1306 33 2145 2178
1307 33 784 817
1308 33 1211 1244
1309 33 2183 2216
1310 33 1581 1614
1311 33 1069 1102
1312 33 2179 2212
1313 33 1918 1951
1314 33 1370 1403
1315 33 251 284
1316 33 1335 1368
1317 33 1890 1923
1318 33 1530 1563
1319 33 2244 2277
1320 34 1422 1456
1321 34 580 614
1322 34 902 936
1323 34 954 988
1324 34 1506 1540
1325 34 2450 2484
1326 34 311 345
1327 34 1057 1091
1328 34 1726 1760
1329 34 1837 1871
1330 34 1182 1216
1331 34 1705 1739
1332 34 2067 2101
1333 34 696 730
1334 34 2406 2440
1335 34 1643 1677
1336 34 908 942
1337 34 1599 1633
1338 34 1159 1193
1339 34 1281 1315
1340 34 568 602
1341 34 1047 1081
1342 34 1801 1835
1343 34 877 911
1344 34 826 860
1345 34 1961 1995
1346 34 414 448
1347 34 2027 2061
1348 34 2425 2459
1349 34 647 681
1350 34 256 290
1351 34 1048 1082
1352 34 70 104
1353 34 608 642
1354 34 1303 1337
1355 34 1629 1663
1356 34 1346 1380
1357 34 1501 1535
1358 34 573 607
1359 34 321 355
1360 35 2436 2471
1361 35 2088 2123
1362 35 250 285
1363 35 1917 1952
1364 35 1517 1552
1365 35 663 698
1366 35 1419 1454
1367 35 1488 1523
1368 35 352 387
1369 35 1466 1501
1370 35 2082 2117
1371 35 2281 2316
1372 35 447 482
1373 35 2279 2314
1374 35 1909 1944
1375 35 1803 1838
1376 35 2049 2084
1377 35 1985 2020
1378 35 760 795
1379 35 513 548
1380 35 1306 1341
1381 35 1675 1710
1382 35 541 576
1383 35 2235 2270
1384 35 1227 1262
1385 35 1901 1936
1386 35 2341 2376
1387 35 681 716
1388 35 710 745
1389 35 926 961
1390 35 1797 1832
1391 35 778 813
1392 35 1669 1704
1393 35 531 566
1394 35 2239 2274
1395 35 123 158
1396 35 1268 1303
1397 35 651 686
1398 35 2225 2260
1399 35 984 1019
1400 36 2455 2491
1401 36 1374 1410
1402 36 634 670
1403 36 2065 2101
1404 36 931 967
1405 36 1290 1326
1406 36 1754 1790
1407 36 411 447
1408 36 163 199
1409 36 1410 1446
1410 36 2090 2126
1411 36 1225 1261
1412 36 696 732
1413 36 1796 1832
1414 36 399 435
1415 36 1181 1217
1416 36 836 872
1417 36 700 736
1418 36 286 322
1419 36 2175 2211
1420 36 1288 1324
1421 36 377 413
1422 36 123 159
1423 36 559 595
1424 36 564 600
1425 36 292 328
1426 36 724 760
1427 36 2358 2394
1428 36 1079 1115
1429 36 698 734
1430 36 196 232
1431 36 1389 1425
1432 36 1293 1329
1433 36 1119 1155
1434 36 1918 1954
1435 36 1938 1974
1436 36 610 646
1437 36 455 491
1438 36 2049 2085
1439 36 1189 1225
1440 37 2438 2475
1441 37 1036 1073
1442 37 1267 1304
1443 37 236 273
1444 37 2142 2179
1445 37 18 55
1446 37 2188 2225
1447 37 1818 1855
1448 37 1057 1094
1449 37 4 41
1450 37 2147 2184
1451 37 1478 1515
1452 37 271 308
1453 37 1066 1103
1454 37 2432 2469
1455 37 246 283
1456 37 2207 2244
1457 37 2278 2315
1458 37 1809 1846
1459 37 274 311
1460 37 1980 2017
1461 37 1701 1738
1462 37 1912 1949
1463 37 2071 2108
1464 37 1943 1980
1465 37 2274 2311
1466 37 2008 2045
1467 37 1322 1359
1468 37 2319 2356
1469 37 176 213
1470 37 2123 2160
1471 37 870 907
1472 37 2374 2411
1473 37 684 721
1474 37 1619 1656
1475 37 2369 2406
1476 37 1169 1206
1477 37 1451 1488
1478 37 2007 2044
1479 37 129 166
1480 38 1112 1150
1481 38 606 644
1482 38 1713 1751
1483 38 885 923
1484 38 2201 2239
1485 38 1720 1758
1486 38 1510 1548
1487 38 430 468
1488 38 873 911
1489 38 1721 1759
1490 38 1074 1112
1491 38 997 1035
1492 38 2368 2406
1493 38 2399 2437
1494 38 1829 1867
1495 38 482 520
1496 38 737 775
1497 38 476 514
1498 38 315 353
1499 38 1967 2005
1500 38 592 630
1501 38 1653 1691
1502 38 2335 2373
1503 38 406 444
1504 38 940 978
1505 38 942 980
1506 38 2315 2353
1507 38 2297 2335
1508 38 672 710
1509 38 693 731
1510 38 682 720
1511 38 272 310
1512 38 1092 1130
1513 38 513 551
1514 38 1080 1118
1515 38 1222 1260
1516 38 329 367
1517 38 2305 2343
1518 38 354 392
1519 38 1740 1778
1520 39 1609 1648
1521 39 1860 1899
1522 39 1173 1212
1523 39 2134 2173
1524 39 1614 1653
1525 39 871 910
1526 39 288 327
1527 39 1583 1622
1528 39 1819 1858
1529 39 1865 1904
1530 39 2103 2142
1531 39 1977 2016
1532 39 1126 1165
1533 39 1216 1255
1534 39 1456 1495
1535 39 788 827
1536 39 1117 1156
1537 39 775 814
1538 39 1991 2030
1539 39 907 946
1540 39 2266 2305
1541 39 1999 2038
1542 39 1319 1358
1543 39 1773 1812
1544 39 584 623
1545 39 1508 1547
1546 39 2018 2057
1547 39 896 935
1548 39 1065 1104
1549 39 960 999
1550 39 1948 1987
1551 39 96 135
1552 39 2252 2291
1553 39 620 659
1554 39 2446 2485
1555 39 973 1012
1556 39 2172 2211
1557 39 2158 2197
1558 39 228 267
1559 39 1424 1463
1560 40 1918 1958
1561 40 1625 1665
1562 40 2137 2177
1563 40 2396 2436
1564 40 109 149
1565 40 1268 1308
1566 40 940 980
1567 40 622 662
1568 40 256 296
1569 40 768 808
1570 40 1745 1785
1571 40 811 851
1572 40 671 711
1573 40 688 728
1574 40 472 512
1575 40 1935 1975
1576 40 1192 1232
1577 40 513 553
1578 40 129 169
1579 40 596 636
1580 40 2088 2128
1581 40 858 898
1582 40 1408 1448
1583 40 2351 2391
1584 40 1564 1604
1585 40 1119 1159
1586 40 84 124
1587 40 1358 1398
1588 40 1552 1592
1589 40 893 933
1590 40 1229 1269
1591 40 553 593
1592 40 1744 1784
1593 40 643 683
1594 40 1238 1278
1595 40 492 532
1596 40 442 482
1597 40 970 1010
1598 40 392 432
1599 40 1067 1107
1600 41 1617 1658
1601 41 1605 1646
1602 41 1115 1156
1603 41 797 838
1604 41 760 801
1605 41 1294 1335
1606 41 273 314
1607 41 1051 1092
1608 41 2332 2373
1609 41 2084 2125
1610 41 2456 2497
1611 41 125 166
1612 41 1152 1193
1613 41 1871 1912
1614 41 1863 1904
1615 41 1472 1513
1616 41 2101 2142
1617 41 915 956
1618 41 1602 1643
1619 41 1191 1232
1620 41 1776 1817
1621 41 1989 2030
1622 41 1380 1421
1623 41 278 319
1624 41 1787 1828
1625 41 1632 1673
1626 41 2440 2481
1627 41 105 146
1628 41 525 566
1629 41 75 116
1630 41 2019 2060
1631 41 2185 2226
1632 41 1442 1483
1633 41 1341 1382
1634 41 529 570
1635 41 1726 1767
1636 41 900 941
1637 41 1185 1226
1638 41 1481 1522
1639 41 1968 2009
1640 42 2237 2279
1641 42 856 898
1642 42 950 992
1643 42 1576 1618
1644 42 312 354
1645 42 585 627
1646 42 1428 1470
1647 42 819 861
1648 42 2274 2316
1649 42 1000 1042
1650 42 1093 1135
1651 42 385 427
1652 42 552 594
1653 42 1103 1145
1654 42 1725 1767
1655 42 1958 2000
1656 42 767 809
1657 42 416 458
1658 42 42 84
1659 42 429 471
1660 42 479 521
1661 42 2073 2115
1662 42 1734 1776
1663 42 338 380
1664 42 531 573
1665 42 855 897
1666 42 1222 1264
1667 42 1778 1820
1668 42 408 450
1669 42 529 571
1670 42 1518 1560
1671 42 640 682
1672 42 2305 2347
1673 42 1887 1929
1674 42 115 157
1675 42 2304 2346
1676 42 2042 2084
1677 42 2375 2417
1678 42 1183 1225
1679 42 1678 1720
1680 43 901 944
1681 43 2007 2050
1682 43 731 774
1683 43 2448 2491
1684 43 1592 1635
1685 43 1921 1964
1686 43 2144 2187
1687 43 53 96
1688 43 914 957
1689 43 1035 1078
1690 43 1111 1154
1691 43 2000 2043
1692 43 2313 2356
1693 43 706 749
1694 43 466 509
1695 43 229 272
1696 43 268 311
1697 43 1401 1444
1698 43 975 1018
1699 43 2093 2136
1700 43 2364 2407
1701 43 2164 2207
1702 43 654 697
1703 43 1748 1791
1704 43 2184 2227
1705 43 580 623
1706 43 1944 1987
1707 43 1816 1859
1708 43 1668 1711
1709 43 2170 2213
1710 43 1214 1257
1711 43 414 457
1712 43 1323 1366
1713 43 531 574
1714 43 2006 2049
1715 43 1823 1866
1716 43 545 588
1717 43 752 795
1718 43 891 934
1719 43 392 435
1720 44 1613 1657
1721 44 916 960
1722 44 1558 1602
1723 44 1048 1092
1724 44 1126 1170
1725 44 407 451
1726 44 234 278
1727 44 1512 1556
1728 44 1795 1839
1729 44 10 54
1730 44 235 279
1731 44 1377 1421
1732 44 1950 1994
1733 44 2026 2070
1734 44 2329 2373
1735 44 1753 1797
1736 44 712 756
1737 44 2313 2357
1738 44 692 736
1739 44 1718 1762
1740 44 638 682
1741 44 1424 1468
1742 44 2064 2108
1743 44 2060 2104
1744 44 1137 1181
1745 44 1189 1233
1746 44 2448 2492
1747 44 2016 2060
1748 44 2087 2131
1749 44 1709 1753
1750 44 1603 1647
1751 44 1710 1754
1752 44 664 708
1753 44 703 747
1754 44 412 456
1755 44 834 878
1756 44 1835 1879
1757 44 1433 1477
1758 44 2383 2427
1759 44 1499 1543
1760 45 201 246
1761 45 2098 2143
1762 45 1879 1924
1763 45 35 80
1764 45 2162 2207
1765 45 1483 1528
1766 45 2152 2197
1767 45 1746 1791
1768 45 815 860
1769 45 1551 1596
1770 45 2165 2210
1771 45 1243 1288
1772 45 579 624
1773 45 14 59
1774 45 1577 1622
1775 45 2153 2198
1776 45 564 609
1777 45 542 587
1778 45 386 431
1779 45 2404 2449
1780 45 1355 1400
1781 45 1194 1239
1782 45 211 256
1783 45 2024 2069
1784 45 251 296
1785 45 2092 2137
1786 45 1203 1248
1787 45 1964 2009
1788 45 2157 2202
1789 45 1223 1268
1790 45 1780 1825
1791 45 2278 2323
1792 45 1816 1861
1793 45 817 862
1794 45 489 534
1795 45 101 146
1796 45 717 762
1797 45 975 1020
1798 45 1309 1354
1799 45 2393 2438
1800 46 867 913
1801 46 524 570
1802 46 1970 2016
1803 46 2135 2181
1804 46 258 304
1805 46 1246 1292
1806 46 1049 1095
1807 46 1192 1238
1808 46 870 916
1809 46 2433 2479
1810 46 222 268
1811 46 2384 2430
1812 46 2301 2347
1813 46 884 930
1814 46 2309 2355
1815 46 2298 2344
1816 46 899 945
1817 46 2055 2101
1818 46 137 183
1819 46 162 208
1820 46 998 1044
1821 46 1313 1359
1822 46 930 976
1823 46 2340 2386
1824 46 152 198
1825 46 726 772
1826 46 2458 2504
1827 46 1407 1453
1828 46 523 569
1829 46 2388 2434
1830 46 669 715
1831 46 1553 1599
1832 46 1364 1410
1833 46 1155 1201
1834 46 217 263
1835 46 1997 2043
1836 46 1866 1912
1837 46 1069 1115
1838 46 762 808
1839 46 2031 2077
1840 47 1100 1147
1841 47 1504 1551
1842 47 91 138
1843 47 860 907
1844 47 977 1024
1845 47 2087 2134
1846 47 725 772
1847 47 1407 1454
1848 47 315 362
1849 47 956 1003
1850 47 101 148
1851 47 332 379
1852 47 173 220
1853 47 617 664
1854 47 1869 1916
1855 47 1191 1238
1856 47 1441 1488
1857 47 745 792
1858 47 2238 2285
1859 47 2422 2469
1860 47 575 622
1861 47 2007 2054
1862 47 151 198
1863 47 1771 1818
1864 47 792 839
1865 47 1323 1370
1866 47 1043 1090
1867 47 1309 1356
1868 47 226 273
1869 47 512 559
1870 47 1643 1690
1871 47 479 526
1872 47 42 89
1873 47 2176 2223
1874 47 676 723
1875 47 1303 1350
1876 47 855 902
1877 47 773 820
1878 47 267 314
1879 47 791 838
1880 48 2363 2411
1881 48 183 231
1882 48 1963 2011
1883 48 61 109
1884 48 1292 1340
1885 48 1652 1700
1886 48 1149 1197
1887 48 1695 1743
1888 48 2039 2087
1889 48 108 156
1890 48 1775 1823
1891 48 1536 1584
1892 48 2073 2121
1893 48 224 272
1894 48 1186 1234
1895 48 784 832
1896 48 523 571
1897 48 524 572
1898 48 1546 1594
1899 48 2037 2085
1900 48 308 356
1901 48 2114 2162
1902 48 1786 1834
1903 48 1889 1937
1904 48 1845 1893
1905 48 578 626
1906 48 1773 1821
1907 48 2156 2204
1908 48 993 1041
1909 48 830 878
1910 48 1124 1172
1911 48 322 370
1912 48 1501 1549
1913 48 269 317
1914 48 1897 1945
1915 48 762 810
1916 48 2128 2176
1917 48 2115 2163
1918 48 515 563
1919 48 414 462
1920 49 1491 1540
1921 49 1523 1572
1922 49 1295 1344
1923 49 2129 2178
1924 49 729 778
1925 49 1210 1259
1926 49 1080 1129
1927 49 1054 1103
1928 49 1031 1080
1929 49 2388 2437
1930 49 1209 1258
1931 49 83 132
1932 49 2332 2381
1933 49 345 394
1934 49 2073 2122
1935 49 864 913
1936 49 2360 2409
1937 49 946 995
1938 49 1769 1818
1939 49 1013 1062
1940 49 585 634
1941 49 2379 2428
1942 49 1075 1124
1943 49 1722 1771
1944 49 730 779
1945 49 267 316
1946 49 1161 1210
1947 49 532 581
1948 49 717 766
1949 49 2421 2470
1950 49 610 659
1951 49 485 534
1952 49 1602 1651
1953 49 231 280
1954 49 2412 2461
1955 49 846 895
1956 49 347 396
1957 49 865 914
1958 49 50 99
1959 49 1538 1587
1960 50 1343 1393
1961 50 632 682
1962 50 1057 1107
1963 50 2170 2220
1964 50 1504 1554
1965 50 2305 2355
1966 50 485 535
1967 50 1064 1114
1968 50 198 248
1969 50 623 673
1970 50 1294 1344
1971 50 290 340
1972 50 1943 1993
1973 50 199 249
1974 50 2369 2419
1975 50 2197 2247
1976 50 1065 1115
1977 50 382 432
1978 50 1965 2015
1979 50 1740 1790
1980 50 723 773
1981 50 743 793
1982 50 986 1036
1983 50 2340 2390
1984 50 1479 1529
1985 50 1920 1970
1986 50 1570 1620
1987 50 1981 2031
1988 50 482 532
1989 50 2394 2444
1990 50 898 948
1991 50 1722 1772
1992 50 1634 1684
1993 50 1638 1688
1994 50 149 199
1995 50 749 799
1996 50 1742 1792
1997 50 1947 1997
1998 50 2239 2289
1999 50 1979 2029
