0 0.7814062982279139 0.07900966463120584
1 0.6478117932263152 0.09065727450971721
2 0.6119950969015615 0.01431386547505685
3 0.5773188838051792 0.1580236638625931
4 0.8882346393819797 0.12005408631207869
5 0.6196894054214179 0.011562153983029936
6 1.2182758801787779 0.11041013493839953
7 1.3852224638835815 0.08135695099675408
8 0.8864605635277727 0.10653999989192749
9 0.7533398459729069 0.16807498643899965
10 0.8609436171339993 0.08156947409037485
11 0.9748980554401722 0.12453913636434545
12 0.9148468324497471 0.027195864737045296
13 2.9550305713797953 0.2316250642309976
14 1.0859888562332645 0.13353681421447555
15 1.1566354231546596 0.1084981642205923
16 0.32598482545559937 0.1667491954641998
17 2.925493795367151 0.18230667131780826
18 1.1711453386330097 0.06436119452912505
19 0.8314680690863945 0.1014929183389313
20 4.083185157486434 0.2135173799409101
21 1.1123630521280579 0.1904207298191323
22 0.7060519816041119 0.14235137757067443
23 5.658997275955856 0.2983848241503193
24 0.3358691028665224 0.04913503699531019
25 0.3680406794284909 0.056423278010695584
26 1.1637845734674617 0.08712027243621895
27 0.7330770777718916 0.12449601664620087
28 0.3183670015002839 0.09801561437753924
29 0.294193019194182 0.11321800114939284
30 1.0895622422538243 0.10712153892465956
31 1.3826919402099969 0.16254678360995178
32 0.8099872076306563 0.033868758778830756
33 0.4747202115754308 0.14871264190942163
34 1.2975466368415831 0.10121549325853396
35 1.0455993446893672 0.060346148697911405
36 3.762342601424334 0.23147588442844322
37 0.36272182085626237 0.026220000373607017
38 0.5986759512726356 0.14224533729516425
39 0.5016844829696449 0.2738804095408442
40 1.3078302712829086 0.12940554709404495
41 0.7088704703514194 0.07267500323494855
42 1.4625897620893349 0.14264976253390135
43 0.5590855518544817 0.08369438092459833
44 1.1920505719171097 0.18090959711562127
45 0.2941044537630174 0.041030248030685695
46 1.1813941961083758 0.1832848526141691
47 0.6150137003797245 0.00795723121058728
48 1.4925481547254802 0.12341592262626229
49 0.24341105788921236 0.16947368327893872
50 1.0537929639692938 0.1990277145486228
51 0.5703402523122459 0.1054617403836136
52 0.8449427203246516 0.1453674405602295
53 0.34667399457093284 0.2347871206260775
54 1.912765971842499 0.09922216852988382
55 0.7680433404506117 0.026960260667966092
56 0.5608826107056136 0.03071743579758807
57 0.4075761347106582 0.10285885062800124
58 4.023759687562761 0.23272783358164612
59 0.8764298547342291 0.11283813537662925
60 1.0332862785192292 0.0814506817702322
61 0.8468091245495404 0.04180936841366214
62 1.4697773598390775 0.21672068863960514
63 1.9426927886929954 0.3550580164727969
64 1.663411639387822 0.1734800630085711
65 1.1642106141501398 0.12751366867270927
66 0.33545248430581276 0.11093034096475557
67 0.5021533977275816 0.06451657515643693
68 0.5360234094141524 0.039333848897331804
69 1.3252925398312536 0.15960343741699656
70 1.9543585108235448 0.08743158164207941
71 0.3322776785774316 0.15128381149011402
72 1.0076771525047048 0.16311402148561543
73 0.44785671125649384 0.025501837592016175
74 2.441744699741049 0.18394471787916675
75 1.0329562834894868 0.13923937696881664
76 0.6908084667264671 0.06225902600741687
77 1.097271358467051 0.21289723853088563
78 0.8522037471697699 0.10171089679435279
79 0.8619419963280215 0.1683351579737234
80 0.7596850239370944 0.06200152933500616
81 0.9325151227406847 0.11838022089936215
82 1.312309823556765 0.23735972560642266
83 0.7477313024341721 0.0868731943773134
84 0.7510893483322142 0.044709845525322735
85 1.1885741178354259 0.0964725549949116
86 2.661428903875047 0.15865381282015933
87 0.3492978607390966 0.05526961794552177
88 0.6859824403443823 0.07017247798574688
89 0.4091479481941 0.07434002520269054
90 0.959287732341508 0.07738636078146381
91 1.470382475705771 0.10087929272018883
92 0.37407337782944944 0.11225589959727977
93 1.5231557751174845 0.20689123064733905
94 0.9318692767092449 0.10068043678237461
95 0.5737137533170459 0.0837314485963041
96 0.6257416658500128 0.18077957025613287
97 1.0322969868663132 0.08219905827669018
98 0.4683069872783115 0.12120233391648187
99 1.4135800827858012 0.23255668801342907
100 0.5680102421699968 0.08292963365662125
101 1.6220784871837377 0.25839532370737994
102 0.5475500783519922 0.11526234985770487
103 0.7805970557898968 0.21115335192439988
104 0.3865612121007401 0.018945961460759136
105 0.3893191660798235 0.18549060883221974
106 1.2595466661066625 0.08419365807164707
107 0.45396497589848467 0.09189555539715223
108 1.1133082800938343 0.08219260085296308
109 1.6428949603597898 0.1764317847148278
110 0.6420188680754568 0.10136742870671027
111 0.17717769694954302 0.06216611280427287
112 2.0465696186295603 0.15226620956678422
113 0.2676346485115463 0.2132608711326763
114 0.8380414010927916 0.0881981369206301
115 1.4401802252104705 0.10210563491394639
116 1.081339547256987 0.0906582278234462
117 0.578872720063808 0.056304013195290006
118 0.42522946685503415 0.0538677961694752
119 0.702763295984856 0.11723171904435364
120 1.1599003694758434 0.08680363146703335
121 1.5927631739781156 0.09190684580484282
122 0.7134749638085243 0.055033789916759786
123 1.0458495651576216 0.11503658269106554
124 0.5049313331242067 0.09987060457113411
125 1.1076330673146295 0.05048104638580802
126 0.37811858503895146 0.08040119007864371
127 1.0271420365318757 0.1104608148063331
128 0.25022136496466935 0.0535981553403112
129 1.0647381275334982 0.20716942821839796
130 0.46774238046013017 0.09924671858219408
131 1.3742038961109126 0.18790484399110918
132 0.5868528008769389 0.011219968301410163
133 0.888257688935354 0.02033334192419617
134 0.7751409949342459 0.05617199123596566
135 0.8465381800599292 0.07213100961788073
136 0.5786573588912086 0.010014043502372156
137 0.4171220582032453 0.03464504405984974
138 0.7320772936031883 0.08434052610894081
139 1.5181317485612449 0.13364748027317672
140 0.34877984038786375 0.09397629806028882
141 0.80288059426725 0.03298709294865282
142 0.43367175590115864 0.0765157879557839
143 0.4418965332801218 0.05770727101659602
144 1.3142888920920353 0.04732255270825731
145 0.848509948138853 0.21236259313705377
146 0.4471057726231168 0.06926770837490867
147 0.5132442710480323 0.07712294111186938
148 0.3720376334181573 0.04961379380461344
149 0.5171339938236023 0.08979097862975935
150 0.6831543732344675 0.17845100675463485
151 0.9964722766785201 0.13963682334901106
152 0.3595829344507856 0.06379522231710893
153 0.7783290995710637 0.12326587775495744
154 0.49618763955464573 0.012486316999481705
155 0.3790265280292985 0.028711649743704326
156 0.6016694487425583 0.17037485126298466
157 0.3901556932824166 0.04892032609997999
158 0.8017303202946161 0.13980634390745514
159 0.7076061640911132 0.10144095047377982
160 1.2346906266617013 0.19789689746889544
161 0.547382144314434 0.07932569440735725
162 0.9954517246100342 0.02412341418382787
163 0.5642914387541564 0.0537182500353565
164 0.7583297047858786 0.14009355640212226
165 0.9571706428082251 0.018796820163676623
166 0.8334709176763716 0.12200298563017699
167 0.5711474121951845 0.05684783554287833
168 0.2974983173415353 0.1526617382072503
169 2.5865250691746526 0.22058581491786206
170 5.295559190630547 0.3406967509148995
171 0.41452671594794066 0.02904513323832379
172 0.3191095313635265 0.07052886507828905
173 1.2472724824790555 0.14976719933148983
174 0.49970842286035383 0.009276815145481334
175 1.4401480402829592 0.23115816907057427
176 2.6286903800261165 0.13064968410734187
177 0.43535501408532035 0.029831277715681465
178 0.9451340637854158 0.18930007305000535
179 0.855705137330458 0.03832345432456566
180 0.5197852246890233 0.11948797500605636
181 0.22572978927118192 0.07291108248445188
182 0.5223331578627759 0.05844445686049338
183 0.4542593673458919 0.07487692783296093
184 0.5622755343515299 0.16897678016847945
185 0.2976200872695678 0.11234023091820369
186 0.39233025865885673 0.031919546372851694
187 0.9407774285205435 0.16443108570164147
188 1.0395345361690507 0.10687270891203568
189 1.638687769900586 0.22410561624537823
190 1.1140197840458297 0.1533916328108335
191 0.2585394820968606 0.061056049981266056
192 0.5673987427091205 0.03152603924256045
193 0.7662994197347412 0.03645975152817043
194 0.7119279946047262 0.03418766292004744
195 0.24428515507541032 0.07632530478954418
196 0.5172587778605111 0.08543249553966475
197 1.2654143983896182 0.13918867124391393
198 0.9838060694952263 0.08664433988806299
199 0.7124024907349724 0.11503514959219449
200 0.9702567352960263 0.01469930503318526
201 0.4296130946915415 0.04902662310447715
202 0.6889427809349276 0.14963277643368766
203 0.974027967699616 0.04823622252354438
204 1.0691625288348012 0.09039624095273478
205 0.9778074442547439 0.1453739609327024
206 0.6842694417795312 0.07449480832156255
207 0.7916984232344595 0.05753710896813108
208 0.48708584592246856 0.09247094105524366
209 0.7063161534617373 0.07987959504002325
210 0.5326366885636025 0.01892638634376024
211 0.6121033608810682 0.03275452928316974
212 0.4583546766421046 0.0071589962066160515
213 0.7949888550686687 0.05374144629211249
214 0.638628276224148 0.08528743403213827
215 1.2169596351888303 0.12775251529534834
216 0.6865154242451146 0.10666454094467812
217 1.0333109285385893 0.2006752712965178
218 0.2925084184171694 0.0524534003591892
219 0.6848779319269821 0.07254861718851595
220 1.0854410670236485 0.12773541562196108
221 1.0013125558837175 0.031897844992475416
222 0.5777679639828853 0.05728548844451397
223 1.070915566168788 0.17048151719152463
224 5.411649128177617 0.2900208472854394
225 0.4466238351170872 0.04290304698462557
226 0.5401951377808366 0.1123836096572564
227 0.576421852853837 0.16337356557434307
228 1.2999773526940357 0.2163766766586272
229 0.570686781342778 0.05941153809203918
230 0.26438963343693955 0.05972175365834635
231 0.6009100852967889 0.0789789549390188
232 0.47905976222118185 0.020071022794492355
233 1.8187174314500523 0.11290117421360485
234 1.0759765825634913 0.08598001150558039
235 0.6267756403880841 0.03680483985952887
236 0.4560456090076189 0.09871032160049999
237 0.7559556562335927 0.0888348268424604
238 0.5976156649915157 0.08203016572505498
239 0.8232521627553828 0.10888603936808604
240 0.4394689177533924 0.03366220030830111
241 0.5571294101981091 0.06050170125913392
242 0.7206495334667393 0.05133117131277496
243 0.5871037130661585 0.014760866466216695
244 0.3648669846690742 0.036167307694975795
245 0.6892028512492745 0.08284983326754555
246 4.022576212101434 0.22305886073594905
247 1.6984610742508086 0.1463303458171508
248 0.6002752695739403 0.03829797621417074
249 0.41192351820728174 0.09533262816237635
250 0.5578204934178066 0.09902335492593467
251 0.9000560092286021 0.061966751748162824
252 0.6682780570202904 0.051671076761703176
253 0.8274211099756215 0.11082048008662876
254 0.45421668661900133 0.026749789126733578
255 0.3518995450869979 0.05554126092921302
256 1.5219231798570954 0.11151615627176324
257 1.1183276446643993 0.09668180024212047
258 0.9471728013845944 0.1165776933899999
259 1.2241905829781599 0.14077648055232758
260 0.49331807684012324 0.1751498466670669
261 1.2154242212585775 0.1774439997060478
262 0.5776725721685265 0.10747720421549581
263 0.5863646355981713 0.12408794369391656
264 0.7201098038455731 0.02781470549946539
265 0.49973174335559306 0.033757381585933395
266 0.9990953631931662 0.10302456710609784
267 1.123442919840247 0.07514559487265575
268 0.9789731707356909 0.08870540889213718
269 0.6255752515823098 0.021087543448443824
270 0.2648535945443197 0.0667394913787185
271 0.42264489859863097 0.011538857753938692
272 0.8126837513738121 0.14851709478257835
273 1.1148022403660092 0.19015270446012145
274 0.7079156483975986 0.07485862999365675
275 1.3616745899402878 0.08150035928236082
276 1.4294306792685272 0.10404298476010698
277 0.11872644813588605 0.048348279741807054
278 0.42965759875012455 0.05299247660915859
279 0.6851196900804948 0.1918080996630061
280 0.5567437414022968 0.07696103365620915
281 0.6828897610071263 0.06742596640534676
282 0.404490011805353 0.013783401438188056
283 0.8202230874436777 0.010394126962738948
284 0.5718316756260511 0.022120685599560687
285 0.7653126014367657 0.07183350280805612
286 0.7538491904818414 0.089615992721221
287 1.4456912530528885 0.12148692591062075
288 0.4875850040074251 0.019246802510737997
289 0.775235310557595 0.05770499656245658
290 2.9338879515672445 0.15975650273767814
291 0.6660833351094644 0.1113525814699559
292 0.7885828302188783 0.04965157480496725
293 0.6718749564405302 0.014454682053668497
294 0.3604379161966255 0.028519288662560874
295 0.645208505392652 0.06635262021492178
296 0.6817891228383673 0.09762345597615467
297 0.7516953694230105 0.10567308896218322
298 0.2711296359030937 0.060731084324383525
299 0.47931546952141596 0.016293312566553426
300 0.49329932931442033 0.02494863454274308
301 0.8785672437496952 0.1731502339559731
302 0.5658041354070869 0.07165611433064571
303 1.0219635277785881 0.11511246232080617
304 0.8188098253249149 0.06754933953381925
305 0.40188871103820306 0.016120409896111746
306 1.157655564943129 0.17141688798285037
307 0.5537553144591306 0.06309652301682558
308 0.32237382496814776 0.16967709719149535
309 0.5955138265085976 0.042897964209891046
310 0.19509714674922407 0.04545448727629326
311 0.4003993690984688 0.06030086037916018
312 0.6191097524869168 0.06310758748773411
313 1.508186182413271 0.13849032998265787
314 0.8599730385194901 0.14148291987188386
315 0.8693993361638801 0.1343283107046076
316 0.539168568896315 0.055764681610151544
317 0.3087751435089757 0.07609985744278804
318 1.1812598130795444 0.06356150336053643
319 0.7424288833613328 0.03976206650397487
320 0.42956273909418335 0.05146607118436155
321 0.7861084885454453 0.10684804302460912
322 0.5591632171303459 0.14006345857505134
323 0.3354556406185409 0.05861533533600663
324 1.8101890531937703 0.1058894955889018
325 0.8318204342915465 0.07071262013655794
326 0.5590567767572902 0.036859950200595765
327 0.6631078212371451 0.05863447790123438
328 1.0923695445096027 0.03479069899347354
329 0.7202145910527786 0.13403454131485354
330 0.5130205277583891 0.07191071612898564
331 1.8135026740491724 0.20177198016196904
332 0.3572961413245544 0.06750256303921144
333 0.889721166817472 0.04483887481608604
334 0.43688097567093565 0.1183819792236248
335 1.0063735915980405 0.01888111677439676
336 0.6465882928993695 0.059900753937001776
337 0.7094062854812754 0.09023841846778408
338 0.6190294150908411 0.016372980832510032
339 1.737966073585464 0.14898588980605243
340 1.015449015285518 0.06931305990390314
341 0.6228897027308624 0.1917497399040855
342 0.6947401958794089 0.042224016438035104
343 0.9284413771006842 0.07837182540857925
344 1.7958031067259164 0.1554322818721687
345 0.979300549438814 0.04919598462710408
346 0.7462689607916487 0.03611232635210116
347 0.4029961217239497 0.07244451115513321
348 1.3620601742731215 0.16148070691954006
349 0.4151501668161474 0.044520014215621274
350 0.6037952640502843 0.049089171944360424
351 1.0447003871448446 0.1061521617376556
352 0.5167918037797508 0.07292553553193995
353 0.7067543009592381 0.01709745079916823
354 0.7331017717246016 0.027437350907846415
355 0.8493172388288831 0.06977068191169536
356 0.74243395852655 0.1003381493347166
357 0.9517267030418775 0.012095782978721934
358 0.34775662826624154 0.03785848918684029
359 0.8784926937050576 0.06912731699047298
360 0.38804325038778653 0.06357202406650625
361 0.25917214788146525 0.026575812366708047
362 0.48266798911910963 0.018319952548443666
363 1.0046756207266583 0.21495083104020965
364 0.35850406186752254 0.04224813787097088
365 0.9035959843518578 0.11957065724146523
366 0.8564612883974145 0.07752965428496152
367 0.529381607868622 0.015426115489908644
368 0.21242589761076228 0.03336218547483384
369 0.43332558059361775 0.05675914078378038
370 0.6547551334877094 0.08335353736715963
371 0.3413702077657527 0.06922891916934135
372 0.5620015329248429 0.012515684205361146
373 1.697817175498792 0.2438469845442055
374 0.6134259521182751 0.09579583858617682
375 0.7663047817337953 0.0654461476126673
376 1.1894601473144317 0.11737123731007729
377 0.591301989678887 0.07292003255772418
378 0.7937700545300352 0.007021304946941756
379 0.8247824426216639 0.14446211838824596
380 0.9535290343648608 0.12113460405388018
381 0.268843893728927 0.01841459550030898
382 0.9491418235393474 0.02047552953190029
383 0.8750239450652806 0.12203101271313685
384 0.6066604766515052 0.10420112183616607
385 0.6097615727020783 0.019340531541243912
386 1.0944972860869282 0.09291902086518684
387 1.3931934283692484 0.06548040128194321
388 0.9827985691730362 0.07840730650683841
389 0.5909833712540618 0.12246508940773408
390 0.7082920265623702 0.08001450427802695
391 0.42398089569413133 0.08457085106763187
392 0.7130049668213734 0.038310888404833404
393 0.8559227691085783 0.12625001030321423
394 0.666293998191715 0.041023469880857776
395 0.6256084547706823 0.03644526684462533
396 0.6338624662877425 0.06954317561675649
397 0.8045460329558122 0.0762832239388379
398 1.8716996292152022 0.13886725061743047
399 0.19544082054516615 0.06845543213716154
400 0.40629112641052745 0.1316054601595319
401 1.056812968265243 0.12363198435430957
402 0.5819676834187001 0.05978416262987418
403 3.0363010675862254 0.1888619806153614
404 0.6315680014777533 0.10413524810448138
405 1.652665819114606 0.16882495939362396
406 0.2740026914464237 0.04755515917478911
407 1.0035064828376694 0.09686647069201382
408 1.22283150441139 0.0700928376656226
409 0.7559386625895608 0.07941709013113174
410 0.692075722609971 0.017575141317699217
411 1.4045014854505362 0.08734897162415975
412 0.582418065830029 0.05054173121016002
413 0.8303265518620212 0.01450727710053924
414 0.6335869649857897 0.03825889284689334
415 0.49854449745307916 0.00754267445623279
416 0.6188373759469923 0.028056447737049177
417 0.486013462024198 0.0990382553890451
418 0.5809719530172529 0.06028994812505122
419 0.5326513497652149 0.10469430366036098
420 0.4043245586089745 0.020457792808722643
421 0.25941343055871 0.05019295486205068
422 0.502453462421732 0.05514491749067575
423 0.17526300192216293 0.018489140216828157
424 0.4221661933969315 0.013467214481087694
425 0.1739579170686286 0.012689780672517076
426 1.0440273034887473 0.1563744344976223
427 0.6717236774787873 0.07666235118411407
428 0.607336389472731 0.038599628159499716
429 1.0250393832916591 0.07469776038476256
430 0.648444127037903 0.03545721222223363
431 0.32406351664520583 0.06075185847424414
432 0.8081671473426353 0.05096297278774893
433 0.705726860152207 0.03593357056061546
434 0.5984620745971191 0.06298948392222414
435 0.4472777198797487 0.010399314248801242
436 0.6217871531824005 0.050563267503728984
437 1.1270648619532326 0.1424865988062376
438 0.8002677781678795 0.08401384327050794
439 1.054909809762607 0.09111119200874111
440 0.660305585145035 0.0213076852010549
441 0.4394248563057872 0.09853071692222945
442 0.6810416470652583 0.0481591857663911
443 0.6523711228121257 0.04411529080896963
444 0.8312231994522608 0.031415175828614604
445 0.4801115434687551 0.054254179744350144
446 0.47831010528954826 0.11731030792234265
447 0.8124883121135992 0.025164843931335584
448 0.6043371592908008 0.03739348394078833
449 0.6303525365939299 0.021713836221494517
450 0.9004454885342646 0.08273806339666376
451 1.0431366766264492 0.02775908192721321
452 0.9564311381371781 0.07095216265875863
453 0.9826781627806607 0.038364420513690184
454 0.7656028524935237 0.009366299788328534
455 0.7957906602120816 0.029274922257453213
456 2.020621924944256 0.22667247857920617
457 0.9785141546286339 0.04512486693293436
458 0.35504990992728025 0.049418745801122294
459 0.5171427984271536 0.06990043323257694
460 0.4759027755713518 0.04908065809913485
461 0.446748373957064 0.1736873476077915
462 1.2216884193623012 0.1386361229423542
463 0.6127823785238732 0.013963881693547222
464 0.6632842922492476 0.1371473069267148
465 0.7791753120226704 0.037551941933532354
466 0.5959745686183154 0.12006790814177538
467 0.43479125425902304 0.0618178193952759
468 0.7402496006993431 0.09349654292029129
469 0.47244467553283154 0.044165585887595296
470 1.0213269972298433 0.023806806212623977
471 0.678103675190487 0.00803861546565346
472 0.8729598951091555 0.0796383257736429
473 0.7250907323400143 0.007522857777029258
474 0.5038311922693711 0.05222776699564764
475 0.6976334065728738 0.06435928173955335
476 1.0581432621222837 0.1000053600444342
477 0.8650429673821698 0.014931890137781458
478 0.9817055106158646 0.01255823403231228
479 0.7917164923250608 0.03491591323831851
480 0.9497256585512552 0.07989129799676817
481 0.25587139428076805 0.03632001406116453
482 1.0697035045497068 0.09987801126736097
483 1.391627996965735 0.10505936456732115
484 1.947442872364777 0.17619619219516713
485 0.33839380867014607 0.05212756369137635
486 0.12121536054410952 0.016485220766661937
487 0.47763568886256963 0.024264433434633834
488 0.921754942409841 0.06577004046057693
489 0.6480883675948257 0.1085540728461198
490 1.2892708926473548 0.08896170333763165
491 1.0101595183879872 0.015004104030624438
492 0.3216164771872512 0.06872689072057522
493 0.7608710361181604 0.1021648720486809
494 0.8503023633082671 0.06108912768069665
495 1.3296778583959945 0.1666809666547074
496 0.8741072706472668 0.02030677172849024
497 0.7413830374428022 0.09474491773791854
498 0.3105789274471536 0.036283703753722855
499 1.6396902879355923 0.23365412984106607
500 0.5461018347657497 0.09577129238818441
501 0.7162415716845054 0.07322172823964362
502 0.6107562551860796 0.056396827532450816
503 0.3869890707778717 0.014845389853061677
504 0.3166646058842797 0.063809262103342
505 0.0886716364643167 0.04217591361103738
506 0.40376573767884993 0.010248472015775587
507 0.5052749290889077 0.07352358770769211
508 0.9839023351274154 0.08363898947457438
509 0.5222503596920551 0.0942150943834297
510 1.3624242961735926 0.17679770214636684
511 0.9626570203409612 0.09722836605614998
512 0.6332858145734136 0.017529058563467564
513 0.4575917134480404 0.022013684198296985
514 0.39282654390582056 0.04321133050416945
515 1.0422775126621502 0.08206472700507232
516 0.7092110198019667 0.0368699001780544
517 0.6749066277139203 0.0710664852105615
518 0.49181227019629864 0.01029960468489427
519 0.6516733456477473 0.06951846955142015
520 0.7065331950453456 0.027610468976485995
521 0.9925448558665094 0.10118950950389398
522 1.787385308032371 0.020271096118139938
523 0.2564852267529779 0.10623109683376356
524 0.48878337742763855 0.03298103154375956
525 0.687893401853031 0.057461456283601275
526 0.12234480073704443 0.012049203628709829
527 0.12839320645119837 0.05198866094018865
528 0.9003910585683732 0.015637389675662534
529 0.6623887666843944 0.04247066945801302
530 0.23555228366817327 0.07649446243552145
531 0.9516938839946109 0.034985606353709425
532 0.8584615152759459 0.03584474243492568
533 0.7504102319017731 0.08530456243622302
534 0.9700277823125796 0.08127460295296282
535 0.4968685768961848 0.07207971908408034
536 0.6417809128129772 0.04042623565565817
537 0.6172611385040192 0.08792394988083026
538 0.5957902612152879 0.059821217444546854
539 0.4541471623743736 0.021560766112748972
540 0.49832922205804286 0.066325194723368
541 0.46765455060692923 0.02106958934413872
542 0.5760044257369271 0.035439496085669576
543 0.9435032281831198 0.016903195966539206
544 0.09452241325620107 0.07285325411371386
545 0.5315275173016925 0.0313159026537008
546 0.18480431845572448 0.08679135540276856
547 1.052071608717648 0.18686576146571787
548 0.8105961688914062 0.06540210415919673
549 0.8321617349804931 0.011163585758951055
550 0.4907260996604741 0.03128164196642126
551 0.24179897095921085 0.15949104380543733
552 0.3814359663411348 0.026652336694290495
553 0.8598673788620328 0.05930413238155287
554 0.7098108809703532 0.021438596375598265
555 0.7386063806351911 0.019836134497834716
556 0.3877727657589902 0.04167817009542846
557 0.7286530792925371 0.07929851605611317
558 0.4031691604066258 0.07109996043542452
559 1.7491774424288218 0.16104793043421847
560 1.0759014083022609 0.01813310530494761
561 0.745743635871406 0.11332162556806895
562 0.568090844781249 0.028937849852017274
563 0.5630268178939304 0.027204377610277712
564 1.0689695916037598 0.07968393248718766
565 0.6397794152799293 0.02302871157551638
566 0.949390778263962 0.004419947351099095
567 0.8968607220413367 0.13270896117522493
568 0.5078356022987087 0.02819824884981914
569 0.8146432231364852 0.18168202184509122
570 0.6669913835851731 0.17351704451946173
571 1.0526704513625305 0.11331398634359072
572 0.6928181351613406 0.07091334247396923
573 4.1042344448856545 0.25578099064943577
574 0.7191779044228469 0.09760886148309234
575 0.4558693106263215 0.017390697354281854
576 0.4399449931500119 0.09867073974036607
577 0.3427568512270928 0.10275143144713306
578 0.42945765054672214 0.08167262447841041
579 0.4539938315888622 0.04564469333395909
580 1.4109727472779832 0.12640582094640596
581 0.5354816209704052 0.030006971158244897
582 0.6635844294919587 0.018591143042535133
583 0.25118947443977113 0.08868995934267705
584 1.0711430027142308 0.0923009474587378
585 0.40094170775219773 0.012415547444411418
586 0.61028119392601 0.07282419297614066
587 0.4956971227194966 0.04627723698892395
588 2.1275581146136777 0.08104874089589979
589 0.22746443853808165 0.015076697296558843
590 1.0677630846573791 0.07119702443427631
591 1.065713251525935 0.041951762281813854
592 1.0610372564287422 0.06906851172184635
593 0.5157953724730738 0.06641573184866208
594 1.100280649922585 0.08481312584488261
595 0.45932351378031827 0.07694229839855994
596 2.228479910417041 0.23210814627849002
597 0.5916683826932235 0.008574047626370635
598 0.9792609472024009 0.09557962930930015
599 0.44468460626235584 0.020330303940999078
600 1.2105750014008643 0.06994770085258069
601 0.4629802856077487 0.047826165480795386
602 1.0906111568425083 0.0719725313039395
603 0.7535184471085822 0.08005288052454979
604 0.7269458642883858 0.018919764014046575
605 0.6760258160453991 0.06307233515877715
606 0.5000460378471551 0.06583976970452643
607 0.4865232165956303 0.05946759700083221
608 0.6316262850394133 0.06374114912301189
609 0.4192223365474408 0.016070737512821915
610 0.4003860472742976 0.08142683656665332
611 0.842710606512371 0.040463682912130365
612 1.933429121757533 0.15388655998455392
613 0.5999767552488715 0.04455924426592518
614 0.5567883710887135 0.036305685822340145
615 1.2198247078755649 0.10531283475362299
616 0.7141609608064088 0.051474530558843413
617 0.7100431694872188 0.0966262365212498
618 1.0782743716447272 0.0958341865881933
619 0.12502361726814432 0.08018622567304734
620 0.35229778789636246 0.013862571375824879
621 0.34402551666209935 0.011692536583313063
622 0.42327944853365307 0.01490024688469921
623 0.6471243613866875 0.056260945066571325
624 0.3205377066436891 0.04992330820598719
625 0.7216156144456777 0.017905767383652047
626 0.7701968883598949 0.028055490623780592
627 0.41933530111112344 0.014675260032066992
628 0.4498588892614968 0.02110438622620352
629 0.7819925881618419 0.10480779255698744
630 0.7024468410883213 0.04666337300775264
631 0.8435844059443622 0.01945830795389112
632 0.05581272351347836 0.06902203366414827
633 0.5545869224803628 0.03738689881934417
634 0.4521287288526917 0.08370106814534657
635 0.726750908037022 0.03847569701428136
636 0.8381447259324332 0.029288037135857183
637 0.7919493224444983 0.018505967998066322
638 0.5349913175992942 0.09511181925169984
639 0.38399284151325935 0.033176215207316666
640 0.9810603498821435 0.20207954039987283
641 0.4847480644706263 0.09297497768700823
642 0.761108627436877 0.09353446060166293
643 0.6118262933888083 0.06580662920624326
644 0.5437482634998716 0.010182239698136402
645 0.6456976437469049 0.04334808901178716
646 0.5797590757597281 0.06766615926786032
647 0.24370489026886982 0.0188958804783053
648 0.6619367784941068 0.023822847082401812
649 0.9295066346140909 0.029410959004541916
650 0.6201795985965919 0.09605773947404359
651 0.537117489941676 0.024211233414175495
652 0.7105365113772514 0.051455269150798504
653 0.24156648683117152 0.062268635994097356
654 0.29890669791720587 0.16668750338581556
655 0.42216558383491987 0.06816653441007516
656 0.7863462241657763 0.020887001489213994
657 0.6252728209102386 0.13421059990322293
658 0.8216982632585029 0.06353548337034497
659 0.6742064779751847 0.03205242687116559
660 0.4908289744512661 0.04038622385147461
661 0.6048096314386132 0.04461543949527891
662 0.47202350158346357 0.015277050824426392
663 0.3916268549957629 0.03283581592057012
664 0.5429967815384256 0.0900599962142981
665 0.6413743295291544 0.06545549063580544
666 0.5105906026802625 0.08060025020681581
667 0.8011310407581104 0.08871677242816536
668 0.52419009054445 0.020141394536122573
669 0.22689314675840971 0.012031876052250846
670 0.6959395124303934 0.11788727901629065
671 1.0473406097122424 0.060175565840689046
672 0.6389676774488772 0.08284321971331313
673 0.4233536538486922 0.02219847982530087
674 0.4810136648107596 0.04427082266644301
675 0.6951681905341737 0.01708253576382931
676 0.5146513884721614 0.02606020988602055
677 0.7558014246285529 0.0391614808374888
678 0.5894719738410537 0.07611517471540627
679 0.5193214470594483 0.01462007614366764
680 0.8490130702647771 0.08878338820502511
681 0.6876498043654056 0.009088250688318691
682 0.908830313064368 0.07266481968894324
683 0.43453857613068575 0.1208107176540607
684 0.7117773804897499 0.15744534581254466
685 0.11831980876617867 0.018962301289129523
686 0.3332485669004644 0.03856177144808051
687 0.7880262971203517 0.03755323622549148
688 0.27738637959887746 0.010141171014251067
689 0.30957285588205413 0.046831544198853485
690 0.48626552726483424 0.04573376688871264
691 0.5508597413797474 0.036342413609224966
692 0.7528200095360627 0.035798635601031296
693 0.3913796512616683 0.06441758065260002
694 0.2300204111841248 0.03113006291312267
695 0.5708519571190371 0.01760753715990619
696 0.7896207361418965 0.0455470914472409
697 0.5320631008741632 0.024563483543855503
698 1.1956336102100364 0.031150520032806554
699 0.5994566275301244 0.0349783676268044
700 0.7587991357613139 0.03093998000772893
701 0.6658600076904981 0.02308305803346518
702 0.5891681636885003 0.037303734027697266
703 0.5076183803671486 0.03228813109916193
704 0.4483961804646178 0.13230607759219937
705 0.6613831024174811 0.01866000951357956
706 1.3836019396101187 0.002515695828413944
707 0.4864600860511374 0.08709498863881439
708 0.6610829506996704 0.014422753000519742
709 0.5161657118243886 0.08442568949572084
710 0.9919564419560533 0.013668061482982772
711 0.8867186126105705 0.06359217390258663
712 0.5772881690646178 0.1076876219578352
713 0.6036373419712623 0.03449670650494724
714 1.365897183428406 0.01738784276918665
715 0.7657424586815726 0.023200478262871468
716 0.6438267411658599 0.07022164069193536
717 0.6537806721413241 0.03719906690385385
718 0.7675371698949259 0.04431414458086159
719 0.5466865796225109 0.010321074734822617
720 0.8483231544088132 0.06710512931129453
721 0.6209175667679734 0.07012646784585685
722 0.3207811573323684 0.03464806145912864
723 0.7486513809860176 0.06813337253087803
724 2.0105320790340677 0.08646460168079796
725 0.6893120073323127 0.07891805819867187
726 0.38923980234750444 0.01796319483183136
727 0.6822419056998479 0.09055120895845965
728 0.5748288403265233 0.05576033862588936
729 0.6302068454359228 0.06957467309279819
730 0.7908106925535754 0.013317654894097272
731 0.2240631894723649 0.08802839825995157
732 0.8326731765657924 0.11594048181671686
733 0.3374349915113936 0.03359381370760876
734 0.5642892061160323 0.026777455020503743
735 0.21084521241193147 0.07026883695521155
736 0.4996388213450981 0.038179019091706956
737 0.8098293724257084 0.07534613524823391
738 0.28125651744653046 0.07198322248572864
739 0.676969338973259 0.04118443525861262
740 0.7181212724140515 0.02111077099166227
741 0.6124198481337202 0.061210113087333824
742 1.064287664068054 0.016324174878249213
743 0.586696886916255 0.009553213553026485
744 0.763592960451869 0.040749422067894205
745 0.24072930837098988 0.04052810633790737
746 0.45307090136325795 0.0611084579357707
747 0.9183426481948094 0.07820120608997162
748 0.34581105532681616 0.032360591613320965
749 0.6019929447671659 0.09394007859782331
750 0.6097985417490774 0.07573922747666655
751 0.8035868080981375 0.07738369545980264
752 0.7596338214475682 0.01908541088192828
753 0.49746272288934057 0.042206721722683256
754 0.4510064461714854 0.033712922900796825
755 0.40922091974638264 0.014676857107221079
756 0.7067416800247109 0.033478914983448176
757 0.304480215958719 0.0875985397381621
758 1.0516912016472968 0.06296914153374146
759 0.24503926370994109 0.09869767351093627
760 0.38161311406807974 0.054354571056768435
761 1.438512218521676 0.10927706323500985
762 0.6803805472401785 0.055215712825265995
763 0.4470016882251011 0.04194469953035765
764 0.9268646460513023 0.008056092089746765
765 0.864053985310462 0.16858371605809003
766 0.6649294821421177 0.0670965580786067
767 0.25808852720057696 0.0483843162971162
768 0.8663617971841949 0.04137381013549911
769 1.269298084107796 0.10528675678297746
770 0.3606048657663887 0.11919930652112669
771 0.7892310959938765 0.038578605555219754
772 0.11117095243727819 0.0803033279286796
773 1.0151045863757784 0.04319240634961272
774 0.17275399166867617 0.06518211420068745
775 0.5097394368780167 0.06464005174253018
776 0.8358236743294835 0.023986958337294455
777 0.8512114479549745 0.024058366749210663
778 0.3044490689832191 0.012791386326465233
779 0.5061014832259437 0.050757134805399964
780 0.451299227721236 0.053202049382040414
781 0.697764231707447 0.026270864581432674
782 0.8688483235423368 0.06256407707863858
783 1.17885016071852 0.10318916719413225
784 1.016218023784791 0.09253282896981793
785 0.3846031888014814 0.017835803500210516
786 0.6082594062311827 0.008996933901322826
787 0.6098907425585045 0.040378836912239806
788 1.0386905457043891 0.04488440038665847
789 0.8481768454315125 0.0547618034687476
790 0.5461601981834304 0.03931997294556415
791 0.2821253283248214 0.0661694131100569
792 1.129891640066894 0.05059259624222162
793 0.4729790113865932 0.09329480455994868
794 0.5077169316962108 0.002394575232777236
795 0.3291689302134464 0.06741863334239388
796 0.8729612417543107 0.006299669067133536
797 0.6968298758188435 0.046705173530669546
798 1.03829565237457 0.025756945877728882
799 0.9580153973833544 0.02351072991170143
800 0.8120854726042036 0.03861989920659565
801 0.539751832475177 0.048626493521903694
802 1.0178948671645933 0.05830767636469996
803 0.6026388275166642 0.05012786628139847
804 0.7524787095316812 0.011222660479744047
805 0.6807751285855749 0.021243238068913792
806 0.41839908513002333 0.07536215478433757
807 0.8584704878928763 0.017301189071195128
808 0.9725295034671924 0.16346290839068586
809 0.6083620618574928 0.0316562734978491
810 0.9511180889473033 0.06909113891625993
811 0.6768719426541602 0.08978934492785418
812 0.8448023728708067 0.008070734167009689
813 0.8517659671891661 0.12469676248579102
814 0.48125513165900513 0.0939422830178848
815 0.4802639989567039 0.07508613540724877
816 0.9016138603592424 0.033454665700760056
817 0.5393684840441986 0.060401506261128377
818 1.0934222215941203 0.07997592063738962
819 0.7284061620654654 0.004714367600881068
820 0.8936583781445644 0.010322001097012446
821 0.6808785741980382 0.06368163910820153
822 0.48708746194840274 0.036673825354789066
823 0.9763479693907027 0.023888267808118313
824 0.3486637191931717 0.02231171187536568
825 1.3414927981597229 0.05652040872361343
826 1.1137960571114065 0.09964882547853927
827 0.3809091327210711 0.052588841918198306
828 0.7696852014481257 0.02615304351899486
829 0.7909932159735281 0.05439326105333751
830 0.48391825431749447 0.08477661823127158
831 0.861285991394963 0.06303678682706118
832 1.3748364236608885 0.1222185420330831
833 0.6974260989750356 0.02051216103128022
834 1.2502927120252705 0.12059541129018363
835 0.5013461153079 0.017320059577247342
836 0.15814077632665124 0.03718133441685592
837 0.5587814690401507 0.06444812107895373
838 0.630720433323939 0.05958250232254659
839 0.48092348433126114 0.15131117886379258
840 0.3609764717792581 0.11292664231399964
841 1.0522164003236945 0.10756057130157942
842 0.5110553952542883 0.08051888996151815
843 0.60478916782552 0.027997188565424477
844 0.40077152516480175 0.04688896630238996
845 0.4223254392045974 0.08775898032060409
846 0.8332379540215193 0.019571709030137944
847 0.48947758020678217 0.05268348904696729
848 1.6071288093308407 0.11840899438647247
849 0.8230623902802854 0.02538954788170853
850 0.3145968308677803 0.011892518297086064
851 1.1522172872192407 0.020825597077605847
852 0.5528844223048811 0.0342271656479431
853 0.6325302397513545 0.04424635441819439
854 0.3404037485916155 0.06457424803006705
855 0.5328825482679177 0.09097403967119463
856 1.0360417137813869 0.05814545704387887
857 0.7137544415452989 0.03236457646565571
858 0.9074332795443557 0.01637929081860409
859 0.6996237357956779 0.036613586193361296
860 1.0327437618899706 0.043975251971611985
861 0.5493249717306572 0.06372819947276709
862 0.5630922307525383 0.01635678757284177
863 0.8791109583105571 0.07619768452803734
864 0.6557496998045508 0.06603041358502469
865 1.0469692644233564 0.013349401823512512
866 0.8377984800858811 0.024346189182380195
867 0.803233900877603 0.048825100167504736
868 0.5958150468543115 0.025678419909700937
869 0.40632885664705964 0.0187950610002379
870 0.41247605057128 0.05888210209585354
871 0.7211288701896904 0.0768670217360711
872 0.5522212211670962 0.07724995830236414
873 0.5505174602240959 0.022716668178780212
874 0.5694242235603215 0.03712623519808436
875 0.26512993016806613 0.05838118911305624
876 0.47165902175691904 0.05629879839226339
877 1.098626218460561 0.03721036631932406
878 0.4845827405461705 0.0092352983572509
879 2.458637840963485 0.21679247656975328
880 1.2051414633164597 0.04481315866587766
881 0.5761575627787475 0.03197382400544907
882 0.7341738053901955 0.004213083377585576
883 0.6737390260618067 0.1259302309597257
884 0.7640550779242127 0.0629339070240958
885 0.686584062294682 0.05005289844085583
886 0.597182709309132 0.04837617477461743
887 0.4871099097145659 0.02136958793024387
888 0.5710888034456334 0.025707724206824288
889 0.9371142267028411 0.07998623685243175
890 0.3861490608621336 0.07859908571363988
891 0.4930581589266147 0.06508993251143672
892 0.6331800892807229 0.06571243531815785
893 0.6192497208751798 0.07845471113515909
894 0.5336191594320854 0.0444013726673092
895 0.6168963995970547 0.10607708480592004
896 0.8790461601418534 0.03702163775124719
897 0.5397144910608526 0.02551633842479361
898 0.7145078212829481 0.026298468284099784
899 0.23227670738198244 0.039452378700330096
900 0.6100023470858829 0.08350328912938926
901 1.2736401352003475 0.07714834844168451
902 1.8317749600001965 0.22990431626918018
903 0.41610977036874347 0.015410348921545672
904 0.23136217159207698 0.07196178935286206
905 1.1174625198461783 0.044511831741085514
906 0.31475477222954984 0.04059887507017094
907 0.8536693100280252 0.001788346032344531
908 0.5242533585538782 0.0729160029130876
909 0.5724794027342279 0.06138386131753927
910 0.2046089949746716 0.10353071044100252
911 0.31058107784410427 0.06040943955068543
912 0.850155431353474 0.023780712275913024
913 0.7015352813256938 0.018090114484396104
914 0.3657303896777731 0.015085410777135898
915 0.8445236160874621 0.0146309730785951
916 1.1491717466636304 0.07540565724383957
917 0.7022059805127115 0.022071083501166308
918 0.2676839807224957 0.030803295478954235
919 0.7129310106642386 0.023835335766081895
920 0.6872261631106271 0.073918104550442
921 0.37719522774111963 0.027005687784444107
922 0.5591602837998706 0.019365248143086405
923 0.8246492674029667 0.0876062367510848
924 0.7054203542606898 0.0697362221569273
925 0.46999023466968515 0.05741710490633048
926 0.4647241627790307 0.037223162014799784
927 0.21896482727839695 0.013557734595307926
928 0.4956212944728702 0.08478534327868778
929 0.6306095024051841 0.0636725021234891
930 0.7614849094284044 0.026681384519562486
931 0.8473867609320017 0.010562345409703185
932 0.7191561879188569 0.06459702745855568
933 0.6110424899483355 0.09308038635264833
934 1.6401363781510059 0.12186255082123164
935 0.8112832671817554 0.01136945309976711
936 0.5487502260105145 0.04778654285985641
937 0.5337524800433202 0.14320863752943358
938 0.6625167008317614 0.08510631008553098
939 0.38406727143635794 0.07876691875151773
940 1.0419511127085006 0.1200924573747817
941 0.6724325675514601 0.019030361751468952
942 0.8551784095419752 0.027270687170864824
943 0.7120612621176333 0.07023236292524573
944 1.0098071248914846 0.008073979179399742
945 0.9448689054481759 0.048624883577695094
946 1.0737593432036336 0.058802489477817986
947 0.9404201326597528 0.013127148384064227
948 0.907897452683344 0.023743014335356392
949 0.8655301773310815 0.021618161733874784
950 0.5308746539049376 0.0330262263787097
951 0.519565373349622 0.03129741194733501
952 0.5381304043935025 0.013444678230248346
953 0.13446810167387818 0.08703399279258026
954 0.8382792884730805 0.018815070714573896
955 0.49798407908315345 0.0663549634158016
956 0.3095490801620637 0.016696585969069623
957 0.5031236616989657 0.045101471196578764
958 0.45691321179135136 0.09345870919309117
959 0.4977679545105893 0.02106583131037427
960 0.9275708234700752 0.030381963442876116
961 0.529557027252318 0.03207438695728928
962 0.583220258299799 0.028107073177594383
963 1.4103663947957101 0.022129850153616053
964 0.8647342715028857 0.01791334378930746
965 0.2983654220681307 0.06842110965197588
966 0.709979507962639 0.013102434034802869
967 0.7594289894795091 0.02328143014884364
968 0.746963048411124 0.16618828649346612
969 0.41018535680296364 0.04697259869594318
970 0.33841619331527273 0.06990079560969613
971 0.7802571294324673 0.008329791324682373
972 0.5555482272790263 0.04936556558519057
973 0.5784208888207569 0.1202127322909832
974 0.27196892962217195 0.06299291583376955
975 0.4983210665064699 0.02507070924365772
976 0.27417271282405775 0.03376419525778027
977 0.2624332940159943 0.02485245331155709
978 0.5984774050431717 0.05840899652859191
979 0.6643763970885913 0.003977663052309265
980 0.28576922005880667 0.06885956287480219
981 0.5813065535834725 0.041635736272568696
982 0.9387426389283895 0.013346555141451983
983 1.0774438758776952 0.09387629175023836
984 0.6597545594382818 0.043200816285444414
985 0.8094519193123035 0.009011276415745244
986 0.5526676613310337 0.06445721893915271
987 0.7250962984821133 0.012076764524594028
988 1.0809638870484564 0.014343448147727504
989 0.38963000391674635 0.11687467616200706
990 0.660853379266509 0.021943211441609142
991 0.5281518144698569 0.04156756933414336
992 1.1336376301173943 0.04446864911114003
993 0.7670111347776262 0.07879643742946016
994 1.0471252601585839 0.009980985901524683
995 1.0597528550372406 0.14987495720992458
996 0.5150028057728289 0.08005246959887419
997 0.627654115226632 0.013436160630013296
998 0.46090071580971204 0.08406731129330809
999 0.350374947558535 0.02120171122201816
1000 0.4393401070002682 0.07535069685856566
1001 0.8271971188201197 0.028903805811920733
1002 0.6651357059771319 0.01827480552152261
1003 1.1780208580387874 0.035423141673944177
1004 0.5077965521722164 0.017094237920275333
1005 0.36552504935474317 0.06807719172124106
1006 0.83013182871564 0.03631217519182869
1007 1.1060235155735239 0.024254152484211727
1008 0.9122605637840887 0.060115863465316895
1009 0.9263574162967328 0.031946841884718025
1010 0.6644038474079648 0.07840261402434957
1011 0.767466452527531 0.032406152833172754
1012 0.5932442165996837 0.02450429262444993
1013 1.0476894714204985 0.025014333029890663
1014 1.2792748173082154 0.022859912701749873
1015 0.37463669423417023 0.08621308578551631
1016 0.5559677318428051 0.03081230671426041
1017 0.8881531202452989 0.05246670339350624
1018 0.47660451476910143 0.09442126817131957
1019 0.30567506074790374 0.04438779054111131
1020 0.8071881085641304 0.04109674186060347
1021 1.0959810380109773 0.03790914957904484
1022 0.8031613052386638 0.05386849882031452
1023 0.6074092576132023 0.03830300270537519
1024 0.5670961377900122 0.05883630633096766
1025 0.851139250867698 0.062096306130971175
1026 0.8384013449503029 0.10163159706767978
1027 0.2048047367800506 0.018437936517885244
1028 0.678863889156603 0.015842983992036354
1029 0.6212230329738396 0.0650049640367213
1030 0.7008510683346449 0.026243794432529284
1031 0.537108327471496 0.025349449971442686
1032 0.6583620390689514 0.05875985772729597
1033 0.7467973245819757 0.03099921700701938
1034 1.028349603688558 0.07062169231093646
1035 0.5659031850233015 0.06977220560837218
1036 1.2320133913310756 0.034527081742323947
1037 0.43996646123068206 0.02411638694102787
1038 0.8441023966630317 0.048804807293613854
1039 0.47720922061418924 0.05891788900352225
1040 1.2081205909396835 0.056887778091614695
1041 0.37484168251984523 0.08010984626373628
1042 0.5777933455224138 0.12867889926466028
1043 0.37801787698972655 0.09163565287317164
1044 0.7415064931957377 0.018493641016415017
1045 0.6331439696147455 0.06337167509303876
1046 0.48639722786895095 0.04230750408463401
1047 2.1681139497711293 0.0238353830651895
1048 0.5008834879015582 0.045208336897147136
1049 0.44591771181044965 0.0414707067121213
1050 0.553752141781346 0.03641861139314067
1051 0.24641377461658293 0.04118907488185743
1052 0.5723769042724595 0.037601906138509375
1053 0.8157371263376916 0.14407887197074895
1054 1.0033350988816176 0.06631965691610546
1055 2.0455558011159245 0.11399566703142407
1056 0.7003817595137618 0.01559621477072694
1057 0.6269953722412372 0.056860565524508716
1058 0.8631762110306292 0.012634216439552353
1059 0.2625082174442133 0.10053152603354151
1060 0.45422052679813224 0.05055951357538435
1061 0.6768008521471499 0.06686905861610622
1062 1.3827955259911766 0.10144705458231808
1063 0.41568449205890584 0.07497950681489382
1064 0.5454263847272233 0.06772349470153219
1065 0.67995020693641 0.1005627825910794
1066 0.5355519237786965 0.03273940451544488
1067 0.782830329660122 0.012396550825650306
1068 0.6727574639011424 0.007261309040187621
1069 0.5693627639287105 0.012283746040662721
1070 0.6197587034316012 0.044822280272766094
1071 0.815726067258556 0.08968351173376203
1072 0.3921470696095402 0.01122708572103294
1073 0.7203080534772373 0.07008153894751583
1074 0.45060895869559003 0.04627560440727109
1075 0.511677130341812 0.04455520441238396
1076 0.3223532854891312 0.040066170489813424
1077 0.24202289813622443 0.029640224228044142
1078 0.2576414031679194 0.08464504528989475
1079 0.42812152070012827 0.0868245229863298
1080 0.44005458954100596 0.0310930009527525
1081 0.48171811732644965 0.003867901921249589
1082 1.3718588999296215 0.07142792983292243
1083 0.7890663357972587 0.08261656096879275
1084 0.5317648425345605 0.07175693704162148
1085 0.4926612594014135 0.06794169535705642
1086 1.2264123084355396 0.05440293547945332
1087 0.25664583922009593 0.09806635110473427
1088 0.48287678089143193 0.06018246496766624
1089 0.6544470110525342 0.0068914610885324095
1090 0.6517426883475554 0.019589407256664176
1091 0.5943059324443717 0.08191381844636433
1092 0.6562149679988853 0.012171198067382824
1093 0.6672527557927177 0.045757563070348756
1094 0.9736309096270885 0.055204724896639634
1095 0.4461523607584694 0.018042928413217273
1096 0.5180366940946965 0.09858899739857743
1097 0.6844352614364932 0.04901684081367958
1098 0.517108889229637 0.05544917943411915
1099 0.7933930279109123 0.04833088922580061
1100 0.845236470854026 0.06015110514233743
1101 0.679488762699627 0.04563426426485876
1102 0.6734242286073276 0.060261519099863575
1103 1.215348378289181 0.0722611308062003
1104 0.5459431501675246 0.08211216314140156
1105 1.0992907617153773 0.07756258189730855
1106 0.5127059177163434 0.07845472471795058
1107 0.8289796861830175 0.07786974375467198
1108 1.1285139082415385 0.019824067639942773
1109 0.803925830101906 0.02461004724883979
1110 0.5400283594591608 0.0648703134251466
1111 0.9133632689382496 0.07773773499959107
1112 0.8406462731236807 0.0877917423832953
1113 0.3588665299417565 0.07074022404441357
1114 1.0538458279183185 0.06010020796379308
1115 0.647767950667833 0.05286730472219834
1116 1.0314554089050048 0.05833780190289862
1117 0.5506326360431973 0.09107755580389935
1118 1.7788368440497027 0.05461092593085257
1119 0.7497036753589025 0.06655679415761968
1120 0.4260041118514699 0.11361334392342679
1121 0.8443495844986814 0.08113991676360492
1122 0.7526997683997093 0.014675985574077392
1123 0.39087055476483956 0.07556315612528965
1124 0.6403024181903961 0.05792420048789627
1125 1.2591774034491696 0.038720496321914565
1126 0.2282200266332626 0.12511491740829148
1127 0.37832238220775083 0.07736127584497295
1128 0.35965480971911234 0.07368685604800113
1129 0.3050285064297974 0.012916666561708109
1130 0.8515913024018041 0.01263460417737905
1131 0.40864786977704004 0.09774194277862776
1132 0.6271125915471952 0.06663094637615392
1133 0.7387328125272743 0.05985597099206751
1134 0.7692554604600998 0.026854258339816816
1135 1.2082472359035037 0.044183637656057775
1136 0.726006084606251 0.013545087255043754
1137 0.8659616253970238 0.006264081210832422
1138 0.44467970313239236 0.017190138691901148
1139 0.6547606596024548 0.06889327062697473
1140 0.3883297559013909 0.011548710284179822
1141 0.8024339883895811 0.05052057198775331
1142 0.5639986099099612 0.021118036858845033
1143 0.3386065924573422 0.019730300065928217
1144 0.806784208949653 0.07219612551267698
1145 0.9999984673241712 0.18116696563250617
1146 0.6279416751734106 0.08017533458297312
1147 0.6576702893947088 0.009328395414556725
1148 0.2939648829382483 0.08389320432105184
1149 0.4429053553529284 0.08757239887985874
1150 0.8379359175071777 0.0533550396348946
1151 0.7072124541213783 0.06771189227795427
1152 0.46940938853847175 0.05278072374077543
1153 0.8334105336102531 0.09953299507513294
1154 0.9179191495223075 0.024083265635959174
1155 0.6476973011170221 0.04741649034830287
1156 0.45489930324339495 0.0295806271955294
1157 1.2567584124192763 0.013587028128496614
1158 0.6195401842504974 0.05267361585721888
1159 0.9094256593760038 0.05563921993781091
1160 1.0372030529226475 0.020287880899373167
1161 0.6674939249332115 0.027788521385459244
1162 0.6171321029468201 0.08908835659582681
1163 0.6407044151154697 0.019768859849778234
1164 0.5642683668510489 0.08810891711321117
1165 1.2197532051774984 0.044261207320005685
1166 1.0895947616310102 0.02410583719541949
1167 0.5093296577666387 0.07559617000822824
1168 0.6122107639767045 0.08654136259007306
1169 0.760180420383691 0.07023536537533408
1170 0.828606909126565 0.010855037570363829
1171 0.7546858000463991 0.03567666518254962
1172 1.0244530255207869 0.01723927405870428
1173 0.7281030993908028 0.07650101190758195
1174 0.8367214385129071 0.02279046538110193
1175 0.6805235902342764 0.07351042828628689
1176 0.28618894314952803 0.05400050737165144
1177 0.3320251096872155 0.10345905681570114
1178 0.6965327669691713 0.04390438979593895
1179 0.44642346233562996 0.012525666521460243
1180 0.2571703254815145 0.1076905249004691
1181 0.6698722106518691 0.018760565608784908
1182 0.6555395827688267 0.01664464613530768
1183 0.9934586491053469 0.0665209802273734
1184 0.6393364215505051 0.05506331938392419
1185 1.2483982430183227 0.0887223465382889
1186 1.2286987339309188 0.03106571227705435
1187 0.6710983273597704 0.08169137525053027
1188 0.3891216655803132 0.059996405860344555
1189 0.821928613360236 0.011108162685645954
1190 0.6633005892589511 0.034328201756231524
1191 0.20940990025053277 0.008278252955415387
1192 0.6654945436984372 0.040713465800954106
1193 0.9021804019008101 0.03991059240596811
1194 0.15471676750492416 0.07239553096212353
1195 0.6553054337238156 0.093153387068399
1196 0.3308920157123395 0.024397155911364522
1197 0.5599300809699079 0.011647328445907768
1198 1.4892607873067685 0.10493837695682713
1199 0.29265306405592945 0.1726237536522646
1200 0.5215934657886476 0.07056153335409127
1201 0.7730928868248874 0.04441566868238156
1202 0.7469456024622186 0.0017903739295098955
1203 0.6397058279111683 0.03410705386686393
1204 0.5628678363861088 0.07375981538322093
1205 0.6038874183590351 0.04560657568247564
1206 0.5534734641926097 0.02699365563789736
1207 0.6596125622945247 0.01772267019922993
1208 1.241761061043899 0.09556436036148405
1209 0.4633714539448353 0.03903436232631405
1210 0.9003554323624429 0.11053349742988204
1211 0.7502069392255115 0.01309774833690334
1212 0.6730456313687531 0.056770773312483
1213 0.7065957806501653 0.0938916519741351
1214 0.9648636819190664 0.09445021655284704
1215 0.7130372896057574 0.011851684673854257
1216 0.5215153119606339 0.043238078286801956
1217 0.3394211991714692 0.0536712290044516
1218 0.651792452820694 0.020780231991250068
1219 0.5505173639235544 0.04711208465730613
1220 0.5931606191081131 0.1326859909949753
1221 0.31372898695624063 0.07866865635816941
1222 0.5253874492890451 0.06984050172405915
1223 0.35721907462679897 0.047105530686121236
1224 0.6739655587766935 0.059374324468058605
1225 0.6292683823828369 0.014962054945705535
1226 0.5493989768534071 0.04355725139219353
1227 0.8109351554796317 0.08607448267036781
1228 1.7115566003379503 0.01365363101742442
1229 1.1079718817932356 0.010046181809796401
1230 1.0219934207712424 0.028466962824880458
1231 0.8790185634402385 0.06426644210363325
1232 0.44887204317369034 0.0635178634238416
1233 0.7575580559243614 0.03510568508521873
1234 0.5747530409862108 0.0659457275463225
1235 0.5901776874633381 0.03132371258853861
1236 0.43994268892919075 0.011683513367905574
1237 0.9289040894030892 0.0808019037294899
1238 1.2760701885817187 0.05938403772717619
1239 0.8721228632812912 0.04662238922773911
1240 1.102338411525995 0.0217797233601399
1241 0.782818704580738 0.05818336432362372
1242 0.59931927351405 0.03470958125221503
1243 0.6152001286894369 0.04124946022203393
1244 0.4994543816266115 0.12961327195861633
1245 0.3618867037530597 0.04380286147494853
1246 0.8187625256451954 0.09213896214164029
1247 0.5902006282692543 0.02664677911108092
1248 0.6240882584743684 0.027892881217053418
1249 0.811344743684003 0.056788645845120785
1250 0.5328362827779375 0.06961580895179201
1251 1.1719943872348828 0.08855224377271835
1252 0.8909530398879381 0.024214764347581498
1253 0.3385319192413846 0.11592128012372271
1254 0.4918331473780814 0.016080659160113083
1255 0.4409636601469673 0.020408896662398385
1256 0.6935123713025196 0.09321411435418897
1257 0.4375158853858287 0.09342379363491676
1258 0.9846554976318684 0.029700478876025654
1259 1.7970691337351614 0.20358416023230114
1260 0.8261074367480785 0.05466196780182078
1261 0.7323078417235593 0.06051114130131362
1262 0.648496877846718 0.02721036856780401
1263 0.9688589895791763 0.0963634580741902
1264 0.32677094109609695 0.0243354292210816
1265 0.7867261462335802 0.004998801158795829
1266 0.7497115752264593 0.12571021135905808
1267 0.6533085730558578 0.09071283839974026
1268 1.665389708316124 0.15768960969125267
1269 1.4184378359385938 0.06851931632121884
1270 0.8630491161573214 0.09700327905334868
1271 0.43228984177641055 0.07091864838914824
1272 1.356128803360637 0.07134942938066113
1273 0.8911771657065182 0.05792049041762632
1274 0.16995162580139372 0.06545805836123945
1275 0.5960146310615666 0.014690153358842781
1276 0.23091723723756186 0.05960969265679047
1277 0.9008361327310167 0.014435186842357343
1278 0.542512439897043 0.05056951504463057
1279 0.5330796002420299 0.03394713184003603
1280 1.2776950722330849 0.02991634618185415
1281 0.3115175219582453 0.08273123089126157
1282 0.48435470405105613 0.012319077940049352
1283 0.9300579179905359 0.009630446534369671
1284 0.17867031112990198 0.01868148103541242
1285 0.5411416661211904 0.07417400242003118
1286 0.9748676120184349 0.05481408538443547
1287 0.3403318099725416 0.13304179254857118
1288 0.5928229981415799 0.05597795127996391
1289 0.3046338795635394 0.06113785080919727
1290 1.486479759965207 0.047544635705893755
1291 0.6203674602582766 0.027616401906887793
1292 0.9192865437590507 0.031941323843627974
1293 0.5210508544411211 0.054699491367688716
1294 0.32962831068732906 0.0791679485440485
1295 0.9134034215059921 0.013058771502254563
1296 0.7141541891897994 0.038226657443585284
1297 1.104418459600395 0.026241817460045974
1298 0.5609286114337553 0.011090523902583875
1299 0.7966024590952465 0.024282281685141346
1300 0.36293821463015424 0.041943742153116276
1301 0.404665731218203 0.04630294673763836
1302 0.7012552823904303 0.08485307043445942
1303 0.44027683313962157 0.05721922018011064
1304 0.7467185155916267 0.01541534117850069
1305 0.34996925527790873 0.08489718025090855
1306 0.2233724980035029 0.00795139490215243
1307 0.6932461579521141 0.014666383788390398
1308 0.41145888366465716 0.017954625087054487
1309 0.2571504916806043 0.042510193746464545
1310 0.31014012676291514 0.070291978441713
1311 0.7499454105133885 0.02928661862117364
1312 0.3439695601508496 0.04729859988924479
1313 0.46876964279914346 0.023778154393128872
1314 0.4555747641439548 0.022074301796841497
1315 0.5658041283547796 0.053056302210351396
1316 0.7206276507269662 0.03476192431417412
1317 0.2654352133100081 0.017340510008623675
1318 0.6846869232518589 0.01077879499880051
1319 0.874770661854542 0.024537966966936806
1320 1.311068333276605 0.058208410165451474
1321 0.5358029641354414 0.07209933570342965
1322 0.9229743652951661 0.1361400378813317
1323 1.0231358882586117 0.014017612331335494
1324 0.7816648590448732 0.021856282002628465
1325 0.2615409107097767 0.09564325460828474
1326 0.7142329633816671 0.06760048008897614
1327 0.7151514421579709 0.06416470534372705
1328 0.45176988813365726 0.02241712032665396
1329 0.7246848711182136 0.0527247052344398
1330 0.949793607490481 0.012806214735049825
1331 0.35542355004667375 0.10951452687760296
1332 0.8631331827333361 0.024235984287356953
1333 0.8643335275853834 0.0055920849479193
1334 0.979561890491086 0.14989937341979528
1335 0.9120436157979448 0.10067806863078607
1336 0.8614840179360475 0.12138626979418862
1337 0.4976160556856865 0.012072501519677956
1338 0.5932709202162126 0.028228154018343932
1339 0.0893350629597648 0.057088941213536595
1340 0.5401234858668789 0.06355103778071715
1341 1.729599485573285 0.03400953936761138
1342 0.2730305374476295 0.04516618595656757
1343 0.5965178428107024 0.017316692383375652
1344 1.0914232442181877 0.10385932109698554
1345 0.5796802193927051 0.020180293968278272
1346 0.7189120563980403 0.014535444928969975
1347 0.39312733414866463 0.019793469556180672
1348 1.1553740936669128 0.11363658878241217
1349 0.735344475424262 0.03446164291634173
1350 0.5355379922495013 0.05628078527714578
1351 1.0353274861376702 0.05638175377725863
1352 0.29365247905305086 0.05116931659338193
1353 0.5725013201365178 0.06722584102307382
1354 0.7122259692364957 0.05708946081677794
1355 0.5707241228424247 0.1020550168971284
1356 0.7541588265673065 0.030232556520143627
1357 0.6209248472651709 0.03578678858147967
1358 0.3681950964549457 0.06949314171550157
1359 0.399757890828473 0.04942262686116528
1360 0.41439675086032923 0.07083785133927395
1361 1.0185446021715663 0.025974905823535132
1362 0.7786848476122655 0.04719613877517951
1363 0.23129900564653907 0.01396823188533409
1364 0.9222106575467509 0.012622714352052887
1365 0.3235863782868278 0.015981627134763
1366 0.6470488831892715 0.050405268045698476
1367 0.2868261050023721 0.08951092357133729
1368 0.9165246239864832 0.06655194018939037
1369 0.616719262200948 0.03811046384867259
1370 0.8909779966500565 0.04360945611185861
1371 0.5144103447196738 0.05499837631387896
1372 0.6649156371036886 0.007736713766097852
1373 0.8712431299532586 0.007570849004588173
1374 0.7583652856576443 0.0386286013098118
1375 0.36793808912250875 0.030729631278333114
1376 1.4417424920467 0.09618770806209861
1377 1.4680557702541792 0.03296329227721691
1378 0.692978101867269 0.05547123024515794
1379 1.0569861423150362 0.1278027523246463
1380 0.6535343848848018 0.08022937710683455
1381 0.28675965609162346 0.018038877278619858
1382 0.7226598968458648 0.01628802899001131
1383 0.7524915978052342 0.0425819225650501
1384 0.37837224045537204 0.029492404632208816
1385 0.3232372057089214 0.019591597501616192
1386 0.4022836209574546 0.07573679657347632
1387 0.7072945871820757 0.023948534595263263
1388 0.6527578249520379 0.011650110132650847
1389 0.3621531614835434 0.02116690169608936
1390 0.4073443434407027 0.05389831599286849
1391 0.5151420488704932 0.03166029718329239
1392 0.9716451434284774 0.0907561818408674
1393 0.8492206420591207 0.02879454448974511
1394 0.7547546953151506 0.033909119656039904
1395 0.44584800874886116 0.11600320058248427
1396 0.6437972194131913 0.06484854219718568
1397 1.0347687394394314 0.04822225247003272
1398 0.9135974537932997 0.07183547973415066
1399 1.3131184642793512 0.026902531165219092
1400 0.7773649691675453 0.07831711309002752
1401 0.5569096573741923 0.020672257005920458
1402 0.8977136938791405 0.039265750585478036
1403 0.7300581049421369 0.03624939028607593
1404 1.2087980480035037 0.020810643690516387
1405 0.5061681679238325 0.0403493049535037
1406 0.5116196609142573 0.03587264303987727
1407 0.6898544360106835 0.010660030207104597
1408 0.5421862671098545 0.11444274122232792
1409 0.7436712488225 0.06024666257060589
1410 0.5367875362195381 0.016890218615391518
1411 0.48498922309619136 0.03459794095001017
1412 0.8975719734194882 0.007538630375353268
1413 0.5567800231272905 0.048360241711709
1414 0.7511505907474842 0.01838980024949362
1415 0.8493399318059647 0.029677019290322355
1416 1.9878191296182397 0.15623593995076843
1417 0.9329379191176894 0.007742312689204001
1418 1.0461809826446535 0.08428598833806417
1419 0.4307877103906358 0.06835360116710158
1420 0.7645583013040653 0.07313798231502412
1421 0.708058209540712 0.05218880035262842
1422 0.31864860749828783 0.12823800551003353
1423 0.6827930159224421 0.015528551897460312
1424 0.5827659970403054 0.019379953710599574
1425 0.691029706631801 0.06598203654287343
1426 0.5091337499103187 0.0107654350902781
1427 0.15143302321630558 0.06403181948950598
1428 0.6396369337635753 0.05209545276827953
1429 0.6251646845325616 0.00933169149249627
1430 0.6101763456326866 0.06553451122046819
1431 0.45690464097394096 0.06376519410907991
1432 0.4231971881710771 0.07083243887224028
1433 0.8614584515602313 0.09203603385916374
1434 0.32151242369610744 0.05211794936205451
1435 0.9162152966629794 0.04808892272651886
1436 0.8230184636455804 0.06535033428696772
1437 0.5830741527979069 0.018922867656778374
1438 1.0120385580918472 0.06888931618398307
1439 0.9398737904104887 0.02696163585549531
1440 0.6657875545678501 0.06220223733368276
1441 1.8712702033950934 0.10181729721617747
1442 0.6294460650729329 0.04832003562862269
1443 0.4878434394772275 0.0625338925356141
1444 0.5890504461925459 0.0032471424212270786
1445 0.49027283109025765 0.06742739983241813
1446 0.4430566115941967 0.06719100123383787
1447 0.8016477612053478 0.026234654217204376
1448 0.6584661354025858 0.04172241039193453
1449 0.4058361060817588 0.0190045924657049
1450 0.560410961606944 0.014161072590250444
1451 0.4386670076375281 0.06568013245968231
1452 0.8583630547215351 0.0737152990738533
1453 0.8748519262973804 0.058046128990918495
1454 0.6342878855922681 0.07133379029350595
1455 0.566301777692079 0.08892276998321183
1456 0.45402360545348824 0.04660276783430998
1457 0.6382272608379201 0.03517387416400612
1458 0.12498061632113047 0.06542010846772933
1459 1.4245924505667498 0.07620809407200813
1460 1.08031528568258 0.029182206696059244
1461 0.20027231006239132 0.07073170557322693
1462 0.9044894254128178 0.028205904838438267
1463 0.8624154905412122 0.03194690831715745
1464 0.7016164703797804 0.0250331978069711
1465 0.998666592440184 0.02244011012770755
1466 1.6593271123780666 0.011682697887321904
1467 1.1180339649936022 0.11199871945814412
1468 0.8977560818610623 0.11398596469214213
1469 0.42892837617954516 0.10350220889581281
1470 0.6714823994207463 0.02780415302065755
1471 0.5875475663569976 0.018085268840694762
1472 0.5134780999205573 0.09760093836237269
1473 0.8531140392284042 0.02474191339922646
1474 0.518677681842983 0.08054020658181794
1475 0.5468812137273549 0.062238451567949354
1476 0.9846639069652058 0.025892480317172645
1477 0.2549092342377462 0.048744957991415254
1478 1.4796512213917552 0.015610626421976973
1479 0.9827633897664992 0.05184033374362085
1480 0.7002533864198502 0.08876668352309758
1481 0.7200771313670792 0.07432155714122796
1482 0.22794103766370816 0.052827790284701
1483 0.7013979424828066 0.0336730560697735
1484 0.42411765542984037 0.028661798684753024
1485 0.5748630407206176 0.02758183481100812
1486 0.7340100587405294 0.03397750268671072
1487 0.24808289692777238 0.02076650652823151
1488 0.5879866703853782 0.017476066416014867
1489 0.48525565570142576 0.02566665658985767
1490 0.6575614540985377 0.04603009705909908
1491 1.1291527487515427 0.05938837797276656
1492 0.4515003360858994 0.0660038428187551
1493 0.7642432091510397 0.1376759373166047
1494 0.7557685725822152 0.07338722716940305
1495 0.5446528946976124 0.09090537623647212
1496 0.5743528123379368 0.00883043398481065
1497 0.5627201941473243 0.04751375872282889
1498 1.2379853247424961 0.054800086572760746
1499 0.7235034961388359 0.022036950107788132
1500 0.3972795545946206 0.03450922376274584
1501 0.8456515283617358 0.07454767678664542
1502 0.18173611856936248 0.09401074857898535
1503 1.30491208253155 0.04053013046867679
1504 1.3448987440515032 0.024505332161774494
1505 1.4205624323379369 0.02642913062789961
1506 0.5225103062477418 0.10261221338432824
1507 0.47150644944781384 0.05732546148897405
1508 0.7673792023644961 0.00946855738497378
1509 1.0552108194438239 0.02004116987133692
1510 0.8815130697544384 0.0160523297672188
1511 1.0806588209105594 0.06224276980366392
1512 0.9416914201253583 0.04082699546174452
1513 0.49393312171462944 0.13524513530458124
1514 0.5721054052698779 0.03047951526932652
1515 0.5939306784264596 0.030485151891887944
1516 1.319239805303653 0.08496731501209896
1517 0.27317700268717837 0.08972248990714074
1518 0.48515242222746074 0.07933078041239462
1519 0.24436126785144396 0.05680811696664775
1520 0.5382311725957671 0.02762965453090435
1521 0.38615428185244927 0.08603576295280964
1522 0.9806624393883204 0.019717886652633444
1523 0.672387552837102 0.022928132710520275
1524 0.5558506230529722 0.013228767047160132
1525 0.5511452623606761 0.012252659301708263
1526 0.7354450366691511 0.06927824473653613
1527 0.192833662208272 0.0789440788695537
1528 0.44773935572228396 0.05301375128219653
1529 0.2734092473961425 0.09016226004164701
1530 0.9376134153794241 0.01964773107476095
1531 1.249803320779653 0.017774403194813763
1532 0.8900595690561072 0.04478445580966859
1533 0.42644599919753345 0.014730389971992783
1534 0.28507133954490493 0.046342463196217445
1535 0.7655433014180193 0.036612786473139584
1536 0.6339065077773326 0.055119621585207064
1537 0.8851992817310698 0.05856071191456435
1538 1.6715510184289677 0.05463617951097868
1539 0.9563516472676649 0.07926803545234647
1540 0.9263762837065559 0.011498031302034787
1541 0.9841257634475512 0.019564651401619008
1542 0.8809561821607312 0.0905329030316596
1543 0.8215467615732587 0.023164056775443666
1544 0.40321194091721724 0.045955185543724936
1545 0.5904685673693422 0.03682374806778271
1546 0.6659969518297267 0.05033004331348904
1547 1.2675467533815117 0.10075292212888032
1548 0.780007156166273 0.0607984941124442
1549 1.966130482413803 0.04068185369430845
1550 0.8960765893597341 0.04383504628708633
1551 0.4133769354854086 0.08009201624536667
1552 0.7039598606481662 0.015314558756271199
1553 1.001683673781985 0.04616575224830669
1554 0.43914944278450435 0.07246218718102708
1555 0.5115302509612513 0.027872263232187666
1556 0.39128020700987615 0.049843389179040645
1557 0.6390413943601779 0.02701489922940025
1558 0.3097155371425354 0.04555202060956942
1559 0.40571244116182936 0.0654948056555235
1560 0.3543523559726993 0.015967917228495644
1561 0.543271577770428 0.10270409962267223
1562 0.5705285031850515 0.0030119521639732656
1563 1.1235014158761067 0.13767625072292305
1564 0.4965564274358069 0.1066967275331055
1565 0.6052775027266123 0.06709480048563173
1566 1.50287702550895 0.02183181911257923
1567 1.132845510906513 0.014409437563017581
1568 0.859772874213557 0.03854693522781611
1569 0.7704357429685897 0.06235031443513097
1570 0.1940152992940094 0.030645521163276263
1571 1.0200440485747755 0.04325830712964115
1572 0.9250672017092026 0.013452806350794
1573 1.0372813772226663 0.011191723563240026
1574 0.44386855518737156 0.05547482823208232
1575 0.775769790933174 0.0325373358539749
1576 0.5318600851749661 0.07971885504766384
1577 0.7980226845296977 0.09892261362587376
1578 0.7920592168654111 0.06790845960513738
1579 0.6520167453827794 0.05817408947878264
1580 0.7307889661419701 0.02711467083241744
1581 0.7771698930183457 0.017529379686392718
1582 0.5225500434544138 0.0667162660175125
1583 0.2845360477290822 0.09029493824473277
1584 0.35209226642431024 0.09628777085544843
1585 0.8255529229550167 0.09055473155341658
1586 0.7657536737462151 0.10516432651415525
1587 0.556877558066973 0.010605911917096776
1588 0.6671903934074985 0.018457656173414893
1589 1.0413246000216378 0.07110937064130277
1590 0.5568556447718556 0.06583070921357775
1591 0.6855661968897603 0.03536692400472342
1592 0.25423828596583 0.03439332853085029
1593 1.4642862530397542 0.04604382176202155
1594 0.8321268047847306 0.02478575073498784
1595 0.6188208967980328 0.09261329303355942
1596 0.7990084880473801 0.01785731289285523
1597 0.6357845303299593 0.02187421691399957
1598 0.9546311140613222 0.03872001538646609
1599 0.8666559021527578 0.03599549395131363
1600 0.7411025446576909 0.06351403319644379
1601 0.6881551881342423 0.02784271143742794
1602 0.6660888423365727 0.07623251706393819
1603 1.172823004504772 0.05102616636216235
1604 1.091121408877639 0.05853282096003661
1605 0.6922411997406775 0.05716188865641507
1606 1.3188126032313163 0.0792057992309591
1607 0.554964946811461 0.06177453062264425
1608 0.14375361446167068 0.0815080947894145
1609 0.7575567680041385 0.02026285222686164
1610 0.7487249787294762 0.0675656437660796
1611 0.6433327825672241 0.10269465727571521
1612 0.32067398497904387 0.04941813296674848
1613 0.706194165553253 0.05818602440816895
1614 0.808043968157929 0.08040592343467187
1615 0.7419182128419312 0.030181080117111292
1616 0.651655713314538 0.02268859472559625
1617 1.1446190588776566 0.05502914448983206
1618 1.052066416611783 0.0440508670704917
1619 0.7284359618098795 0.06006625211617319
1620 0.8022704903243579 0.013451459096566453
1621 1.0649309133853773 0.025869597704133527
1622 0.5084710167497536 0.045703381334107
1623 0.7687665026672533 0.07941988201501053
1624 0.6734379093322352 0.019055344848252123
1625 0.44323075117088034 0.11091281839540497
1626 0.8220431712710279 0.07198605983677636
1627 0.9424912877290296 0.1462498661420027
1628 0.84976067308138 0.04562544421695564
1629 0.8615632753128224 0.06069562017913685
1630 0.5987369800539377 0.047786091026401446
1631 0.24290356856909834 0.06054491304647729
1632 0.3228738195292929 0.10165964717862025
1633 0.9877780282041307 0.007448049840206738
1634 0.6792602595056426 0.062440185395496096
1635 0.43378667565264234 0.03077897784639652
1636 2.0939059459896487 0.2132147912122008
1637 0.8382752953299409 0.03018191885115278
1638 0.45547765961515546 0.10564138911355107
1639 1.011197538112925 0.02191916739942722
1640 1.0771224160408444 0.04431765149930485
1641 1.0958035791069813 0.02294980741441477
1642 1.239824995248549 0.019815594051469463
1643 0.35389479028167664 0.054049649413978725
1644 0.9656324209720839 0.07640635926726319
1645 0.4146807791893753 0.03869116833960415
1646 0.7905384079295251 0.05897055260449534
1647 1.4005057428332528 0.10069006140546452
1648 0.7461733056162797 0.010115650965695394
1649 0.8804742338236818 0.028277497649288545
1650 1.039857153975083 0.021860403499259586
1651 0.6760383872723692 0.06906639524140469
1652 0.8631381959386467 0.053448905839684646
1653 0.8157904312072065 0.03485664318272532
1654 0.5221225370572216 0.04994564651116427
1655 0.332072995050636 0.028915044036174474
1656 1.0273678152175716 0.06632344291297201
1657 0.31796064239541105 0.058764214408384814
1658 0.39625050167169357 0.05837394204615929
1659 0.44513306450854984 0.030352442086530047
1660 0.4749935402161144 0.09169007254506677
1661 2.0062567042166988 0.05009186858852261
1662 0.5370229398572922 0.07331562165880921
1663 0.7251160590828614 0.05904494041230151
1664 0.9288024635819834 0.022512867238906113
1665 0.9204172917290857 0.025958363085638085
1666 0.3130534915137436 0.028022493811291065
1667 0.6194224273330454 0.03980821691859961
1668 1.0648014684930351 0.014830101803482923
1669 0.5533547961547095 0.0493217614620257
1670 0.8501599852437801 0.013344959695635266
1671 0.7257202865092426 0.035594628834054697
1672 0.582381698066855 0.10364536924042327
1673 0.3572475344157073 0.014877560998574344
1674 0.3930915379387475 0.0764191029694895
1675 0.4848244629696269 0.08182903418667442
1676 0.985909215363537 0.05449572671623677
1677 0.48355840744594764 0.10680782729992389
1678 1.119028831099671 0.02293321164838554
1679 0.6499677559519358 0.1231568248311178
1680 1.421863532365743 0.14345492097423024
1681 1.1822628043533248 0.003420701979869424
1682 0.7216266228693645 0.00904345244082497
1683 0.7572358103433967 0.09839583462482425
1684 0.861018714470268 0.00848394491660757
1685 0.2022103986777009 0.017939107564922063
1686 0.5671683822007991 0.034135266355652186
1687 0.4018016349519349 0.0625804725908902
1688 0.5938880277572685 0.04088691359867516
1689 0.644622944052279 0.09453634100634292
1690 0.6622436380890204 0.07297677007335363
1691 1.6540607615421485 0.027921192493668662
1692 0.42091389337302115 0.06702062970133464
1693 0.6414777229977652 0.010901067247326812
1694 0.6164027384471391 0.03073961617815288
1695 0.5501172816249866 0.05571947289679017
1696 1.0711517666397892 0.07044137830528716
1697 0.665282193820753 0.06512006471258587
1698 2.0213712812308504 0.01612530728323232
1699 0.37852777115791925 0.0380646218380305
1700 0.5342336283454673 0.08377619332237286
1701 0.46023806488523306 0.03869433678334176
1702 1.3267372691954038 0.05466929280149
1703 0.7751235479488665 0.032123025926218046
1704 0.31261414299644436 0.056270828258036504
1705 0.3199075655471205 0.05153427162213625
1706 0.8205044380564519 0.03371166835871983
1707 0.46553038627970866 0.028044639128232147
1708 0.4726783388550039 0.09283826857067358
1709 0.4366086067779899 0.051763327512228584
1710 0.29378525450024656 0.017630078231432655
1711 0.4399510689362692 0.039998600672837344
1712 0.624854749887538 0.05910087560481981
1713 0.8968635209922836 0.0176418067270335
1714 1.400064012947869 0.04391838058564313
1715 0.13064038208594891 0.05784996588318318
1716 0.5907876733756624 0.045519887138660474
1717 0.7433322579520223 0.07363115186396164
1718 0.6722957621504877 0.03519528835247878
1719 0.7538662033323472 0.028548971056341823
1720 0.625208444357939 0.040775233324675475
1721 0.7160241187958175 0.041017631818521375
1722 0.24800163953760584 0.06913231037360403
1723 0.8510900348874042 0.06783670814526921
1724 0.6566896868138243 0.049510763854628256
1725 1.0687247933332402 0.028961649403452756
1726 0.5338299718118688 0.06674001155190662
1727 0.6570520957496453 0.02237605304650848
1728 0.636271393416797 0.03475252801422954
1729 0.39338753618238714 0.03952706182703694
1730 0.5537865711820814 0.06350911407294976
1731 0.10182390236725616 0.02623032911933014
1732 0.9565114909861894 0.031240286272443143
1733 0.622632310912258 0.05362241712741556
1734 0.18821343130844823 0.10932524964833584
1735 0.4909362137399325 0.03572809010859195
1736 0.6623768347047484 0.012551783357682485
1737 0.30523260959104553 0.06720556806954019
1738 1.1784099526045646 0.012261846907387216
1739 0.369711621253466 0.032756644616344956
1740 0.3754986680888739 0.030089446162112038
1741 0.5167339122470924 0.08428777409613608
1742 1.1841798930070029 0.027123921445231746
1743 1.38211358120392 0.03508228958998248
1744 0.5972151971530184 0.0156612833029195
1745 1.0364260037130415 0.04766784082689715
1746 0.9007796597486584 0.09095240889188644
1747 1.0526451319357497 0.04994030842544515
1748 0.6882188045920353 0.0301091139528098
1749 0.6576423335216985 0.037415760708020836
1750 0.6521280394801653 0.024809042013681372
1751 0.3159812881915494 0.06585705278098536
1752 0.7432512910878735 0.03699454659517761
1753 0.6725269728871084 0.02186068380590708
1754 0.9174711204226709 0.02049738887763894
1755 1.6128628215046332 0.12225475073647647
1756 2.9143805171305597 0.15841812639802272
1757 0.40411519939525226 0.048546445529859865
1758 0.7522169740553901 0.15180250896688446
1759 0.8204904006968982 0.02072109401441469
1760 0.2990452297159415 0.09910163165296075
1761 0.5444140334611539 0.031119115818047483
1762 0.1981025651666606 0.020522001303093514
1763 0.46638255736464224 0.04572161726185963
1764 0.6019548657817925 0.03109779490246389
1765 0.7384781964183614 0.032899610652715634
1766 0.6807049795050807 0.026846178325180946
1767 0.37834313333502895 0.043690331333939375
1768 1.0896577045543863 0.10013166254194529
1769 0.5378233168080951 0.010258070258756321
1770 0.4200666555514362 0.05321654532024307
1771 1.0449533090978638 0.04930793905191326
1772 0.1473151257374616 0.048545622120745834
1773 0.2767100700257802 0.03513033526923657
1774 0.5205556785398299 0.03796947584148314
1775 0.9533773085394104 0.0431791064622931
1776 0.7815884202577151 0.02759670558426772
1777 0.6019400234421282 0.03856678776223381
1778 0.8523302434940239 0.04268912473226183
1779 0.48026846935600703 0.11280185316673066
1780 0.1773861195132242 0.03903378817275474
1781 0.5507977460315373 0.03757035126139149
1782 0.5610893465309911 0.07327877917692784
1783 0.8548581658269572 0.03270768883248563
1784 0.7021854772041582 0.054607959102784445
1785 0.8552334594958746 0.012158884535062314
1786 0.45416479350816064 0.04523911705991347
1787 0.49527139612325877 0.01707321584383985
1788 0.5697336150110454 0.0379450520210856
1789 0.5739834896632856 0.01953640567860304
1790 0.7740554019008689 0.026765896634337486
1791 0.6434789743047494 0.04410078047737163
1792 0.6206860481883449 0.03232623600427281
1793 1.1839015893689424 0.09482868109933361
1794 0.36010581400611974 0.08450521675479283
1795 1.2468494081931218 0.1293980738966881
1796 0.6179567304925533 0.016193516958841463
1797 2.6615692794294064 0.025284643378624187
1798 0.8969231695246932 0.10253223953154177
1799 0.48159217685573 0.17247398828858276
1800 0.7672331094514208 0.017278899948416058
1801 0.7419556196512636 0.04153667199871216
1802 1.1780092554180623 0.02845079360815173
1803 0.8480698644535076 0.04063455143058683
1804 1.0834002541207637 0.05098595406992364
1805 1.299493279294045 0.07211655311784011
1806 0.5878487809688449 0.06675896472622961
1807 0.654633717916057 0.06713733208667974
1808 0.860070462812532 0.018384540439443205
1809 0.5891047780752275 0.09579002315604172
1810 0.5993499996604732 0.0497127972161508
1811 0.4758111402729724 0.12649777275953103
1812 0.3315732396224534 0.06109749133835808
1813 0.6889055563405857 0.04160000987513125
1814 0.7292364665695039 0.09437053807824797
1815 0.3230645730326831 0.058018946641607706
1816 1.5691892592570205 0.1717406754313241
1817 1.314371795619541 0.03499903798343863
1818 0.23417453403576827 0.149249499346835
1819 0.8865423962733587 0.13795893562220662
1820 0.8994566311041949 0.024175678337232484
1821 0.5805984909211326 0.06939241057994339
1822 1.1859326996904183 0.014525305589311676
1823 0.35603051666118884 0.07958968785459837
1824 0.6791467298441997 0.1393505397781692
1825 0.6441290123143277 0.010537198473736178
1826 1.085958652103103 0.08874051322955474
1827 0.9107766918610457 0.06581927347525178
1828 0.637884509343678 0.06021794290099048
1829 0.44324927622746635 0.1372793871974849
1830 1.262551374690377 0.012763053525584298
1831 0.3706730927492364 0.06634869194867178
1832 0.5521203371755197 0.027247593208632157
1833 0.2978739997611245 0.05130653040041133
1834 0.4146485897033382 0.06596929759152416
1835 1.3403761195812351 0.03255258634186424
1836 0.49580588043994156 0.055538445686333496
1837 0.6375993737808835 0.03830927394981963
1838 0.8637818730903635 0.05076086793813547
1839 0.6900042218069958 0.02147496811845949
1840 0.8360414906538577 0.06263666781533797
1841 0.9218151658073231 0.021724953595681388
1842 0.6242602091038711 0.16199879053233587
1843 0.9013933507886184 0.02148194310980879
1844 1.2583893947409024 0.02256827668916206
1845 0.54778029383301 0.025258758465695134
1846 0.5869110234178255 0.008544351494635677
1847 0.35850865083662675 0.0688549516255787
1848 1.3689831571167805 0.06463437869672117
1849 4.566325378252503 0.04877141705391906
1850 1.0950710112150668 0.1251248606065677
1851 0.83945231411937 0.08229249414184563
1852 0.7049875940020139 0.14206525853230056
1853 1.0965353392882873 0.055699807753882905
1854 0.9623581501904408 0.05496567149799872
1855 0.5771436424539336 0.0447156804400183
1856 0.4421109112395529 0.04914931434028701
1857 0.8525459278545585 0.04704844162822863
1858 0.9524962968725917 0.019875176724398022
1859 0.814335104380757 0.08791259575848387
1860 0.3964683817500616 0.03619729895484144
1861 0.8616185342624879 0.009156633384863926
1862 0.4524347580738007 0.14555937501480554
1863 0.7233637807139788 0.01986603394678894
1864 1.1223289995035652 0.03264010117223853
1865 0.5979986805924767 0.047012205305157276
1866 0.8038327388789208 0.04215462928888685
1867 0.8272612853368345 0.10498173335917967
1868 0.5013478425825277 0.08038956451655725
1869 1.165785222327266 0.12190572877699206
1870 0.867942526649198 0.10656079076274977
1871 0.4712754718408303 0.08884896766750952
1872 0.13943513148863987 0.07595328083559276
1873 0.44557072616438004 0.059118248958246994
1874 0.8240280226075399 0.020772501820560937
1875 1.2560175266401565 0.1256476650076712
1876 0.8017110919143906 0.02150624259944202
1877 0.7577050336544323 0.040735718163518675
1878 1.0012746481319494 0.06637880625246786
1879 1.237676188665905 0.04131827356723243
1880 0.6811140189228992 0.07747425431409372
1881 0.15124462098021774 0.11553129605214717
1882 0.4243835750004235 0.02156780388558685
1883 0.510108538838325 0.07743423943968314
1884 0.7889224160605447 0.050753973100694696
1885 0.8779856143523533 0.051699977888800416
1886 0.319640388886581 0.060124117968096996
1887 0.33354783007332234 0.0675082598756056
1888 1.285573811249902 0.034411706371317484
1889 0.4441111938059048 0.1358690767609916
1890 0.47142238543198867 0.04591715082371643
1891 0.5745505385248373 0.025255564021766413
1892 1.0763149948582391 0.024516533160363934
1893 0.6813834966501617 0.06071804134910346
1894 0.5482124272399571 0.04274573085380407
1895 0.7512439323769746 0.01876476290885376
1896 0.7067102883357284 0.04011825458736664
1897 0.8223033794161446 0.030700926559898187
1898 0.6175724516774873 0.03396948193479565
1899 0.3011501061971932 0.04459460290145983
1900 0.397933755988076 0.07237601426217104
1901 1.0675259196836175 0.10263232746482379
1902 0.38332097685964 0.012877444828246935
1903 0.4551181402902584 0.0359909847729999
1904 1.913241181665325 0.13477854244363996
1905 0.25133420037461257 0.04129890876023506
1906 0.5005927030847233 0.03019426771204106
1907 0.5949429959872116 0.025961190957266934
1908 1.5019542400407249 0.048605344672627775
1909 1.1759574290197097 0.09019841022570325
1910 0.6197026072241647 0.04017765595967801
1911 0.4643391611513667 0.0669532897455139
1912 0.7202790558291086 0.02269141889144044
1913 0.5382054596651756 0.09294731685705751
1914 1.1498840858021326 0.03998745363563083
1915 0.7560925016997763 0.04731191682078401
1916 0.8033847481142651 0.023195169600837104
1917 0.9942640838165151 0.12893480593634482
1918 1.0955992636600114 0.06492987936839789
1919 0.5977561396920863 0.028619949301253368
1920 0.5966476046099926 0.06540737503289205
1921 1.046522043475109 0.027748866478853235
1922 0.744064194485334 0.027593616016587996
1923 0.693313459373431 0.03166293054227893
1924 0.6463852384476334 0.014386628841484074
1925 0.4369246038003867 0.023974401913948805
1926 0.4658019688903557 0.05447447150434336
1927 1.1322248434122055 0.08542149974817026
1928 1.1062474963264926 0.07555142665334844
1929 0.7599432558589866 0.14526655427539817
1930 0.6358762066928348 0.011793914459939013
1931 0.7176815452936166 0.08691359532898622
1932 0.31037335273007544 0.07986663337140718
1933 0.603416758555497 0.0644227743665368
1934 1.2235996304503622 0.030820329058458048
1935 0.8971496141512393 0.01764282130742058
1936 0.35350122984527765 0.08681856490498784
1937 1.2229111390476195 0.029742494805970444
1938 0.21007927712192953 0.03580688006140027
1939 0.6346014005020923 0.037822932042406436
1940 0.7397017963384109 0.040649175720512756
1941 0.8646380362680007 0.15238480247508474
1942 0.3825882694933352 0.08842145484004309
1943 0.6691806944801423 0.06111615080820744
1944 0.7524915575754404 0.0149262394472365
1945 0.887109691973278 0.07880526068542097
1946 0.8500416520061884 0.016970144633061308
1947 0.8679655145836175 0.03393621540274041
1948 0.6983024686798315 0.0314977885509012
1949 0.678420487648164 0.07206788701266333
1950 0.7175270236702138 0.07662215605372677
1951 0.5201418630383161 0.08167975412114083
1952 0.8024650466511876 0.024569716763028444
1953 0.6380012689393832 0.08766846524313157
1954 0.8066775803634878 0.1134639112095988
1955 1.5240247892591017 0.030773970835476006
1956 0.7533945179696219 0.09167693802571969
1957 0.9067198256946872 0.017005589129479547
1958 0.48393135663442927 0.08158515210606333
1959 0.7906613223757086 0.02439398717151883
1960 0.5529805920759064 0.04543695553371479
1961 0.737452800939709 0.018442282983421116
1962 1.4356829993368299 0.04774655429342168
1963 0.41248896528724105 0.06435881560752149
1964 0.6441659752507679 0.028172582310807878
1965 0.949069154145838 0.06692453579933279
1966 0.41537547199362534 0.07828230884910428
1967 0.933859383464572 0.06856047956209878
1968 0.8262924936563257 0.0770336313458053
1969 0.8916446418656624 0.020042879618698117
1970 0.6940879312489313 0.057573529289919746
1971 0.7000680113682566 0.09397818054244858
1972 0.87056481130344 0.028742420255651092
1973 0.6365897947449857 0.08246341428972541
1974 0.41576757250925084 0.10851417722248
1975 0.461783869724774 0.08812390678032866
1976 1.025412840932858 0.06005377582741204
1977 0.9384707426479594 0.051826554544425855
1978 0.8331224836405727 0.03099396382415613
1979 0.4121322729037938 0.061335642791956496
1980 0.4833749139044654 0.007979457193557641
1981 0.7072992782138681 0.04831446487246435
1982 2.3886773728190973 0.0227802064665468
1983 0.502934700899476 0.07465480585081427
1984 0.5510543236886167 0.06838531968522638
1985 0.6083396454310882 0.022162671366141407
1986 0.3784082231343588 0.10591055085308819
1987 1.2408083247309902 0.03314245257777153
1988 0.532230993283456 0.09742550807544385
1989 1.070492464697582 0.13322910811779273
1990 1.1923791980786693 0.09197176011276446
1991 0.44857700479121193 0.03934754764249055
1992 0.7695747175628236 0.10568003794650555
1993 1.2625726119700404 0.09564856118834135
1994 0.6299687105719037 0.13907104854949626
1995 0.9381094861845727 0.08836548569884405
1996 0.29805011285822186 0.04760758830047405
1997 1.1719385282239079 0.03922140349836688
1998 0.8322100004994673 0.011796419154862183
1999 0.993403058736962 0.028755251610049447
