0 1 966 967 0.7763687687788842
1 1 1242 1243 0.7206677662976253
2 1 422 423 0.3788501582822008
3 1 1622 1623 0.5673235444172181
4 1 1961 1962 0.19611046041285976
5 1 634 635 0.5481982733748728
6 1 369 370 0.30596799127381025
7 1 272 273 0.2494744463073117
8 1 81 82 0.051819609170336
9 1 1644 1645 0.17073058752330852
10 1 2250 2251 0.562712419526661
11 1 1185 1186 0.9374717098907905
12 1 241 242 0.5840060264437007
13 1 909 910 0.30315427121981114
14 1 2131 2132 0.22267266134381003
15 1 2198 2199 0.4210130956755161
16 1 1475 1476 0.6926888736470874
17 1 1133 1134 0.7620094997228118
18 1 707 708 0.5207240164478316
19 1 434 435 1.0380152637577629
20 1 1072 1073 1.11649477549024
21 1 878 879 0.43227202607956133
22 1 105 106 0.18654380860938755
23 1 1066 1067 0.596731680669968
24 1 1113 1114 0.30334510745402454
25 1 792 793 0.554816526646624
26 1 675 676 0.3831555486766402
27 1 1269 1270 0.6853466864254797
28 1 1186 1187 0.8004056788110575
29 1 1525 1526 0.24545698906958321
30 1 355 356 0.38919157375549235
31 1 2481 2482 0.4849584927247121
32 1 1382 1383 0.3774628454250134
33 1 1588 1589 0.5033430549469677
34 1 2072 2073 0.6339022615893787
35 1 1019 1020 1.6590330841235312
36 1 728 729 0.374827717495104
37 1 1013 1014 1.0045515511169074
38 1 1939 1940 0.293800218415667
39 1 1146 1147 0.7322288404229068
40 2 365 367 0.9530291139145901
41 2 2243 2245 0.6155099544470712
42 2 1229 1231 2.8380749025159306
43 2 29 31 0.24496818715839597
44 2 1195 1197 1.0820974487789496
45 2 2344 2346 0.31234703524618873
46 2 1276 1278 0.9823642005102596
47 2 2082 2084 0.735694939905173
48 2 799 801 1.3329525421881856
49 2 1695 1697 0.48086473948555564
50 2 1735 1737 1.7945783180089663
51 2 2453 2455 0.674556377352285
52 2 1180 1182 1.0307225774466693
53 2 1765 1767 0.9302633092914724
54 2 1848 1850 2.3464445400042377
55 2 660 662 1.912538011720705
56 2 955 957 2.080618943145102
57 2 1249 1251 1.4522750413254029
58 2 1063 1065 1.2072985505065206
59 2 177 179 1.0228352452927687
60 2 332 334 0.435304097457969
61 2 189 191 1.041976330153913
62 2 1895 1897 0.61760652669199
63 2 1148 1150 1.3001315007041325
64 2 2125 2127 0.716869487493905
65 2 2189 2191 0.5634535761691634
66 2 1930 1932 0.6677633588569312
67 2 1404 1406 0.26104860816669356
68 2 594 596 1.188051818550321
69 2 801 803 1.1619489897758437
70 2 272 274 0.2972649558307822
71 2 1690 1692 0.6604458889827162
72 2 830 832 1.8759787663267953
73 2 1806 1808 0.7825567103017355
74 2 1131 1133 1.1324945707413112
75 2 752 754 0.1384524957522653
76 2 1457 1459 1.0033229546885207
77 2 1785 1787 1.3379960116466956
78 2 2411 2413 0.2567511186713899
79 2 1313 1315 0.9723122504951015
80 3 2287 2290 1.037429508111616
81 3 813 816 1.3574813178769567
82 3 1325 1328 1.7395074792327065
83 3 413 416 1.1931622746679174
84 3 252 255 1.798083514586135
85 3 937 940 2.9866128132668934
86 3 1136 1139 1.0657121863722643
87 3 2384 2387 1.0038411758153087
88 3 972 975 2.6121354760884463
89 3 500 503 1.0038971769677234
90 3 1356 1359 0.8101988755090889
91 3 727 730 1.5610260495335866
92 3 1191 1194 2.476951380272259
93 3 1880 1883 1.2089108519137637
94 3 105 108 0.4951246965758008
95 3 175 178 1.4375402888108604
96 3 1462 1465 1.0372545470005654
97 3 338 341 1.317468009649964
98 3 1170 1173 1.0872313671073044
99 3 1339 1342 0.5201113659460779
100 3 74 77 0.8359092589249567
101 3 1322 1325 1.732903622016744
102 3 1183 1186 2.27654066235691
103 3 1317 1320 1.2827306842463209
104 3 626 629 1.9645940830181254
105 3 1681 1684 0.7479038740795733
106 3 318 321 2.1233450202820205
107 3 1201 1204 1.4509596528343596
108 3 784 787 1.7584760096627752
109 3 1819 1822 1.179906345681003
110 3 1196 1199 1.773362808386414
111 3 558 561 3.389750675559974
112 3 1024 1027 3.248616502918556
113 3 1563 1566 0.555480651310153
114 3 2452 2455 0.8725093728520464
115 3 650 653 1.00568395778978
116 3 1357 1360 0.6594825139939351
117 3 2347 2350 0.7209888500441256
118 3 38 41 0.5565244297899481
119 3 1488 1491 0.8087041631302491
120 4 183 187 1.3285801941374813
121 4 1862 1866 0.5986585415710309
122 4 694 698 2.2804479451425532
123 4 1495 1499 1.0598989238902743
124 4 1485 1489 1.6729842737194567
125 4 1189 1193 3.636922062811235
126 4 2340 2344 0.5174348160661295
127 4 397 401 1.503137903526564
128 4 1799 1803 1.8827503148517422
129 4 848 852 0.29877133045490395
130 4 1736 1740 3.742116396078821
131 4 851 855 0.06276062105101538
132 4 465 469 1.9672716414958429
133 4 243 247 0.661854344361769
134 4 254 258 0.6569555125848915
135 4 226 230 1.0944615223876384
136 4 690 694 2.354440694416838
137 4 2439 2443 1.010079380643636
138 4 612 616 2.3418709005493588
139 4 2484 2488 2.3333104008223984
140 4 167 171 1.8107367875221234
141 4 2237 2241 1.3780251344492547
142 4 2009 2013 1.8237566907959735
143 4 2386 2390 1.545655864954347
144 4 1020 1024 5.368078328618895
145 4 1316 1320 1.6148403131440119
146 4 145 149 1.5153797063211905
147 4 500 504 1.3121568480439272
148 4 2167 2171 2.125080795407544
149 4 1199 1203 1.6717192200029722
150 4 1676 1680 0.6333717228366713
151 4 820 824 1.7023436220658807
152 4 1956 1960 1.56498439875214
153 4 826 830 2.735896628178689
154 4 990 994 3.9603632832224505
155 4 1797 1801 2.088906376202652
156 4 1681 1685 1.023306014534371
157 4 2014 2018 1.9451356395580288
158 4 151 155 2.0543054342833003
159 4 897 901 1.9061960137518734
160 5 1725 1730 2.2905378872305757
161 5 1816 1821 1.3713743842411217
162 5 1018 1023 7.000544038427939
163 5 1752 1757 3.533135122837668
164 5 883 888 1.327627844244477
165 5 2042 2047 5.587481785988942
166 5 768 773 2.2267764365370315
167 5 129 134 1.5647757810453677
168 5 150 155 2.473144099752805
169 5 1041 1046 2.8149086990804575
170 5 1037 1042 0.7837676229134789
171 5 992 997 4.146351359527196
172 5 2153 2158 0.9604818653035553
173 5 852 857 0.4069140585788335
174 5 948 953 3.902200287023171
175 5 1708 1713 1.2448477871540053
176 5 1071 1076 3.288221570755187
177 5 580 585 2.627032647135979
178 5 1331 1336 2.0416730589507726
179 5 210 215 1.2770788426490085
180 5 1288 1293 2.0783716452764196
181 5 2315 2320 1.9130131390476686
182 5 478 483 0.7850788601619904
183 5 2333 2338 0.7576705962426739
184 5 1650 1655 2.1090903705853283
185 5 165 170 2.4783893199225027
186 5 2024 2029 2.306327282170219
187 5 1587 1592 2.192107458134814
188 5 380 385 1.5018019388694084
189 5 1761 1766 1.9108497121957393
190 5 863 868 1.6311547597619382
191 5 2344 2349 1.0139205916525327
192 5 677 682 2.090954077993071
193 5 1378 1383 0.9754726147758949
194 5 1213 1218 3.9369309344958383
195 5 1930 1935 0.863528028998256
196 5 1290 1295 2.3094249967711535
197 5 1720 1725 2.2384071616777192
198 5 2162 2167 2.1655517132845437
199 5 881 886 1.4121403666118904
200 6 1098 1104 4.152671267239911
201 6 1386 1392 1.23596269061355
202 6 1606 1612 1.5097539021389559
203 6 2033 2039 2.3814730605756673
204 6 304 310 1.618514864660061
205 6 1147 1153 3.6961093914637937
206 6 783 789 3.8643371429833246
207 6 182 188 1.9119542839815615
208 6 1617 1623 2.493872073052642
209 6 522 528 0.7236693941624517
210 6 1103 1109 3.310412881900158
211 6 247 253 2.1208787811237517
212 6 685 691 4.765177755686546
213 6 1902 1908 1.6546902355777098
214 6 2331 2337 0.5584788794592044
215 6 1934 1940 0.6422680286266753
216 6 1653 1659 3.622459615254883
217 6 1599 1605 1.5827807841267048
218 6 895 901 2.8030032952000465
219 6 13 19 0.6841767711688752
220 6 865 871 2.2675710093539583
221 6 642 648 1.9330307653508543
222 6 53 59 2.2249944082216055
223 6 2498 2504 1.9009121363584098
224 6 1054 1060 0.531280382874293
225 6 474 480 0.9834260024042175
226 6 1621 1627 2.6413803002222713
227 6 1560 1566 0.7889913731563012
228 6 910 916 1.3783619614330116
229 6 2255 2261 2.047439235877455
230 6 218 224 1.373711494122129
231 6 826 832 4.427208617546283
232 6 663 669 3.9546288710569217
233 6 2491 2497 0.8948286305919911
234 6 1354 1360 1.166955951407637
235 6 2303 2309 1.900413293297497
236 6 1931 1937 0.5628043395655639
237 6 2156 2162 1.7919742443320956
238 6 1800 1806 2.3552154517133905
239 6 108 114 0.8315469844532464
240 7 323 330 2.824369005640684
241 7 140 147 1.9266445628853057
242 7 2435 2442 1.1668478196872885
243 7 462 469 2.5475726633505023
244 7 2002 2009 3.1231384506692663
245 7 2297 2304 1.7445769698198867
246 7 1052 1059 0.67469565202525
247 7 2490 2497 0.7743987970385948
248 7 568 575 3.3815236259216634
249 7 169 176 2.449459692301394
250 7 1485 1492 2.5486217026795406
251 7 326 333 2.3278516535764617
252 7 2142 2149 3.2251055161445676
253 7 43 50 1.1047182026848523
254 7 1216 1223 4.4249644562145685
255 7 1420 1427 3.0339755275745843
256 7 306 313 2.249278705162365
257 7 348 355 1.3252189894100592
258 7 2225 2232 2.2608524053052514
259 7 1858 1865 1.2678978770995126
260 7 1561 1568 0.9068313491081887
261 7 841 848 1.3153986825311577
262 7 1274 1281 3.6781505771102623
263 7 1591 1598 3.515172465282316
264 7 957 964 6.641719855114787
265 7 1993 2000 2.2079396201195545
266 7 1638 1645 2.4303682075896633
267 7 389 396 2.7014919964511726
268 7 316 323 4.633600636210186
269 7 468 475 2.2858057538541705
270 7 1498 1505 1.5418628635873444
271 7 2099 2106 6.147986125707631
272 7 1777 1784 3.296184693978309
273 7 1703 1710 1.385341003993287
274 7 1819 1826 1.7929818908591617
275 7 274 281 1.0710962321804718
276 7 802 809 3.885461975998095
277 7 1238 1245 5.434339099391569
278 7 1960 1967 2.020731237112654
279 7 1730 1737 3.372858758235146
280 8 484 492 2.333143611188087
281 8 2286 2294 2.044725016729829
282 8 685 693 5.9535546584569445
283 8 1522 1530 2.533334346824138
284 8 666 674 4.86969322986763
285 8 722 730 3.6078602832994653
286 8 611 619 4.706936643356205
287 8 1337 1345 1.3117378628274698
288 8 2024 2032 3.468601108275874
289 8 1386 1394 1.2233619849091422
290 8 1059 1067 3.719604028906944
291 8 2219 2227 4.512965292868606
292 8 19 27 0.7335479518289174
293 8 691 699 4.439683812229903
294 8 22 30 0.8652412430408962
295 8 1277 1285 4.128414536802784
296 8 495 503 2.544026042102347
297 8 2232 2240 2.830289995705992
298 8 453 461 2.8155399306992255
299 8 1992 2000 2.574648857050119
300 8 2461 2469 4.139185677138256
301 8 1983 1991 1.195708789557989
302 8 2155 2163 2.5354359470989847
303 8 310 318 3.2534184566533035
304 8 2132 2140 3.195594021395039
305 8 1005 1013 6.958967640944394
306 8 1684 1692 2.9994246406523057
307 8 1201 1209 4.137139470045022
308 8 1461 1469 2.670333069061408
309 8 938 946 6.982449233530461
310 8 738 746 4.377297808862715
311 8 6 14 0.4139731079614961
312 8 216 224 0.9892679647071292
313 8 2496 2504 2.3742017142255896
314 8 1283 1291 3.924638350906012
315 8 2228 2236 1.1689452338113189
316 8 1912 1920 1.2651877652233947
317 8 2327 2335 0.859826840385566
318 8 1251 1259 4.444727166797571
319 8 2075 2083 2.2980254687166286
320 9 1805 1814 3.1133791526615373
321 9 1810 1819 2.654642204031121
322 9 1604 1613 2.093129050188741
323 9 576 585 3.949056886090699
324 9 1030 1039 5.558437147707143
325 9 2445 2454 2.041302529011303
326 9 1483 1492 3.5652114376565884
327 9 1392 1401 0.9091787747987515
328 9 545 554 6.752157552929284
329 9 1775 1784 4.151653643621277
330 9 338 347 3.8018524644677987
331 9 2480 2489 4.588721165227272
332 9 589 598 3.813746129908477
333 9 727 736 4.107120820471838
334 9 1168 1177 3.456988377552837
335 9 1523 1532 2.636347569644894
336 9 808 817 4.328468024949049
337 9 2359 2368 2.325502310310476
338 9 1435 1444 3.924693321454231
339 9 382 391 2.2343785002199636
340 9 315 324 5.400927393527495
341 9 1648 1657 3.643966973536449
342 9 735 744 4.973112799098557
343 9 1350 1359 2.392322298613742
344 9 1338 1347 1.237071508157592
345 9 715 724 3.742808441444251
346 9 1231 1240 8.677225597793853
347 9 94 103 2.0630126707698935
348 9 2473 2482 2.566093497168852
349 9 82 91 1.979763391530625
350 9 2146 2155 2.5497715715052394
351 9 363 372 3.173725491724199
352 9 1470 1479 3.437355687523851
353 9 403 412 4.033388615169406
354 9 649 658 3.0919151370219535
355 9 747 756 1.3380058416445013
356 9 2392 2401 2.1563790712991318
357 9 2028 2037 3.4414314927097065
358 9 2350 2359 2.8536660063277095
359 9 314 323 5.323962204765646
360 10 478 488 1.1416114966427202
361 10 704 714 4.082856576308612
362 10 1962 1972 4.025455613800424
363 10 910 920 1.710625608772247
364 10 1240 1250 5.996121362169307
365 10 1663 1673 2.579335575823606
366 10 2453 2463 5.50206355154762
367 10 972 982 9.127798275578382
368 10 2006 2016 4.60139546236894
369 10 905 915 3.5150249229938946
370 10 1268 1278 4.875464514402849
371 10 1505 1515 1.2973832015508497
372 10 943 953 7.8881547934571135
373 10 1337 1347 1.3419057976295115
374 10 2200 2210 2.480519103876645
375 10 2169 2179 2.5662039670331467
376 10 1850 1860 2.5056043112752517
377 10 1639 1649 2.062087342089165
378 10 2073 2083 3.367257836582955
379 10 1641 1651 1.8957968770245202
380 10 1282 1292 4.621508550922712
381 10 1162 1172 6.123476688111356
382 10 1795 1805 4.475762256636439
383 10 1685 1695 3.365088497533369
384 10 2408 2418 0.12807306583357742
385 10 53 63 3.2982478245517144
386 10 1029 1039 6.4891845293030235
387 10 753 763 1.8205292234447585
388 10 2212 2222 4.050841808266769
389 10 1878 1888 4.240847430354496
390 10 2298 2308 2.731990247770718
391 10 1492 1502 1.9860473715681648
392 10 1655 1665 5.57568162625188
393 10 1591 1601 4.320913508807564
394 10 114 124 1.733285560542632
395 10 639 649 1.694237411142683
396 10 2094 2104 7.201947992854405
397 10 277 287 0.9434977992752283
398 10 1876 1886 3.5359455813975336
399 10 1422 1432 3.902088887224444
400 11 2473 2484 3.395368139041977
401 11 1278 1289 5.421601172086025
402 11 374 385 3.240209531341033
403 11 1056 1067 3.9325309792758505
404 11 1980 1991 1.6755938720047783
405 11 909 920 1.9193249081589172
406 11 1953 1964 3.2266206810882494
407 11 2472 2483 3.2318835795253285
408 11 271 282 0.7544891164702576
409 11 609 620 6.347428987296218
410 11 976 987 11.617767107138073
411 11 282 293 2.0454737657568414
412 11 1225 1236 11.85129683205677
413 11 543 554 7.618959689754386
414 11 192 203 6.775943463970843
415 11 668 679 5.236457930387878
416 11 1629 1640 4.574688615832069
417 11 2383 2394 2.771124701885152
418 11 2241 2252 2.469168537950989
419 11 2205 2216 3.234496465722822
420 11 1074 1085 5.580836981780129
421 11 75 86 2.3126025279553417
422 11 2147 2158 2.6492316973539456
423 11 1005 1016 10.190192448577006
424 11 645 656 2.7062400202435826
425 11 396 407 3.8694122350193183
426 11 841 852 1.0455286345479724
427 11 130 141 3.451321956001307
428 11 1296 1307 3.5636450647473645
429 11 335 346 4.434909589011756
430 11 498 509 2.966734542941226
431 11 1108 1119 3.6216932445734917
432 11 250 261 3.1404908081932694
433 11 1183 1194 10.221036788439545
434 11 2497 2508 2.532782423391536
435 11 705 716 4.452594572373212
436 11 611 622 6.205210191197266
437 11 1699 1710 2.3584344764130103
438 11 532 543 3.1228741530191595
439 11 333 344 4.330752842447752
440 12 2293 2305 3.453831085408407
441 12 1492 1504 2.4557727417038455
442 12 10 22 1.3378254954135533
443 12 2262 2274 4.46097313016739
444 12 638 650 1.6274399505654815
445 12 2058 2070 4.709932059657043
446 12 1687 1699 3.1602586357980194
447 12 631 643 3.1515656332642354
448 12 880 892 3.821547230477234
449 12 1221 1233 12.494458628745422
450 12 1983 1995 0.7757209104800341
451 12 2079 2091 5.547914656708367
452 12 277 289 1.488620058210026
453 12 1539 1551 5.528473330452983
454 12 688 700 7.0693020065245795
455 12 669 681 5.516047228475045
456 12 1048 1060 2.2167082886148943
457 12 2108 2120 10.358174106140227
458 12 1602 1614 2.6679461276891434
459 12 2200 2212 3.32446757452114
460 12 1240 1252 7.239470749305664
461 12 1640 1652 2.1254847038017464
462 12 1345 1357 1.9328039999657864
463 12 697 709 5.166468553890941
464 12 1584 1596 5.68671590685434
465 12 253 265 2.7918708748792143
466 12 1732 1744 7.53548378215665
467 12 114 126 1.897580441093241
468 12 1141 1153 7.628608610510053
469 12 77 89 2.351600080591608
470 12 1245 1257 6.966525207699689
471 12 624 636 5.611328741349907
472 12 351 363 2.4588802000119903
473 12 641 653 2.866482407291482
474 12 474 486 0.7898533313572642
475 12 2495 2507 2.732822712479849
476 12 62 74 1.0400304181547748
477 12 950 962 10.685751416016956
478 12 947 959 10.024049262361224
479 12 2267 2279 4.552683972217699
480 13 35 48 0.788996470683559
481 13 1952 1965 3.804703586782859
482 13 2180 2193 4.8960765710738565
483 13 758 771 5.407079980997972
484 13 1852 1865 2.339777948183152
485 13 1554 1567 3.660424809148911
486 13 1377 1390 2.028266673373816
487 13 706 719 5.510825598798115
488 13 2172 2185 1.743543020121166
489 13 2405 2418 0.9640220976234618
490 13 769 782 3.916876144377195
491 13 438 451 3.3629739008311463
492 13 1945 1958 3.265418954733089
493 13 1461 1474 2.9895099674945422
494 13 1249 1262 7.819116753800493
495 13 1693 1706 2.391739128328488
496 13 2458 2471 7.0560042384468575
497 13 152 165 5.525763536840444
498 13 868 881 4.957938952207919
499 13 1047 1060 2.6501369127368726
500 13 2371 2384 4.339486103001239
501 13 2420 2433 2.198195321020961
502 13 1259 1272 7.599827515247795
503 13 1955 1968 4.1252423138007925
504 13 1389 1402 1.2606106481323247
505 13 341 354 3.8877626541996713
506 13 966 979 10.599833177679571
507 13 1294 1307 4.653218466982827
508 13 424 437 3.3798512641462555
509 13 156 169 5.747809591753429
510 13 2476 2489 5.848628139493917
511 13 1320 1333 6.139911855155869
512 13 2158 2171 5.39366193425597
513 13 1950 1963 3.732669575867062
514 13 1446 1459 7.160290837741648
515 13 333 346 5.143637931626947
516 13 725 738 5.981826196855544
517 13 176 189 5.540890781037548
518 13 2040 2053 11.090367350879053
519 13 2126 2139 3.5720309276040716
520 14 2234 2248 2.9789769921571234
521 14 2448 2462 5.75791997575572
522 14 1023 1037 12.485657965874976
523 14 159 173 5.922401337043563
524 14 822 836 8.970958969201137
525 14 292 306 3.8467531464545885
526 14 1377 1391 2.1040640684797447
527 14 2464 2478 3.9943200587983982
528 14 564 578 6.885892883864479
529 14 1263 1277 7.065568368507179
530 14 478 492 2.55798383854026
531 14 2078 2092 6.52302147915912
532 14 2086 2100 8.237885888761703
533 14 3 17 0.7596109482752476
534 14 926 940 8.537996434808374
535 14 1123 1137 7.588636868246878
536 14 74 88 2.5819055133487354
537 14 140 154 5.59017420041449
538 14 43 57 3.009428303101233
539 14 1958 1972 4.875228094317229
540 14 593 607 9.8020949694099
541 14 873 887 4.755813174482309
542 14 1473 1487 6.438303872934909
543 14 1020 1034 14.936448202952029
544 14 1412 1426 5.222973707282308
545 14 1221 1235 14.809630170305308
546 14 1591 1605 5.1515021659418565
547 14 2477 2491 6.032069965703082
548 14 1649 1663 6.575234324870253
549 14 139 153 5.6667874682184936
550 14 708 722 5.810097499472201
551 14 1688 1702 3.3962380293754757
552 14 2022 2036 5.852255484477543
553 14 261 275 2.4706308287219088
554 14 2091 2105 9.846190450576144
555 14 2084 2098 8.084152084874626
556 14 1223 1237 14.92753041988364
557 14 2293 2307 4.262838093588557
558 14 1158 1172 8.888916519519816
559 14 850 864 2.584517948644766
560 15 1791 1806 7.792265177099506
561 15 1318 1333 6.96522716473003
562 15 716 731 6.463824296205536
563 15 879 894 4.982757726127057
564 15 73 88 2.492964374328754
565 15 1960 1975 4.812831841811911
566 15 1790 1805 7.944194738999594
567 15 1130 1145 7.598522702534674
568 15 1357 1372 3.427109362593372
569 15 1667 1682 2.8950317894332254
570 15 1677 1692 3.9323074464516456
571 15 1315 1330 7.115242792866838
572 15 860 875 5.434573660174754
573 15 1048 1063 2.9531413217345017
574 15 1145 1160 10.28873047882665
575 15 2093 2108 12.091642644648136
576 15 354 369 3.9081307617285743
577 15 123 138 3.808955819796952
578 15 1650 1665 7.360971083951845
579 15 1079 1094 5.466061597214846
580 15 2494 2509 2.9980912441398377
581 15 1176 1191 11.365622297770567
582 15 542 557 10.177966910970692
583 15 1281 1296 7.143739561170352
584 15 355 370 4.002464070770374
585 15 679 694 9.435790118379362
586 15 377 392 4.246240062674065
587 15 866 881 5.753646608492995
588 15 1038 1053 5.222649046938847
589 15 885 900 6.2192081231519625
590 15 2044 2059 10.68889044064505
591 15 467 482 3.099678452934425
592 15 1394 1409 1.1759572539234955
593 15 32 47 0.6552786655476174
594 15 1866 1881 2.826440782671752
595 15 2335 2350 1.4959501366753438
596 15 834 849 2.9258329221454917
597 15 681 696 9.579891637350341
598 15 383 398 4.280833574577068
599 15 1000 1015 13.135313955653206
600 16 2126 2142 5.359630738568223
601 16 390 406 6.044455736850305
602 16 466 482 3.204324923317357
603 16 1294 1310 5.483797688985
604 16 1214 1230 12.818373249703395
605 16 2323 2339 3.3508294737749456
606 16 2383 2399 3.756832316373719
607 16 617 633 7.821146285184678
608 16 310 326 7.8730913710643255
609 16 734 750 7.0613243396279275
610 16 111 127 2.232727929158488
611 16 741 757 4.215548259228724
612 16 844 860 0.9221055349089353
613 16 1076 1092 6.348866157750466
614 16 142 158 6.669224407941427
615 16 2431 2447 2.495974127682395
616 16 1328 1344 4.055453825503167
617 16 1344 1360 2.418286274012698
618 16 2485 2501 1.6975396521621355
619 16 1492 1508 2.958593999281212
620 16 665 681 7.99945253525646
621 16 703 719 6.745858566514429
622 16 880 896 5.75284775806485
623 16 202 218 3.0354760802367986
624 16 218 234 3.240679977343486
625 16 657 673 10.15085185786945
626 16 235 251 1.8518969362843682
627 16 1072 1088 7.65137839827115
628 16 2022 2038 6.531664643893817
629 16 426 442 4.295922461077773
630 16 817 833 9.124348394917822
631 16 564 580 7.57645206514461
632 16 1606 1622 3.9165910579719423
633 16 1961 1977 4.954937809089819
634 16 2463 2479 4.961088487529447
635 16 2237 2253 2.7412383221834298
636 16 2031 2047 10.000301235269465
637 16 2214 2230 7.1362948599771325
638 16 1325 1341 5.512545394464869
639 16 1483 1499 4.824404889837885
640 17 1761 1778 6.8693875145201
641 17 1662 1679 3.8545463852426236
642 17 148 165 7.472617540818382
643 17 155 172 7.46726641378313
644 17 742 759 3.891170909896
645 17 626 643 5.623389564712097
646 17 1467 1484 5.970729864201522
647 17 898 915 6.385528425453761
648 17 1215 1232 14.868518702280728
649 17 975 992 17.950730495561064
650 17 1489 1506 3.3567126913970746
651 17 2350 2367 4.116183856803225
652 17 796 813 9.305680378329166
653 17 1409 1426 5.819103309335271
654 17 1571 1588 3.3904997809606017
655 17 2193 2210 2.72442834788205
656 17 458 475 5.4940922052621595
657 17 919 936 7.9619274645947655
658 17 780 797 9.835923667161468
659 17 1426 1443 6.814738283804266
660 17 757 774 6.771962749432669
661 17 2189 2206 2.973764613891368
662 17 870 887 5.830182442757971
663 17 86 103 2.484280084335439
664 17 110 127 2.199938943072803
665 17 482 499 4.859873712608923
666 17 782 799 10.256832419733184
667 17 1317 1334 7.8300954062068895
668 17 2216 2233 7.109657425959317
669 17 2037 2054 13.197631212792759
670 17 169 186 6.623429993006546
671 17 1254 1271 9.695674850876077
672 17 1609 1626 5.266343400853186
673 17 670 687 8.936749424928914
674 17 571 588 6.795757751257135
675 17 1538 1555 8.628008739203619
676 17 1899 1916 2.9170855535295197
677 17 1436 1453 7.539270036278614
678 17 1457 1474 4.825553882413339
679 17 23 40 0.99713729570314
680 18 1828 1846 6.4281863800237184
681 18 558 576 11.783750418368562
682 18 1832 1850 9.604725153475012
683 18 121 139 4.246952041003609
684 18 1713 1731 7.288268523943316
685 18 866 884 6.508344562179139
686 18 470 488 2.5171769289664936
687 18 1353 1371 3.4722923594901087
688 18 1210 1228 14.485093161933026
689 18 2447 2465 7.645299009820976
690 18 2286 2304 4.383733563612474
691 18 222 240 4.397219493328491
692 18 321 339 7.645276111935134
693 18 1972 1990 1.9389937068328587
694 18 660 678 10.493407263999606
695 18 2158 2176 6.528063405573201
696 18 250 268 4.299427687587606
697 18 741 759 4.381309248919483
698 18 987 1005 14.909529193306348
699 18 2457 2475 7.857501819190617
700 18 1362 1380 4.197040646870965
701 18 2454 2472 8.983109510360961
702 18 80 98 2.902010597245389
703 18 93 111 3.15564004315075
704 18 1567 1585 2.7324959086425857
705 18 1789 1807 9.68361265410277
706 18 947 965 15.391712062741346
707 18 2397 2415 2.4850923257886257
708 18 566 584 7.654830504542979
709 18 174 192 7.420759937026255
710 18 548 566 12.822337693966274
711 18 749 767 2.970642188770447
712 18 2478 2496 5.887918808583259
713 18 1169 1187 8.619656794637377
714 18 956 974 15.155113330719152
715 18 1782 1800 11.800371679812663
716 18 1287 1305 6.999249046044577
717 18 2215 2233 7.187079687848356
718 18 1523 1541 4.616258248921413
719 18 696 714 7.851327754381469
720 19 1415 1434 7.383648442514341
721 19 2229 2248 2.9897126315440015
722 19 2344 2363 4.497109299828404
723 19 1412 1431 7.250683556260092
724 19 1056 1075 9.763024919580076
725 19 2444 2463 6.876514113112643
726 19 1372 1391 1.4773862990093338
727 19 2202 2221 5.40805803990496
728 19 131 150 6.0904600677846945
729 19 2228 2247 3.0958019868234725
730 19 623 642 7.4590868608820555
731 19 1498 1517 2.6000076587234315
732 19 2337 2356 3.471029907041175
733 19 806 825 8.165890221758637
734 19 2024 2043 8.887491180010304
735 19 1929 1948 1.5574172581384134
736 19 489 508 5.827945813462608
737 19 302 321 7.305045498998718
738 19 2439 2458 4.857849370563297
739 19 803 822 8.781173240457763
740 19 651 670 9.715529985195161
741 19 586 605 9.95190917421128
742 19 2257 2276 7.02316954441132
743 19 572 591 7.5227396941645885
744 19 210 229 3.0455759390251425
745 19 2206 2225 7.283571223263022
746 19 1418 1437 7.419736610226973
747 19 329 348 6.762467049802438
748 19 192 211 8.251712712793232
749 19 2476 2495 6.642394385083378
750 19 611 630 10.417682573778238
751 19 2227 2246 2.871137861920647
752 19 720 739 8.475927672999527
753 19 1077 1096 7.473553915087768
754 19 234 253 1.3776895344497713
755 19 1209 1228 15.363580899372996
756 19 1947 1966 4.88067791728384
757 19 1150 1169 13.001136485021943
758 19 856 875 6.551017996942356
759 19 1935 1954 3.543688221384545
760 20 1157 1177 11.572795357040244
761 20 2169 2189 4.2353143390870205
762 20 255 275 3.1879504786167945
763 20 575 595 8.05055312217641
764 20 1179 1199 14.779026599133935
765 20 1707 1727 6.69817944845251
766 20 184 204 9.852634865283132
767 20 10 30 1.7829835964813652
768 20 1419 1439 8.054419095571712
769 20 2168 2188 4.410450984052501
770 20 2471 2491 7.086690222615425
771 20 1475 1495 7.3932382492297135
772 20 295 315 5.642914742730573
773 20 820 840 11.399475234949842
774 20 1775 1795 12.07297278187008
775 20 327 347 7.020204954737743
776 20 1738 1758 13.81413533994775
777 20 132 152 6.74168923186181
778 20 1161 1181 10.3532632280936
779 20 814 834 10.970987535810854
780 20 802 822 9.334325465142037
781 20 704 724 8.292451790222877
782 20 827 847 8.347230670118309
783 20 330 350 6.906904676947631
784 20 381 401 6.146743220650903
785 20 43 63 4.991434245934679
786 20 14 34 1.4383517832223423
787 20 1193 1213 11.07038637952728
788 20 2129 2149 8.311490172168138
789 20 2120 2140 5.338602929703625
790 20 2150 2170 6.2132326160693125
791 20 1736 1756 14.039467588696542
792 20 265 285 1.6230187692097173
793 20 378 398 5.457832584264106
794 20 2143 2163 5.654485835756347
795 20 1386 1406 1.4821282147501549
796 20 690 710 9.553148241387584
797 20 819 839 11.594258851732398
798 20 2091 2111 15.949059436496661
799 20 2249 2269 6.217560989251532
800 21 253 274 3.5868692038986385
801 21 254 275 3.271209327844979
802 21 264 285 1.635760002845748
803 21 570 591 8.319444809129385
804 21 1786 1807 11.491308032113597
805 21 554 575 13.17986855970186
806 21 426 447 5.239404846275157
807 21 2118 2139 5.430773347202544
808 21 1328 1349 4.154056009429546
809 21 2103 2124 15.987416807749948
810 21 1390 1411 1.6417309052178335
811 21 1134 1155 11.724935605725882
812 21 544 565 14.804328412908252
813 21 2405 2426 1.5983469593652333
814 21 2397 2418 2.4074203078300327
815 21 484 505 6.162524346807416
816 21 2375 2396 4.544798249466467
817 21 288 309 5.439031501714186
818 21 2464 2485 6.121722082025982
819 21 21 42 0.967278122816464
820 21 643 664 8.022013591124246
821 21 176 197 9.106491112334272
822 21 1115 1136 10.766217167141248
823 21 2233 2254 3.6133228598475196
824 21 1740 1761 13.37498417292966
825 21 1246 1267 12.177381054007878
826 21 2428 2449 3.214380555933488
827 21 1471 1492 8.541035075691202
828 21 625 646 4.85210685326035
829 21 2149 2170 6.56233527042908
830 21 1484 1505 5.424394605099193
831 21 2197 2218 5.128219350482322
832 21 1871 1892 8.133895588069915
833 21 1014 1035 23.331435933590168
834 21 1853 1874 1.8359159367617144
835 21 698 719 8.66092336677059
836 21 1976 1997 1.1719005306938222
837 21 2376 2397 4.428031215904653
838 21 2229 2250 3.2392145799725833
839 21 106 127 2.4203478324708794
840 22 2378 2400 4.859980025765462
841 22 2285 2307 5.59813496749066
842 22 2335 2357 3.5846954574147443
843 22 794 816 11.693359151450434
844 22 1071 1093 9.910971575771816
845 22 2404 2426 1.8384311796145683
846 22 2349 2371 4.929566494113341
847 22 2450 2472 9.720255684582012
848 22 1850 1872 3.1637439471716258
849 22 1362 1384 4.245202487566714
850 22 663 685 11.680769436490761
851 22 1245 1267 12.717400584637916
852 22 657 679 12.540295941277089
853 22 1295 1317 7.278818939013931
854 22 1229 1251 17.93705435737357
855 22 1294 1316 7.501442402102455
856 22 856 878 7.587669039244605
857 22 2184 2206 5.231352270712388
858 22 1982 2004 3.1838863566000906
859 22 1196 1218 13.49367943601964
860 22 1102 1124 10.192126046026392
861 22 1509 1531 4.720753504387484
862 22 679 701 13.002277109707787
863 22 1291 1313 7.5305727469869845
864 22 398 420 8.715385672029484
865 22 954 976 18.67617885949775
866 22 1345 1367 3.5221887931846214
867 22 795 817 11.311961662221009
868 22 722 744 10.21899002502004
869 22 1807 1829 5.678161823231602
870 22 392 414 7.983375799243167
871 22 1270 1292 10.444142040982923
872 22 134 156 7.804829256611865
873 22 2134 2156 8.262817830936061
874 22 23 45 0.8459097931235633
875 22 190 212 9.065309567438804
876 22 10 32 1.7293064860435048
877 22 2276 2298 5.096213511584448
878 22 731 753 8.82146584135662
879 22 912 934 7.606788910635203
880 23 1005 1028 24.902964985023594
881 23 1527 1550 7.607899456247376
882 23 1611 1634 7.4631184431050475
883 23 1582 1605 8.174308714961224
884 23 990 1013 18.268013341985665
885 23 1808 1831 5.417602735372075
886 23 1770 1793 13.115110233176567
887 23 1190 1213 13.86565602594952
888 23 2079 2102 12.084890791732615
889 23 364 387 6.687316803447771
890 23 1407 1430 7.711763903340932
891 23 178 201 10.493317076122118
892 23 393 416 8.40403055114255
893 23 756 779 7.673711466629859
894 23 226 249 4.262727180331519
895 23 1664 1687 4.958113372438968
896 23 19 42 0.8196165312839042
897 23 1607 1630 6.882300342439106
898 23 671 694 12.862532754506592
899 23 1778 1801 13.962713519403888
900 23 181 204 10.627491017172812
901 23 2284 2307 5.98943922786009
902 23 911 934 7.26387965629251
903 23 1531 1554 9.349856484458561
904 23 1405 1428 7.173393364301465
905 23 2082 2105 14.223423643375952
906 23 1431 1454 9.710781117406494
907 23 543 566 15.93368625913412
908 23 2 25 1.4681637951522954
909 23 1418 1441 8.979710817413633
910 23 1489 1512 3.9543347125291493
911 23 395 418 8.5984649574272
912 23 1550 1573 6.70200703145042
913 23 2346 2369 5.249798643888768
914 23 878 901 8.849201060133147
915 23 2006 2029 10.614719372670297
916 23 1441 1464 10.955386032190777
917 23 2349 2372 5.355367947091381
918 23 1772 1795 13.285745719774285
919 23 2264 2287 6.973320798758316
920 24 373 397 6.311811214556167
921 24 1607 1631 7.359853453363414
922 24 645 669 10.532428819014331
923 24 354 378 6.921324133671967
924 24 1838 1862 11.148980293889194
925 24 1587 1611 7.374385647407215
926 24 2150 2174 7.489628243189608
927 24 863 887 8.231929570519274
928 24 111 135 4.169647791650758
929 24 377 401 6.684744353557181
930 24 1171 1195 15.475069381401115
931 24 411 435 8.361222598035983
932 24 516 540 3.40414921433532
933 24 520 544 4.356171507853919
934 24 1870 1894 9.079104267648056
935 24 1793 1817 9.457086498634178
936 24 1431 1455 10.26238836892716
937 24 1667 1691 5.410443724818719
938 24 1301 1325 8.724918258127051
939 24 1643 1667 8.100571500153308
940 24 1265 1289 11.749799794674178
941 24 1621 1645 7.583714864617056
942 24 421 445 5.888817727438749
943 24 1395 1419 3.5037800768707346
944 24 1538 1562 11.127617674555369
945 24 2085 2109 17.231016043666042
946 24 314 338 10.366568516450183
947 24 1997 2021 10.110279577554538
948 24 1782 1806 14.039181567170843
949 24 1507 1531 4.7825287409636195
950 24 931 955 18.329250007290664
951 24 2358 2382 5.947530080065413
952 24 669 693 13.59007712719626
953 24 1752 1776 10.170016133482754
954 24 1165 1189 14.200890920472297
955 24 506 530 3.0535008982568894
956 24 1373 1397 1.6979625394117328
957 24 2189 2213 4.38857723979051
958 24 145 169 10.321485922862966
959 24 2130 2154 9.290320226318343
960 25 975 1000 24.042131757504897
961 25 755 780 7.802608575931327
962 25 1960 1985 5.694059544074186
963 25 947 972 20.722112933183478
964 25 2121 2146 7.807595542776497
965 25 1452 1477 9.24551336570266
966 25 1728 1753 14.779009387765838
967 25 1800 1825 7.649469894995442
968 25 1711 1736 9.080377092722882
969 25 2177 2202 5.634627240771017
970 25 507 532 3.305539058948657
971 25 2025 2050 15.03388290584705
972 25 48 73 4.564500939776835
973 25 1765 1790 12.37425880590703
974 25 1464 1489 8.38166742381086
975 25 1923 1948 2.438667649402955
976 25 1148 1173 15.561874291402498
977 25 807 832 12.543532281721182
978 25 577 602 11.570994739931638
979 25 1364 1389 3.053177911609161
980 25 1474 1499 9.036256439778452
981 25 625 650 4.203275289620103
982 25 1085 1110 12.422716159775117
983 25 2216 2241 4.496205306501749
984 25 2310 2335 5.016540349714367
985 25 1983 2008 4.840120776164246
986 25 2456 2481 10.087015116363988
987 25 556 581 13.99625646896227
988 25 2007 2032 11.341067074730061
989 25 1577 1602 8.135612148732227
990 25 1954 1979 6.9503025069140305
991 25 1424 1449 10.326456231799432
992 25 2082 2107 16.130415460164453
993 25 130 155 8.461901112885968
994 25 1781 1806 14.500884728125472
995 25 1041 1066 8.440964224026477
996 25 2424 2449 4.078402792798494
997 25 765 790 10.879051496964106
998 25 2195 2220 5.265284233914884
999 25 721 746 11.59822038777674
1000 26 72 98 3.3739436439143087
1001 26 1882 1908 9.862937147252813
1002 26 2343 2369 5.3842678893410625
1003 26 1248 1274 14.319697052401857
1004 26 542 568 17.720188520564232
1005 26 184 210 10.848947287534232
1006 26 8 34 1.7671820682589194
1007 26 952 978 22.51520402677281
1008 26 1392 1418 3.348960873904976
1009 26 634 660 4.99912658136724
1010 26 1291 1317 8.919507488803749
1011 26 1343 1369 3.25961029890136
1012 26 1840 1866 10.970148584432891
1013 26 2352 2378 6.365563732908534
1014 26 944 970 21.7563426230491
1015 26 1121 1147 14.312426590122731
1016 26 231 257 2.999224449651737
1017 26 259 285 2.6382008741725884
1018 26 146 172 11.094806170768281
1019 26 1806 1832 6.378938833338033
1020 26 455 481 6.7312720810697755
1021 26 994 1020 23.52770069305656
1022 26 920 946 16.178723969379146
1023 26 1937 1963 5.358928544024975
1024 26 2193 2219 4.886858638331326
1025 26 258 284 2.5819645484849483
1026 26 2229 2255 3.445250995750877
1027 26 668 694 14.580953701486843
1028 26 712 738 11.343524478842367
1029 26 803 829 11.889429512395758
1030 26 22 48 1.5435391167744283
1031 26 792 818 13.165253635194816
1032 26 2102 2128 17.74957578082554
1033 26 780 806 14.988691523034783
1034 26 900 926 5.611689681033048
1035 26 57 83 3.850967104844461
1036 26 2052 2078 10.184998839065159
1037 26 1976 2002 2.4878317865172357
1038 26 1339 1365 3.252301105127424
1039 26 1429 1455 10.988793730964549
1040 27 1086 1113 13.154091143193495
1041 27 2350 2377 6.350509394422351
1042 27 1662 1689 6.488611773566999
1043 27 2364 2391 6.511321191363465
1044 27 539 566 18.152700304269317
1045 27 1385 1412 2.5014490295952014
1046 27 485 512 6.130399391584336
1047 27 1029 1056 4.834926768880845
1048 27 1081 1108 12.917346187001693
1049 27 393 420 10.544094990771159
1050 27 235 262 2.609010643332763
1051 27 1383 1410 2.3199001770924976
1052 27 231 258 2.9197606653391404
1053 27 1575 1602 8.48072291132937
1054 27 282 309 5.973106786307008
1055 27 847 874 6.4717041538444695
1056 27 1016 1043 21.478311236277097
1057 27 207 234 3.311911023986848
1058 27 2004 2031 12.305380629467598
1059 27 1586 1613 8.185143613466536
1060 27 1502 1529 5.036459483321524
1061 27 287 314 7.551614616907202
1062 27 347 374 7.169992812156596
1063 27 601 628 16.751547860072467
1064 27 1826 1853 11.632696065734859
1065 27 1753 1780 11.231952103342959
1066 27 2100 2127 18.906000669066668
1067 27 1536 1563 11.537221003062227
1068 27 440 467 7.816723518310457
1069 27 699 726 11.197853871951029
1070 27 591 618 16.668514823344132
1071 27 141 168 10.924646952645162
1072 27 695 722 11.587788001397648
1073 27 1866 1893 9.035597456141202
1074 27 2182 2209 5.847816441135158
1075 27 2157 2184 6.984687903998959
1076 27 1933 1960 4.684355754647523
1077 27 1807 1834 6.228872372589515
1078 27 1500 1527 5.062735718976342
1079 27 2316 2343 3.7309335199554865
1080 28 1772 1800 15.916214660704933
1081 28 1011 1039 27.749261213005763
1082 28 1024 1052 9.057819575481128
1083 28 1106 1134 13.741452824407103
1084 28 2337 2365 4.57845014812663
1085 28 30 58 2.8196825627088407
1086 28 1094 1122 13.738862164284855
1087 28 1631 1659 5.185310145034083
1088 28 2308 2336 5.216424410387578
1089 28 1360 1388 4.624332074013668
1090 28 1172 1200 17.537813505227273
1091 28 488 516 4.37607376218489
1092 28 645 673 12.569265551384767
1093 28 2102 2130 18.085955627196622
1094 28 770 798 13.215264963685781
1095 28 663 691 16.31634426966313
1096 28 1599 1627 6.962304149074439
1097 28 2227 2255 4.012434598246997
1098 28 529 557 12.464846631652785
1099 28 753 781 7.8552828930460254
1100 28 774 802 13.613470181000396
1101 28 2303 2331 5.607553827455999
1102 28 294 322 9.902405669673936
1103 28 2214 2242 4.596285149115554
1104 28 292 320 9.06140244075028
1105 28 1254 1282 14.962767807471531
1106 28 127 155 9.201027647772914
1107 28 330 358 8.387523703343048
1108 28 2070 2098 10.553107967408046
1109 28 1887 1915 7.433848699893038
1110 28 384 412 9.422917355236795
1111 28 2169 2197 5.602121975325983
1112 28 29 57 2.5083313117735413
1113 28 1141 1169 18.862847616273555
1114 28 1083 1111 13.323689428147002
1115 28 805 833 14.83116138987489
1116 28 768 796 12.99146270626276
1117 28 477 505 6.385741011564479
1118 28 1046 1074 11.708497508798702
1119 28 2384 2412 4.535207068795926
1120 29 1633 1662 5.411097390832425
1121 29 1105 1134 14.39192976761242
1122 29 2162 2191 6.597215794296778
1123 29 1114 1143 14.233120472479083
1124 29 25 54 2.008794056571897
1125 29 417 446 8.440696859494771
1126 29 1634 1663 5.276624660242334
1127 29 1484 1513 5.973438342986276
1128 29 2452 2481 11.41844153750671
1129 29 666 695 16.48836782928801
1130 29 2012 2041 12.715027699071207
1131 29 2462 2491 10.084503534363684
1132 29 1407 1436 9.838188918854426
1133 29 779 808 16.003810492441154
1134 29 2009 2038 12.398663589123375
1135 29 1002 1031 29.952174899092245
1136 29 675 704 15.652589274059105
1137 29 688 717 13.947647469393573
1138 29 1367 1396 1.9344115549220107
1139 29 130 159 10.095949253374052
1140 29 863 892 9.929930397880334
1141 29 773 802 14.174087507577038
1142 29 2205 2234 8.599402875076088
1143 29 1905 1934 5.251124184370912
1144 29 2169 2198 5.600770545166377
1145 29 1321 1350 7.800572537900597
1146 29 523 552 10.449556557375852
1147 29 703 732 12.16848015128445
1148 29 1495 1524 5.2789433890617214
1149 29 2368 2397 6.665526356404486
1150 29 2104 2133 16.78167612217838
1151 29 1760 1789 13.365051032842125
1152 29 1840 1869 10.89942344517893
1153 29 1492 1521 4.66672430329039
1154 29 1343 1372 3.495628529069891
1155 29 319 348 12.229517073639794
1156 29 1881 1910 10.005980044578624
1157 29 1984 2013 7.451084755324897
1158 29 1116 1145 14.73878276893737
1159 29 1065 1094 14.77756322094764
1160 30 629 659 4.289322640593289
1161 30 458 488 6.460488164612818
1162 30 1046 1076 12.61491781858695
1163 30 1796 1826 9.837325727734157
1164 30 2434 2464 9.186209661955182
1165 30 2062 2092 10.043717102807369
1166 30 2002 2032 13.415637493234085
1167 30 1873 1903 11.503661353583293
1168 30 351 381 8.03017867946443
1169 30 1100 1130 15.410771928659013
1170 30 1535 1565 12.016195248973636
1171 30 2234 2264 5.0583115287629505
1172 30 407 437 10.43187343265612
1173 30 2464 2494 8.93546271991821
1174 30 1238 1268 17.760847354700726
1175 30 37 67 4.560126090277748
1176 30 648 678 13.612781260333563
1177 30 1568 1598 8.100287306759586
1178 30 2081 2111 20.661709146004366
1179 30 720 750 12.839638925700513
1180 30 1572 1602 8.855502447506138
1181 30 1973 2003 3.5082615642966517
1182 30 733 763 8.00011025519258
1183 30 135 165 11.07424961860682
1184 30 1309 1339 11.659332775880852
1185 30 900 930 5.834556215235811
1186 30 992 1022 27.880415233312103
1187 30 1633 1663 5.638659774552163
1188 30 2181 2211 5.7151121868129495
1189 30 687 717 14.709158585869702
1190 30 783 813 17.713394109573763
1191 30 1920 1950 2.520650415527015
1192 30 1877 1907 11.215224972370484
1193 30 1233 1263 20.404803491637892
1194 30 1587 1617 8.176991600630497
1195 30 1114 1144 14.777925917823666
1196 30 1367 1397 1.9002315896204862
1197 30 1786 1816 14.281384868371765
1198 30 848 878 7.771399141649603
1199 30 149 179 12.066696114172121
1200 31 2344 2375 7.02356815633406
1201 31 225 256 2.9322332024137996
1202 31 2260 2291 8.683898247960968
1203 31 783 814 18.070801546027717
1204 31 139 170 12.565106117709416
1205 31 2174 2205 5.643375692094051
1206 31 2020 2051 17.927475921313103
1207 31 1367 1398 2.1552128735155014
1208 31 1052 1083 14.039025169224878
1209 31 233 264 3.5840295477347666
1210 31 519 550 8.608155180285681
1211 31 1533 1564 12.462905248903619
1212 31 211 242 5.280641754157966
1213 31 1646 1677 9.613666154342456
1214 31 1716 1747 15.221680326895225
1215 31 1526 1557 12.547634984562155
1216 31 1019 1050 15.563530018400549
1217 31 1427 1458 13.528834259678945
1218 31 1795 1826 10.456681152325725
1219 31 1502 1533 5.830442908979228
1220 31 1630 1661 6.179996281307412
1221 31 2361 2392 6.767652376080977
1222 31 110 141 5.5733255250697455
1223 31 1590 1621 8.454511223751156
1224 31 527 558 13.60595955863818
1225 31 565 596 13.203153676474567
1226 31 1931 1962 4.717687146794536
1227 31 1667 1698 6.986038986650882
1228 31 1028 1059 5.6689498971334915
1229 31 692 723 13.45825870345524
1230 31 1821 1852 12.415302605033133
1231 31 2169 2200 5.722949369467317
1232 31 1483 1514 6.624366368347651
1233 31 1505 1536 6.195059509155771
1234 31 2308 2339 5.088366865823918
1235 31 420 451 8.270370254094328
1236 31 739 770 4.551044008614161
1237 31 606 637 15.951997197573034
1238 31 1247 1278 16.58108439699758
1239 31 2104 2135 17.700191324318016
1240 32 626 658 4.852456984877054
1241 32 257 289 2.97727367271974
1242 32 2019 2051 18.344966591313646
1243 32 2294 2326 7.172269942114511
1244 32 158 190 12.50246397264558
1245 32 1146 1178 18.953875424186013
1246 32 823 855 9.990076843229865
1247 32 11 43 1.0200484441222384
1248 32 1766 1798 17.53007510437697
1249 32 1666 1698 7.265355201263183
1250 32 1106 1138 15.14642683416692
1251 32 2045 2077 14.659967188138678
1252 32 683 715 16.87798021993855
1253 32 117 149 7.373390637700784
1254 32 447 479 9.390928347364149
1255 32 558 590 16.668969435737218
1256 32 1669 1701 6.929340856998
1257 32 1120 1152 18.29788812184642
1258 32 2276 2308 7.239739899526909
1259 32 1850 1882 1.4515175836453158
1260 32 296 328 12.096847404580474
1261 32 1330 1362 5.641849499670564
1262 32 1061 1093 16.14451124249553
1263 32 2216 2248 5.410378082497099
1264 32 1797 1829 9.896722781812548
1265 32 700 732 13.353767414479
1266 32 90 122 2.7746296483397472
1267 32 1397 1429 7.595572577092664
1268 32 1037 1069 9.903797828905637
1269 32 1047 1079 13.84758435734908
1270 32 1068 1100 15.512132805253513
1271 32 1585 1617 9.195635256802136
1272 32 1401 1433 9.159984997798249
1273 32 244 276 3.846899394481095
1274 32 2338 2370 5.4605417337474975
1275 32 726 758 11.414380009218712
1276 32 1750 1782 13.487483508844683
1277 32 1085 1117 14.309617864583029
1278 32 2307 2339 5.376221840267759
1279 32 415 447 9.713590599792362
1280 33 971 1004 29.444633177128555
1281 33 2351 2384 8.240051093498247
1282 33 423 456 8.545120550434149
1283 33 407 440 11.33522999622077
1284 33 2029 2062 18.32037517796068
1285 33 2461 2494 10.806597399297473
1286 33 1134 1167 20.528629726475568
1287 33 1676 1709 6.8776405220426255
1288 33 507 540 4.151643414530089
1289 33 1595 1628 8.982224261378061
1290 33 1791 1824 12.992820351076672
1291 33 1916 1949 3.235910991697258
1292 33 2136 2169 12.000427108321748
1293 33 1834 1867 12.796823631146239
1294 33 2361 2394 6.721328585773418
1295 33 671 704 17.63884964231443
1296 33 1951 1984 7.953795038720512
1297 33 2108 2141 15.686331878894915
1298 33 712 745 14.574340373280274
1299 33 1169 1202 19.579268583106803
1300 33 1433 1466 13.999122608326728
1301 33 1140 1173 20.51755000289747
1302 33 288 321 10.754714817440219
1303 33 1805 1838 8.285816906487467
1304 33 2122 2155 10.02397501651322
1305 33 2453 2486 12.492270428197891
1306 33 2145 2178 10.262228289720875
1307 33 784 817 18.18924740945852
1308 33 1211 1244 28.129455692226653
1309 33 2183 2216 6.998213387940197
1310 33 1581 1614 9.651329579586134
1311 33 1069 1102 16.45210318581878
1312 33 2179 2212 6.296338847497152
1313 33 1918 1951 2.722221413093317
1314 33 1370 1403 1.4672482825352393
1315 33 251 284 3.097551734317621
1316 33 1335 1368 4.0696330805580905
1317 33 1890 1923 7.72007104791156
1318 33 1530 1563 13.03880616299032
1319 33 2244 2277 10.584861106632234
1320 34 1422 1456 14.33227726356191
1321 34 580 614 19.175185310510212
1322 34 902 936 6.916116577442865
1323 34 954 988 31.839603359342203
1324 34 1506 1540 6.888518473895982
1325 34 2450 2484 12.477793038285665
1326 34 311 345 14.135428623039967
1327 34 1057 1091 15.81131087868944
1328 34 1726 1760 19.482352162931374
1329 34 1837 1871 11.63040632503815
1330 34 1182 1216 24.170787536106452
1331 34 1705 1739 12.24593776371167
1332 34 2067 2101 12.666039788034329
1333 34 696 730 14.573031896958176
1334 34 2406 2440 3.7390939795812033
1335 34 1643 1677 9.573696176398146
1336 34 908 942 12.03361396217449
1337 34 1599 1633 8.809953322703008
1338 34 1159 1193 22.3241928760242
1339 34 1281 1315 13.121990254825764
1340 34 568 602 15.019669326600628
1341 34 1047 1081 14.82104335265301
1342 34 1801 1835 8.725608159456678
1343 34 877 911 13.598426521938721
1344 34 826 860 9.94850944673307
1345 34 1961 1995 5.619651868379207
1346 34 414 448 10.21668276904277
1347 34 2027 2061 18.554207937345733
1348 34 2425 2459 6.835596825930926
1349 34 647 681 15.017357797717663
1350 34 256 290 3.2799524654402434
1351 34 1048 1082 14.900254114260756
1352 34 70 104 4.51592648574472
1353 34 608 642 15.005020618827428
1354 34 1303 1337 12.755517330340924
1355 34 1629 1663 6.875925305347365
1356 34 1346 1380 4.453788399390627
1357 34 1501 1535 6.450881342182357
1358 34 573 607 17.024470805642938
1359 34 321 355 12.189885807595216
1360 35 2436 2471 11.706893932911052
1361 35 2088 2123 25.10453037765418
1362 35 250 285 3.166535921622824
1363 35 1917 1952 3.024763174941328
1364 35 1517 1552 12.432123933311981
1365 35 663 698 19.953725785497852
1366 35 1419 1454 14.633083650665926
1367 35 1488 1523 6.210781986673445
1368 35 352 387 8.953662420522395
1369 35 1466 1501 10.76001458490293
1370 35 2082 2117 25.62574413289966
1371 35 2281 2316 7.435085049458995
1372 35 447 482 9.230045170180276
1373 35 2279 2314 7.970761148507412
1374 35 1909 1944 4.530791993789418
1375 35 1803 1838 8.759740623754343
1376 35 2049 2084 11.986420622601573
1377 35 1985 2020 10.961520097536319
1378 35 760 795 16.097370027161105
1379 35 513 548 5.4304307701795045
1380 35 1306 1341 12.77611948888552
1381 35 1675 1710 7.369298232531248
1382 35 541 576 21.57983882657177
1383 35 2235 2270 6.653489352261027
1384 35 1227 1262 26.590390710180404
1385 35 1901 1936 6.271754423836836
1386 35 2341 2376 7.052592137343629
1387 35 681 716 18.195704679233618
1388 35 710 745 15.339884642055246
1389 35 926 961 25.966250508009463
1390 35 1797 1832 10.153894438070507
1391 35 778 813 19.146547989085242
1392 35 1669 1704 7.630204283707977
1393 35 531 566 19.19141909260031
1394 35 2239 2274 9.12349808681284
1395 35 123 158 10.847312426787505
1396 35 1268 1303 15.555159186936717
1397 35 651 686 17.398834466531497
1398 35 2225 2260 5.426555203818915
1399 35 984 1019 32.22273470192482
1400 36 2455 2491 14.013812512823714
1401 36 1374 1410 0.978105577983217
1402 36 634 670 10.936554321161024
1403 36 2065 2101 13.037957712545085
1404 36 931 967 29.164587602474032
1405 36 1290 1326 13.598746612773098
1406 36 1754 1790 16.872486309339532
1407 36 411 447 11.402688208256434
1408 36 163 199 14.903557730277239
1409 36 1410 1446 13.56605504607708
1410 36 2090 2126 24.4352714189965
1411 36 1225 1261 27.73038377761142
1412 36 696 732 15.234550992956267
1413 36 1796 1832 10.634959468385034
1414 36 399 435 12.474169882419453
1415 36 1181 1217 25.212646128158994
1416 36 836 872 6.728701144236778
1417 36 700 736 15.18795185249185
1418 36 286 322 12.026099598270108
1419 36 2175 2211 5.5683735394604925
1420 36 1288 1324 12.970632034795276
1421 36 377 413 11.028344651617315
1422 36 123 159 11.114091676605177
1423 36 559 595 17.183675291893024
1424 36 564 600 16.118034416628028
1425 36 292 328 13.333330956606957
1426 36 724 760 12.162554649848207
1427 36 2358 2394 7.354425013984265
1428 36 1079 1115 16.293791207800265
1429 36 698 734 14.980050126754197
1430 36 196 232 8.71592614018362
1431 36 1389 1425 6.312170020387047
1432 36 1293 1329 13.765063913594124
1433 36 1119 1155 20.669241500109273
1434 36 1918 1954 3.4349927594568195
1435 36 1938 1974 7.908058025486756
1436 36 610 646 12.477176168173976
1437 36 455 491 8.497388857998585
1438 36 2049 2085 12.019829230581804
1439 36 1189 1225 23.563602603704283
1440 37 2438 2475 12.144176424633278
1441 37 1036 1073 12.947931988701571
1442 37 1267 1304 16.48039442616238
1443 37 236 273 4.207927917701518
1444 37 2142 2179 11.475481429830106
1445 37 18 55 2.837099266235749
1446 37 2188 2225 8.25799167361489
1447 37 1818 1855 14.09416674843515
1448 37 1057 1094 17.074776332118546
1449 37 4 41 1.4464458320829299
1450 37 2147 2184 9.361876437077212
1451 37 1478 1515 8.942790421857671
1452 37 271 308 6.015421505847344
1453 37 1066 1103 19.31135410180412
1454 37 2432 2469 11.154820595156439
1455 37 246 283 2.9929617920170632
1456 37 2207 2244 5.375767317373594
1457 37 2278 2315 7.997502467911503
1458 37 1809 1846 11.164655028880714
1459 37 274 311 6.790491711272671
1460 37 1980 2017 8.839506532794093
1461 37 1701 1738 12.291580009886452
1462 37 1912 1949 3.568156839835546
1463 37 2071 2108 18.57477970693262
1464 37 1943 1980 8.816003285559152
1465 37 2274 2311 8.716116769562264
1466 37 2008 2045 18.19022997931943
1467 37 1322 1359 9.056576287948806
1468 37 2319 2356 2.7106236346911143
1469 37 176 213 13.82043195497496
1470 37 2123 2160 10.758562509162289
1471 37 870 907 14.373790984660058
1472 37 2374 2411 7.715620072446833
1473 37 684 721 18.548422367008058
1474 37 1619 1656 9.393906602014813
1475 37 2369 2406 8.259430523293489
1476 37 1169 1206 21.5328434905733
1477 37 1451 1488 14.649537232498393
1478 37 2007 2044 17.43094170490924
1479 37 129 166 13.502343226666753
1480 38 1112 1150 19.29050635777174
1481 38 606 644 16.45953914529277
1482 38 1713 1751 20.00967057880943
1483 38 885 923 10.714472331175774
1484 38 2201 2239 7.371020877206767
1485 38 1720 1758 21.221327674289057
1486 38 1510 1548 9.833992433496718
1487 38 430 468 10.680525617487513
1488 38 873 911 15.02281488001565
1489 38 1721 1759 21.16839189498886
1490 38 1074 1112 18.02434395000073
1491 38 997 1035 36.446558182312565
1492 38 2368 2406 8.520652453085852
1493 38 2399 2437 3.934272108364204
1494 38 1829 1867 13.380298392563498
1495 38 482 520 4.369147501030164
1496 38 737 775 5.274648331520266
1497 38 476 514 6.064326991664906
1498 38 315 353 14.912486994985695
1499 38 1967 2005 6.01917649298501
1500 38 592 630 22.471402978099746
1501 38 1653 1691 11.572268059044607
1502 38 2335 2373 5.6645140724262815
1503 38 406 444 12.236104332198115
1504 38 940 978 31.87670703304944
1505 38 942 980 31.983550304027975
1506 38 2315 2353 3.4705674692651862
1507 38 2297 2335 6.116235515226542
1508 38 672 710 19.50568302701098
1509 38 693 731 16.15333611650268
1510 38 682 720 19.384010622528905
1511 38 272 310 6.393776790324787
1512 38 1092 1130 19.431560194059735
1513 38 513 551 7.636299683531341
1514 38 1080 1118 16.618549749072923
1515 38 1222 1260 30.26305016888042
1516 38 329 367 11.038792057329536
1517 38 2305 2343 5.01999821518619
1518 38 354 392 10.393208261742693
1519 38 1740 1778 19.603952920098088
1520 39 1609 1648 10.049443056346702
1521 39 1860 1899 9.994249916189519
1522 39 1173 1212 24.434332553159496
1523 39 2134 2173 14.087084186615781
1524 39 1614 1653 9.79573429750062
1525 39 871 910 15.459507042285992
1526 39 288 327 13.965211215278671
1527 39 1583 1622 11.199732747857343
1528 39 1819 1858 14.157094796009286
1529 39 1865 1904 11.982606618380988
1530 39 2103 2142 21.369047078694063
1531 39 1977 2016 8.355765809742834
1532 39 1126 1165 23.84964156243937
1533 39 1216 1255 30.393846569751183
1534 39 1456 1495 13.280897412059089
1535 39 788 827 19.770006977320083
1536 39 1117 1156 21.86721528066499
1537 39 775 814 19.896263245453156
1538 39 1991 2030 16.075336246143582
1539 39 907 946 14.828863347641834
1540 39 2266 2305 9.086762747517664
1541 39 1999 2038 16.33851857237491
1542 39 1319 1358 10.361022710379133
1543 39 1773 1812 19.501323815984772
1544 39 584 623 21.621005478701107
1545 39 1508 1547 9.330802242910094
1546 39 2018 2057 22.20810405364593
1547 39 896 935 6.669821425028682
1548 39 1065 1104 20.634245400516154
1549 39 960 999 35.38476506009718
1550 39 1948 1987 8.467248891057052
1551 39 96 135 5.945628844645341
1552 39 2252 2291 10.590045840478522
1553 39 620 659 6.173716381084661
1554 39 2446 2485 13.333915886414037
1555 39 973 1012 35.18651614538037
1556 39 2172 2211 5.873326631476694
1557 39 2158 2197 7.402929782149824
1558 39 228 267 5.2199583538986465
1559 39 1424 1463 16.977442347781338
1560 40 1918 1958 4.0332026304824815
1561 40 1625 1665 9.000789045847343
1562 40 2137 2177 13.956321367460815
1563 40 2396 2436 4.4592127019331365
1564 40 109 149 7.967735024305345
1565 40 1268 1308 16.98495445033069
1566 40 940 980 33.567743792005444
1567 40 622 662 5.120623506197532
1568 40 256 296 5.110646325320675
1569 40 768 808 19.49665218420881
1570 40 1745 1785 20.754334081573287
1571 40 811 851 15.079820535339925
1572 40 671 711 20.497353830482425
1573 40 688 728 18.491878055019953
1574 40 472 512 7.095196576942523
1575 40 1935 1975 8.525025008809111
1576 40 1192 1232 28.189895930276304
1577 40 513 553 8.947601261271222
1578 40 129 169 14.883414604245102
1579 40 596 636 22.682913730072922
1580 40 2088 2128 26.185685936394236
1581 40 858 898 14.376466664657208
1582 40 1408 1448 14.687965556432488
1583 40 2351 2391 9.501035852527906
1584 40 1564 1604 10.008039410295561
1585 40 1119 1159 23.431763804348545
1586 40 84 124 3.571566819770335
1587 40 1358 1398 4.832668514849391
1588 40 1552 1592 9.9128554721494
1589 40 893 933 7.05325019385939
1590 40 1229 1269 27.601892252296384
1591 40 553 593 19.963558244632615
1592 40 1744 1784 20.29867728722644
1593 40 643 683 17.272582815271946
1594 40 1238 1278 22.49686336075866
1595 40 492 532 3.0797240947064948
1596 40 442 482 10.529298478049244
1597 40 970 1010 34.89604903963775
1598 40 392 432 14.376310175154503
1599 40 1067 1107 20.76612938899108
1600 41 1617 1658 10.443684279830174
1601 41 1605 1646 10.248823945741517
1602 41 1115 1156 22.259401917353042
1603 41 797 838 22.250441788579135
1604 41 760 801 19.364123303587405
1605 41 1294 1335 15.757946174291051
1606 41 273 314 7.956289020139893
1607 41 1051 1092 17.016849088153677
1608 41 2332 2373 5.477811274654324
1609 41 2084 2125 27.38745477386778
1610 41 2456 2497 13.447349253366994
1611 41 125 166 13.871325575287768
1612 41 1152 1193 27.00131304324195
1613 41 1871 1912 12.542711385327822
1614 41 1863 1904 11.963709279839362
1615 41 1472 1513 11.31608104843785
1616 41 2101 2142 23.017593694554833
1617 41 915 956 23.946947652762532
1618 41 1602 1643 10.315993309904234
1619 41 1191 1232 29.040452433675874
1620 41 1776 1817 19.79996856170449
1621 41 1989 2030 16.12088765508348
1622 41 1380 1421 6.0762272034912925
1623 41 278 319 9.908126782073419
1624 41 1787 1828 16.175225644780213
1625 41 1632 1673 8.313412993397169
1626 41 2440 2481 13.561676379654457
1627 41 105 146 6.856560659646566
1628 41 525 566 20.005734097880755
1629 41 75 116 5.242460146468243
1630 41 2019 2060 22.126346298895104
1631 41 2185 2226 9.663543920722134
1632 41 1442 1483 15.962106796175233
1633 41 1341 1382 4.364088846393498
1634 41 529 570 21.48251754961262
1635 41 1726 1767 21.761515047064716
1636 41 900 941 9.783346413654339
1637 41 1185 1226 29.158316638949575
1638 41 1481 1522 9.34126493557774
1639 41 1968 2009 7.075817845772984
1640 42 2237 2279 10.476296300549013
1641 42 856 898 15.017459463063464
1642 42 950 992 39.198271788701014
1643 42 1576 1618 10.496942532209069
1644 42 312 354 15.935588658831263
1645 42 585 627 23.3910730232886
1646 42 1428 1470 16.378022908983755
1647 42 819 861 13.297611916154098
1648 42 2274 2316 8.653221406271737
1649 42 1000 1042 34.799291515327454
1650 42 1093 1135 21.831240155798888
1651 42 385 427 15.204562490698482
1652 42 552 594 21.048948172903074
1653 42 1103 1145 20.474473525366896
1654 42 1725 1767 22.19310069188607
1655 42 1958 2000 6.669101265912941
1656 42 767 809 20.83687082922704
1657 42 416 458 12.62465916976858
1658 42 42 84 6.990191447983363
1659 42 429 471 12.36005619182816
1660 42 479 521 4.387549925217541
1661 42 2073 2115 24.60525199942399
1662 42 1734 1776 22.66417802427291
1663 42 338 380 12.384973357533289
1664 42 531 573 22.662018074711145
1665 42 855 897 14.412409779099109
1666 42 1222 1264 32.416027553311196
1667 42 1778 1820 19.694342546866782
1668 42 408 450 13.301540618461308
1669 42 529 571 22.261747832874217
1670 42 1518 1560 16.322027149636995
1671 42 640 682 16.787928840508627
1672 42 2305 2347 4.736087818722118
1673 42 1887 1929 11.012834664868
1674 42 115 157 11.265773065048439
1675 42 2304 2346 5.327726744170646
1676 42 2042 2084 16.799896434724563
1677 42 2375 2417 6.834210257091966
1678 42 1183 1225 29.82654750642896
1679 42 1678 1720 10.206105371495019
1680 43 901 944 11.853463360382891
1681 43 2007 2050 23.04005157020205
1682 43 731 774 6.5249997304374086
1683 43 2448 2491 15.553017549836284
1684 43 1592 1635 12.055834209544003
1685 43 1921 1964 5.49738362228502
1686 43 2144 2187 10.484217426724634
1687 43 53 96 6.482340314275752
1688 43 914 957 24.862101025419953
1689 43 1035 1078 14.961025057996206
1690 43 1111 1154 22.410810365932516
1691 43 2000 2043 19.17777108499035
1692 43 2313 2356 4.650742056250543
1693 43 706 749 18.43183964550467
1694 43 466 509 9.595126828431782
1695 43 229 272 5.278909418951665
1696 43 268 311 7.4507426244396155
1697 43 1401 1444 13.576922186029687
1698 43 975 1018 39.907994981504984
1699 43 2093 2136 25.315581753279204
1700 43 2364 2407 8.870540762477345
1701 43 2164 2207 6.36942076153157
1702 43 654 697 23.972777466652595
1703 43 1748 1791 22.4226398527029
1704 43 2184 2227 10.087257290386525
1705 43 580 623 23.569430626204827
1706 43 1944 1987 9.248559182736035
1707 43 1816 1859 15.046174757161824
1708 43 1668 1711 9.054736022151625
1709 43 2170 2213 5.994782715600797
1710 43 1214 1257 33.14202443958458
1711 43 414 457 12.936058876651977
1712 43 1323 1366 7.760569344019125
1713 43 531 574 22.992100397856795
1714 43 2006 2049 22.60620313768058
1715 43 1823 1866 14.092626052701164
1716 43 545 588 24.49743656347613
1717 43 752 795 16.17574177358981
1718 43 891 934 7.53662378850311
1719 43 392 435 14.962736941959248
1720 44 1613 1657 10.952672073932444
1721 44 916 960 28.05981504888437
1722 44 1558 1602 10.560829944117883
1723 44 1048 1092 17.909677995240237
1724 44 1126 1170 26.443242560676676
1725 44 407 451 14.0901313949503
1726 44 234 278 4.096170277225142
1727 44 1512 1556 15.132007861806956
1728 44 1795 1839 12.775496824011753
1729 44 10 54 3.2772806132412766
1730 44 235 279 3.887397485395481
1731 44 1377 1421 5.569065873057732
1732 44 1950 1994 8.470866945932029
1733 44 2026 2070 20.245425468325305
1734 44 2329 2373 5.06986146932712
1735 44 1753 1797 22.500530747779525
1736 44 712 756 16.803091638677245
1737 44 2313 2357 4.751656205967566
1738 44 692 736 18.69803698272538
1739 44 1718 1762 23.550426152499156
1740 44 638 682 16.42046645778079
1741 44 1424 1468 17.682597314630396
1742 44 2064 2108 19.125585625309796
1743 44 2060 2104 15.819144933768541
1744 44 1137 1181 25.162875524372648
1745 44 1189 1233 31.465926039163563
1746 44 2448 2492 15.807346082420624
1747 44 2016 2060 23.582092813517704
1748 44 2087 2131 27.303571137997455
1749 44 1709 1753 21.477772977458798
1750 44 1603 1647 10.513207623773251
1751 44 1710 1754 22.265974024740405
1752 44 664 708 23.656997855430923
1753 44 703 747 19.04015252459446
1754 44 412 456 13.122498669088076
1755 44 834 878 10.137518345445734
1756 44 1835 1879 10.256065306588342
1757 44 1433 1477 16.801947665864347
1758 44 2383 2427 5.428682787664767
1759 44 1499 1543 8.76074870154137
1760 45 201 246 8.80725659412302
1761 45 2098 2143 25.57601976593303
1762 45 1879 1924 13.125882751256034
1763 45 35 80 5.832769982766524
1764 45 2162 2207 6.681606825524111
1765 45 1483 1528 10.382019816626782
1766 45 2152 2197 7.825131090235041
1767 45 1746 1791 24.042873032710805
1768 45 815 860 14.155813453203681
1769 45 1551 1596 12.94202532473959
1770 45 2165 2210 6.54470515971968
1771 45 1243 1288 24.21586733284364
1772 45 579 624 24.70442968896449
1773 45 14 59 4.584352128248143
1774 45 1577 1622 11.659263751292366
1775 45 2153 2198 7.340468115846834
1776 45 564 609 23.11623580170238
1777 45 542 587 25.61857173271028
1778 45 386 431 15.964514402230343
1779 45 2404 2449 5.395231345266494
1780 45 1355 1400 4.748939736502667
1781 45 1194 1239 33.55203650686176
1782 45 211 256 3.8638945358559647
1783 45 2024 2069 21.14708597057575
1784 45 251 296 3.972512745729702
1785 45 2092 2137 25.838582289670423
1786 45 1203 1248 34.845702675793284
1787 45 1964 2009 8.362526057262743
1788 45 2157 2202 7.062695161511435
1789 45 1223 1268 33.42931922146233
1790 45 1780 1825 20.46547279518263
1791 45 2278 2323 8.365841648438812
1792 45 1816 1861 15.503936627864267
1793 45 817 862 14.180327516505962
1794 45 489 534 4.11153521096177
1795 45 101 146 6.962227636577392
1796 45 717 762 14.46860086446505
1797 45 975 1020 42.63139093058247
1798 45 1309 1354 13.239478725872107
1799 45 2393 2438 5.219112287764438
1800 46 867 913 17.770340615385496
1801 46 524 570 22.18833179889905
1802 46 1970 2016 9.688298902173559
1803 46 2135 2181 14.685153112109177
1804 46 258 304 7.069389106845844
1805 46 1246 1292 23.81191790759673
1806 46 1049 1095 18.967387536698457
1807 46 1192 1238 34.011704302936174
1808 46 870 916 16.948707437875957
1809 46 2433 2479 13.351559180230213
1810 46 222 268 6.027563006093997
1811 46 2384 2430 5.330255540923584
1812 46 2301 2347 5.242799136573951
1813 46 884 930 10.146750221974173
1814 46 2309 2355 4.412589178326025
1815 46 2298 2344 5.815602964516721
1816 46 899 945 11.760128060858882
1817 46 2055 2101 13.994285857323034
1818 46 137 183 17.08377129480508
1819 46 162 208 18.813606319592896
1820 46 998 1044 35.557454369098934
1821 46 1313 1359 12.723632691979025
1822 46 930 976 36.69193888290919
1823 46 2340 2386 9.800536666729746
1824 46 152 198 19.426484944468385
1825 46 726 772 8.280831991104199
1826 46 2458 2504 10.814302753217174
1827 46 1407 1453 17.374004856604127
1828 46 523 569 21.730348565843546
1829 46 2388 2434 4.755636463544353
1830 46 669 715 23.163070839483826
1831 46 1553 1599 12.381944564021804
1832 46 1364 1410 1.6397338288806949
1833 46 1155 1201 28.94059520554118
1834 46 217 263 5.249766707471852
1835 46 1997 2043 20.089897343538297
1836 46 1866 1912 12.802782133041855
1837 46 1069 1115 22.374383658396976
1838 46 762 808 22.64080649004728
1839 46 2031 2077 20.485947567963198
1840 47 1100 1147 24.463590859113673
1841 47 1504 1551 12.249638598121358
1842 47 91 138 6.4413907260161
1843 47 860 907 17.798230754178316
1844 47 977 1024 46.32834968176826
1845 47 2087 2134 27.996958419117377
1846 47 725 772 8.457467763324521
1847 47 1407 1454 17.772688151862887
1848 47 315 362 16.635432630496343
1849 47 956 1003 42.051804770051504
1850 47 101 148 7.599600863316341
1851 47 332 379 13.891297233447508
1852 47 173 220 14.924327836288004
1853 47 617 664 4.5075911632780175
1854 47 1869 1916 13.134669264540216
1855 47 1191 1238 34.79747121823589
1856 47 1441 1488 18.977520377595873
1857 47 745 792 12.841015842751672
1858 47 2238 2285 11.879868459743253
1859 47 2422 2469 12.345105335845908
1860 47 575 622 25.023476990939702
1861 47 2007 2054 25.89581276213398
1862 47 151 198 19.78026408390641
1863 47 1771 1818 22.28933566808716
1864 47 792 839 24.90520456024883
1865 47 1323 1370 7.23203454427682
1866 47 1043 1090 19.938188835423638
1867 47 1309 1356 13.321476979637895
1868 47 226 273 5.920581701895494
1869 47 512 559 12.362611090098842
1870 47 1643 1690 12.648964324470645
1871 47 479 526 4.76505649472659
1872 47 42 89 7.721580659415667
1873 47 2176 2223 8.73073309685341
1874 47 676 723 23.062056322733067
1875 47 1303 1350 13.768412096149904
1876 47 855 902 16.79724560247214
1877 47 773 820 22.489997897098608
1878 47 267 314 8.692233148965524
1879 47 791 838 25.654813665820566
1880 48 2363 2411 9.354913883287832
1881 48 183 231 13.67361198257743
1882 48 1963 2011 9.119558051735115
1883 48 61 109 5.235631774494242
1884 48 1292 1340 17.58270005261583
1885 48 1652 1700 13.881714688300635
1886 48 1149 1197 30.654405089292293
1887 48 1695 1743 16.70616752992504
1888 48 2039 2087 17.069681284341023
1889 48 108 156 11.107028324877652
1890 48 1775 1823 22.048122893102004
1891 48 1536 1584 13.579547128673886
1892 48 2073 2121 27.33354104016092
1893 48 224 272 5.905032521072167
1894 48 1186 1234 36.58592036526456
1895 48 784 832 25.925855533637982
1896 48 523 571 23.088013422514685
1897 48 524 572 23.2105271711303
1898 48 1546 1594 14.881802269485172
1899 48 2037 2085 18.151545043646728
1900 48 308 356 17.416564926449034
1901 48 2114 2162 15.521773053248864
1902 48 1786 1834 17.651734880734285
1903 48 1889 1937 11.112095987762286
1904 48 1845 1893 2.0906695336436423
1905 48 578 626 26.23532325464114
1906 48 1773 1821 22.05688421724946
1907 48 2156 2204 7.220405527373335
1908 48 993 1041 40.62941129972447
1909 48 830 878 13.651886599832276
1910 48 1124 1172 28.594483200393444
1911 48 322 370 15.346846962772316
1912 48 1501 1549 11.763501490121698
1913 48 269 317 9.45423243556799
1914 48 1897 1945 7.272247663976882
1915 48 762 810 23.78220835133557
1916 48 2128 2176 16.085731823599644
1917 48 2115 2163 14.93980367826934
1918 48 515 563 16.513337045117368
1919 48 414 462 14.918353577850764
1920 49 1491 1540 9.52810919165887
1921 49 1523 1572 15.690885085404554
1922 49 1295 1344 16.324927273843432
1923 49 2129 2178 16.476371936511768
1924 49 729 778 7.453681505616094
1925 49 1210 1259 36.99968491107603
1926 49 1080 1129 22.846249970308364
1927 49 1054 1103 22.69626142089658
1928 49 1031 1080 14.228965197509723
1929 49 2388 2437 5.215397473771643
1930 49 1209 1258 37.28305904976308
1931 49 83 132 5.940332750450683
1932 49 2332 2381 8.057689660654376
1933 49 345 394 12.740148704366282
1934 49 2073 2122 27.397601420489078
1935 49 864 913 18.730648924185637
1936 49 2360 2409 9.798231172526211
1937 49 946 995 44.37330544710584
1938 49 1769 1818 23.25594112680209
1939 49 1013 1062 21.021643223341215
1940 49 585 634 26.33594021844486
1941 49 2379 2428 6.5043244577601635
1942 49 1075 1124 22.285135683175202
1943 49 1722 1771 24.95423201919332
1944 49 730 779 6.559688490096065
1945 49 267 316 9.29913828876583
1946 49 1161 1210 29.4716972448467
1947 49 532 581 24.953277058776298
1948 49 717 766 13.117119513392412
1949 49 2421 2470 12.692038784415583
1950 49 610 659 10.668181853436625
1951 49 485 534 5.142898593365522
1952 49 1602 1651 10.953251278285627
1953 49 231 280 4.8838102260955765
1954 49 2412 2461 8.441158412196089
1955 49 846 895 13.616090898915134
1956 49 347 396 12.822621017249174
1957 49 865 914 18.524715552296573
1958 49 50 99 8.115245219263182
1959 49 1538 1587 14.371436268098382
1960 50 1343 1393 4.92871945970465
1961 50 632 682 15.101022119902188
1962 50 1057 1107 24.538002045073576
1963 50 2170 2220 7.723642481404283
1964 50 1504 1554 14.323182690436134
1965 50 2305 2355 5.379536525095467
1966 50 485 535 5.34932211406207
1967 50 1064 1114 25.47162626974209
1968 50 198 248 10.05738794560885
1969 50 623 673 8.615762918019044
1970 50 1294 1344 16.903523507461916
1971 50 290 340 17.687516308512976
1972 50 1943 1993 9.109070333758249
1973 50 199 249 9.760952082119596
1974 50 2369 2419 8.985097380054352
1975 50 2197 2247 6.2393396902453
1976 50 1065 1115 25.26225121706131
1977 50 382 432 16.584285445992066
1978 50 1965 2015 10.775679374622243
1979 50 1740 1790 26.846128115642582
1980 50 723 773 8.62301708641355
1981 50 743 793 12.61621292553201
1982 50 986 1036 47.35558156761735
1983 50 2340 2390 10.883808142372704
1984 50 1479 1529 12.342679107129905
1985 50 1920 1970 7.495270313887951
1986 50 1570 1620 12.224937130929643
1987 50 1981 2031 15.243167097710247
1988 50 482 532 5.381318438320126
1989 50 2394 2444 6.130287703114796
1990 50 898 948 13.274893786099437
1991 50 1722 1772 25.443305736553505
1992 50 1634 1684 9.79665539092827
1993 50 1638 1688 10.948504320399548
1994 50 149 199 20.751783813168686
1995 50 749 799 17.63320634365852
1996 50 1742 1792 27.277021385482538
1997 50 1947 1997 8.483882964374256
1998 50 2239 2289 12.411792263764958
1999 50 1979 2029 14.297894129214201
