0 1 115 116
1 1 187 188
2 1 173 174
3 1 739 740
4 1 346 347
5 1 631 632
6 1 515 516
7 1 1240 1241
8 1 434 435
9 1 1242 1243
10 1 73 74
11 1 1190 1191
12 1 324 325
13 1 882 883
14 1 1307 1308
15 1 805 806
16 1 1042 1043
17 1 761 762
18 1 1114 1115
19 1 911 912
20 1 1028 1029
21 1 549 550
22 1 56 57
23 1 745 746
24 1 952 953
25 1 652 653
26 1 778 779
27 1 867 868
28 1 1076 1077
29 1 336 337
30 1 1147 1148
31 1 363 364
32 1 483 484
33 1 472 473
34 1 48 49
35 1 361 362
36 1 665 666
37 1 355 356
38 1 279 280
39 1 1044 1045
40 2 1044 1046
41 2 736 738
42 2 1052 1054
43 2 1146 1148
44 2 372 374
45 2 912 914
46 2 849 851
47 2 1075 1077
48 2 745 747
49 2 1215 1217
50 2 724 726
51 2 741 743
52 2 330 332
53 2 818 820
54 2 944 946
55 2 1086 1088
56 2 511 513
57 2 1003 1005
58 2 571 573
59 2 1020 1022
60 2 1025 1027
61 2 1055 1057
62 2 931 933
63 2 718 720
64 2 1162 1164
65 2 1141 1143
66 2 935 937
67 2 996 998
68 2 454 456
69 2 664 666
70 2 340 342
71 2 1262 1264
72 2 549 551
73 2 982 984
74 2 633 635
75 2 621 623
76 2 1032 1034
77 2 1151 1153
78 2 1060 1062
79 2 1039 1041
80 3 1261 1264
81 3 1204 1207
82 3 832 835
83 3 638 641
84 3 425 428
85 3 1001 1004
86 3 1048 1051
87 3 750 753
88 3 1276 1279
89 3 154 157
90 3 699 702
91 3 17 20
92 3 391 394
93 3 217 220
94 3 120 123
95 3 1176 1179
96 3 100 103
97 3 559 562
98 3 1211 1214
99 3 464 467
100 3 1069 1072
101 3 279 282
102 3 544 547
103 3 501 504
104 3 431 434
105 3 123 126
106 3 866 869
107 3 65 68
108 3 116 119
109 3 742 745
110 3 737 740
111 3 352 355
112 3 510 513
113 3 48 51
114 3 169 172
115 3 235 238
116 3 138 141
117 3 51 54
118 3 83 86
119 3 43 46
120 4 764 768
121 4 523 527
122 4 261 265
123 4 321 325
124 4 376 380
125 4 1071 1075
126 4 3 7
127 4 789 793
128 4 1207 1211
129 4 88 92
130 4 507 511
131 4 310 314
132 4 74 78
133 4 8 12
134 4 704 708
135 4 1260 1264
136 4 1285 1289
137 4 231 235
138 4 585 589
139 4 690 694
140 4 1000 1004
141 4 63 67
142 4 631 635
143 4 918 922
144 4 1129 1133
145 4 1239 1243
146 4 93 97
147 4 540 544
148 4 822 826
149 4 1273 1277
150 4 314 318
151 4 968 972
152 4 461 465
153 4 191 195
154 4 647 651
155 4 208 212
156 4 49 53
157 4 917 921
158 4 1061 1065
159 4 1197 1201
160 5 804 809
161 5 997 1002
162 5 1054 1059
163 5 671 676
164 5 294 299
165 5 698 703
166 5 530 535
167 5 536 541
168 5 1241 1246
169 5 859 864
170 5 36 41
171 5 1142 1147
172 5 287 292
173 5 116 121
174 5 518 523
175 5 68 73
176 5 269 274
177 5 330 335
178 5 349 354
179 5 196 201
180 5 928 933
181 5 1300 1305
182 5 474 479
183 5 1040 1045
184 5 64 69
185 5 505 510
186 5 476 481
187 5 910 915
188 5 150 155
189 5 513 518
190 5 164 169
191 5 1210 1215
192 5 467 472
193 5 1278 1283
194 5 1277 1282
195 5 736 741
196 5 525 530
197 5 866 871
198 5 570 575
199 5 1077 1082
200 6 9 15
201 6 309 315
202 6 72 78
203 6 787 793
204 6 837 843
205 6 328 334
206 6 227 233
207 6 1048 1054
208 6 179 185
209 6 493 499
210 6 208 214
211 6 204 210
212 6 40 46
213 6 372 378
214 6 474 480
215 6 215 221
216 6 445 451
217 6 50 56
218 6 1066 1072
219 6 951 957
220 6 929 935
221 6 634 640
222 6 1096 1102
223 6 778 784
224 6 435 441
225 6 430 436
226 6 888 894
227 6 871 877
228 6 1047 1053
229 6 43 49
230 6 1190 1196
231 6 1211 1217
232 6 104 110
233 6 856 862
234 6 1075 1081
235 6 371 377
236 6 192 198
237 6 982 988
238 6 749 755
239 6 39 45
240 7 1063 1070
241 7 242 249
242 7 1250 1257
243 7 750 757
244 7 593 600
245 7 762 769
246 7 631 638
247 7 39 46
248 7 844 851
249 7 207 214
250 7 215 222
251 7 626 633
252 7 406 413
253 7 32 39
254 7 924 931
255 7 122 129
256 7 841 848
257 7 1305 1312
258 7 995 1002
259 7 948 955
260 7 426 433
261 7 1205 1212
262 7 1256 1263
263 7 151 158
264 7 10 17
265 7 582 589
266 7 49 56
267 7 763 770
268 7 156 163
269 7 448 455
270 7 1004 1011
271 7 393 400
272 7 237 244
273 7 1170 1177
274 7 764 771
275 7 802 809
276 7 286 293
277 7 706 713
278 7 809 816
279 7 249 256
280 8 520 528
281 8 249 257
282 8 251 259
283 8 164 172
284 8 1262 1270
285 8 685 693
286 8 800 808
287 8 434 442
288 8 215 223
289 8 50 58
290 8 1266 1274
291 8 963 971
292 8 88 96
293 8 1019 1027
294 8 595 603
295 8 732 740
296 8 936 944
297 8 289 297
298 8 767 775
299 8 550 558
300 8 991 999
301 8 1077 1085
302 8 978 986
303 8 858 866
304 8 1007 1015
305 8 607 615
306 8 808 816
307 8 474 482
308 8 320 328
309 8 1001 1009
310 8 1221 1229
311 8 531 539
312 8 1123 1131
313 8 875 883
314 8 172 180
315 8 1199 1207
316 8 1179 1187
317 8 196 204
318 8 145 153
319 8 729 737
320 9 360 369
321 9 1116 1125
322 9 300 309
323 9 853 862
324 9 136 145
325 9 176 185
326 9 76 85
327 9 263 272
328 9 606 615
329 9 799 808
330 9 474 483
331 9 674 683
332 9 898 907
333 9 353 362
334 9 1073 1082
335 9 587 596
336 9 229 238
337 9 319 328
338 9 1107 1116
339 9 867 876
340 9 196 205
341 9 673 682
342 9 1057 1066
343 9 509 518
344 9 1053 1062
345 9 526 535
346 9 347 356
347 9 322 331
348 9 944 953
349 9 480 489
350 9 827 836
351 9 734 743
352 9 1174 1183
353 9 296 305
354 9 955 964
355 9 903 912
356 9 60 69
357 9 1218 1227
358 9 784 793
359 9 369 378
360 10 804 814
361 10 1044 1054
362 10 109 119
363 10 988 998
364 10 561 571
365 10 829 839
366 10 519 529
367 10 844 854
368 10 967 977
369 10 737 747
370 10 1121 1131
371 10 677 687
372 10 166 176
373 10 460 470
374 10 1091 1101
375 10 1272 1282
376 10 384 394
377 10 824 834
378 10 783 793
379 10 1300 1310
380 10 23 33
381 10 640 650
382 10 951 961
383 10 1072 1082
384 10 954 964
385 10 363 373
386 10 193 203
387 10 35 45
388 10 825 835
389 10 443 453
390 10 1165 1175
391 10 1241 1251
392 10 790 800
393 10 441 451
394 10 205 215
395 10 798 808
396 10 1142 1152
397 10 408 418
398 10 1200 1210
399 10 1188 1198
400 11 392 403
401 11 1003 1014
402 11 1253 1264
403 11 282 293
404 11 17 28
405 11 1254 1265
406 11 889 900
407 11 987 998
408 11 519 530
409 11 1051 1062
410 11 1159 1170
411 11 355 366
412 11 956 967
413 11 419 430
414 11 149 160
415 11 717 728
416 11 6 17
417 11 994 1005
418 11 1091 1102
419 11 134 145
420 11 1211 1222
421 11 993 1004
422 11 685 696
423 11 940 951
424 11 546 557
425 11 1029 1040
426 11 942 953
427 11 56 67
428 11 163 174
429 11 1256 1267
430 11 711 722
431 11 828 839
432 11 522 533
433 11 1280 1291
434 11 276 287
435 11 110 121
436 11 332 343
437 11 1022 1033
438 11 781 792
439 11 951 962
440 12 603 615
441 12 319 331
442 12 21 33
443 12 578 590
444 12 1141 1153
445 12 957 969
446 12 3 15
447 12 750 762
448 12 69 81
449 12 1101 1113
450 12 783 795
451 12 1155 1167
452 12 906 918
453 12 418 430
454 12 631 643
455 12 1020 1032
456 12 273 285
457 12 990 1002
458 12 1102 1114
459 12 619 631
460 12 157 169
461 12 528 540
462 12 641 653
463 12 622 634
464 12 683 695
465 12 639 651
466 12 804 816
467 12 1061 1073
468 12 190 202
469 12 1041 1053
470 12 1297 1309
471 12 431 443
472 12 801 813
473 12 1221 1233
474 12 1086 1098
475 12 306 318
476 12 1033 1045
477 12 1287 1299
478 12 182 194
479 12 630 642
480 13 83 96
481 13 477 490
482 13 937 950
483 13 1149 1162
484 13 475 488
485 13 1070 1083
486 13 568 581
487 13 125 138
488 13 229 242
489 13 776 789
490 13 746 759
491 13 437 450
492 13 652 665
493 13 729 742
494 13 158 171
495 13 685 698
496 13 936 949
497 13 742 755
498 13 340 353
499 13 1019 1032
500 13 905 918
501 13 597 610
502 13 944 957
503 13 274 287
504 13 442 455
505 13 559 572
506 13 668 681
507 13 325 338
508 13 203 216
509 13 487 500
510 13 960 973
511 13 388 401
512 13 765 778
513 13 379 392
514 13 287 300
515 13 277 290
516 13 550 563
517 13 1127 1140
518 13 1296 1309
519 13 774 787
520 14 819 833
521 14 700 714
522 14 574 588
523 14 1218 1232
524 14 1029 1043
525 14 1189 1203
526 14 656 670
527 14 818 832
528 14 1294 1308
529 14 597 611
530 14 1089 1103
531 14 1274 1288
532 14 148 162
533 14 752 766
534 14 631 645
535 14 809 823
536 14 991 1005
537 14 357 371
538 14 528 542
539 14 724 738
540 14 902 916
541 14 976 990
542 14 179 193
543 14 381 395
544 14 644 658
545 14 776 790
546 14 260 274
547 14 57 71
548 14 213 227
549 14 718 732
550 14 342 356
551 14 735 749
552 14 157 171
553 14 893 907
554 14 17 31
555 14 1111 1125
556 14 484 498
557 14 1217 1231
558 14 798 812
559 14 1108 1122
560 15 582 597
561 15 960 975
562 15 308 323
563 15 736 751
564 15 647 662
565 15 413 428
566 15 1020 1035
567 15 194 209
568 15 291 306
569 15 418 433
570 15 678 693
571 15 514 529
572 15 289 304
573 15 860 875
574 15 738 753
575 15 512 527
576 15 182 197
577 15 701 716
578 15 384 399
579 15 504 519
580 15 491 506
581 15 1250 1265
582 15 95 110
583 15 689 704
584 15 763 778
585 15 1252 1267
586 15 126 141
587 15 294 309
588 15 363 378
589 15 129 144
590 15 880 895
591 15 908 923
592 15 556 571
593 15 271 286
594 15 657 672
595 15 1071 1086
596 15 1181 1196
597 15 238 253
598 15 692 707
599 15 808 823
600 16 466 482
601 16 110 126
602 16 803 819
603 16 970 986
604 16 1003 1019
605 16 1268 1284
606 16 648 664
607 16 1115 1131
608 16 1272 1288
609 16 1223 1239
610 16 185 201
611 16 1204 1220
612 16 1045 1061
613 16 1103 1119
614 16 1015 1031
615 16 821 837
616 16 930 946
617 16 346 362
618 16 843 859
619 16 790 806
620 16 1074 1090
621 16 927 943
622 16 94 110
623 16 221 237
624 16 924 940
625 16 1211 1227
626 16 262 278
627 16 242 258
628 16 1024 1040
629 16 358 374
630 16 158 174
631 16 804 820
632 16 626 642
633 16 937 953
634 16 18 34
635 16 518 534
636 16 217 233
637 16 718 734
638 16 451 467
639 16 354 370
640 17 51 68
641 17 300 317
642 17 875 892
643 17 188 205
644 17 688 705
645 17 953 970
646 17 101 118
647 17 972 989
648 17 494 511
649 17 132 149
650 17 986 1003
651 17 285 302
652 17 1144 1161
653 17 62 79
654 17 283 300
655 17 1028 1045
656 17 1110 1127
657 17 123 140
658 17 99 116
659 17 408 425
660 17 1118 1135
661 17 12 29
662 17 1070 1087
663 17 691 708
664 17 1082 1099
665 17 488 505
666 17 286 303
667 17 760 777
668 17 1007 1024
669 17 3 20
670 17 269 286
671 17 1106 1123
672 17 238 255
673 17 505 522
674 17 221 238
675 17 955 972
676 17 433 450
677 17 108 125
678 17 1261 1278
679 17 440 457
680 18 1282 1300
681 18 776 794
682 18 689 707
683 18 1275 1293
684 18 806 824
685 18 1074 1092
686 18 1038 1056
687 18 333 351
688 18 1046 1064
689 18 215 233
690 18 310 328
691 18 1284 1302
692 18 430 448
693 18 355 373
694 18 772 790
695 18 413 431
696 18 609 627
697 18 697 715
698 18 882 900
699 18 294 312
700 18 875 893
701 18 267 285
702 18 815 833
703 18 642 660
704 18 612 630
705 18 203 221
706 18 1151 1169
707 18 204 222
708 18 968 986
709 18 557 575
710 18 582 600
711 18 1080 1098
712 18 1001 1019
713 18 573 591
714 18 469 487
715 18 861 879
716 18 281 299
717 18 1120 1138
718 18 212 230
719 18 62 80
720 19 1232 1251
721 19 1129 1148
722 19 413 432
723 19 434 453
724 19 398 417
725 19 801 820
726 19 1187 1206
727 19 80 99
728 19 282 301
729 19 1280 1299
730 19 48 67
731 19 537 556
732 19 973 992
733 19 1105 1124
734 19 97 116
735 19 459 478
736 19 295 314
737 19 1224 1243
738 19 640 659
739 19 78 97
740 19 401 420
741 19 221 240
742 19 287 306
743 19 1114 1133
744 19 381 400
745 19 188 207
746 19 950 969
747 19 1289 1308
748 19 597 616
749 19 427 446
750 19 322 341
751 19 664 683
752 19 567 586
753 19 1061 1080
754 19 1165 1184
755 19 138 157
756 19 845 864
757 19 850 869
758 19 69 88
759 19 932 951
760 20 609 629
761 20 249 269
762 20 557 577
763 20 32 52
764 20 439 459
765 20 857 877
766 20 682 702
767 20 535 555
768 20 1101 1121
769 20 803 823
770 20 1215 1235
771 20 1076 1096
772 20 411 431
773 20 880 900
774 20 263 283
775 20 349 369
776 20 916 936
777 20 930 950
778 20 708 728
779 20 784 804
780 20 969 989
781 20 1254 1274
782 20 521 541
783 20 1259 1279
784 20 390 410
785 20 1189 1209
786 20 975 995
787 20 911 931
788 20 393 413
789 20 961 981
790 20 1174 1194
791 20 691 711
792 20 633 653
793 20 144 164
794 20 756 776
795 20 1239 1259
796 20 1282 1302
797 20 965 985
798 20 455 475
799 20 1260 1280
800 21 1181 1202
801 21 262 283
802 21 630 651
803 21 424 445
804 21 1096 1117
805 21 612 633
806 21 200 221
807 21 25 46
808 21 59 80
809 21 405 426
810 21 641 662
811 21 119 140
812 21 653 674
813 21 1092 1113
814 21 524 545
815 21 702 723
816 21 902 923
817 21 147 168
818 21 858 879
819 21 963 984
820 21 37 58
821 21 578 599
822 21 1187 1208
823 21 1176 1197
824 21 270 291
825 21 434 455
826 21 308 329
827 21 332 353
828 21 1242 1263
829 21 769 790
830 21 132 153
831 21 1204 1225
832 21 915 936
833 21 571 592
834 21 168 189
835 21 1014 1035
836 21 980 1001
837 21 486 507
838 21 309 330
839 21 1156 1177
840 22 612 634
841 22 465 487
842 22 415 437
843 22 1266 1288
844 22 685 707
845 22 1211 1233
846 22 1261 1283
847 22 802 824
848 22 1073 1095
849 22 833 855
850 22 480 502
851 22 436 458
852 22 1149 1171
853 22 126 148
854 22 535 557
855 22 510 532
856 22 283 305
857 22 1272 1294
858 22 801 823
859 22 893 915
860 22 244 266
861 22 933 955
862 22 808 830
863 22 972 994
864 22 778 800
865 22 583 605
866 22 440 462
867 22 492 514
868 22 458 480
869 22 112 134
870 22 1090 1112
871 22 1074 1096
872 22 185 207
873 22 1234 1256
874 22 1113 1135
875 22 7 29
876 22 110 132
877 22 793 815
878 22 881 903
879 22 822 844
880 23 473 496
881 23 1054 1077
882 23 558 581
883 23 206 229
884 23 746 769
885 23 1045 1068
886 23 739 762
887 23 1064 1087
888 23 1009 1032
889 23 1189 1212
890 23 143 166
891 23 942 965
892 23 452 475
893 23 572 595
894 23 50 73
895 23 60 83
896 23 980 1003
897 23 85 108
898 23 264 287
899 23 290 313
900 23 422 445
901 23 658 681
902 23 494 517
903 23 1101 1124
904 23 99 122
905 23 1261 1284
906 23 296 319
907 23 604 627
908 23 209 232
909 23 1142 1165
910 23 1107 1130
911 23 177 200
912 23 279 302
913 23 895 918
914 23 287 310
915 23 69 92
916 23 635 658
917 23 1047 1070
918 23 549 572
919 23 969 992
920 24 96 120
921 24 1139 1163
922 24 727 751
923 24 696 720
924 24 199 223
925 24 1241 1265
926 24 736 760
927 24 219 243
928 24 1247 1271
929 24 712 736
930 24 744 768
931 24 564 588
932 24 979 1003
933 24 579 603
934 24 1043 1067
935 24 1229 1253
936 24 306 330
937 24 52 76
938 24 90 114
939 24 697 721
940 24 888 912
941 24 16 40
942 24 715 739
943 24 1094 1118
944 24 103 127
945 24 157 181
946 24 1106 1130
947 24 1037 1061
948 24 1248 1272
949 24 891 915
950 24 877 901
951 24 858 882
952 24 491 515
953 24 372 396
954 24 332 356
955 24 1256 1280
956 24 92 116
957 24 32 56
958 24 1214 1238
959 24 723 747
960 25 371 396
961 25 603 628
962 25 40 65
963 25 82 107
964 25 505 530
965 25 1159 1184
966 25 449 474
967 25 825 850
968 25 129 154
969 25 737 762
970 25 227 252
971 25 1222 1247
972 25 138 163
973 25 496 521
974 25 477 502
975 25 1126 1151
976 25 388 413
977 25 210 235
978 25 12 37
979 25 830 855
980 25 163 188
981 25 1024 1049
982 25 575 600
983 25 1191 1216
984 25 453 478
985 25 107 132
986 25 1076 1101
987 25 1059 1084
988 25 1080 1105
989 25 874 899
990 25 259 284
991 25 317 342
992 25 265 290
993 25 941 966
994 25 763 788
995 25 108 133
996 25 1171 1196
997 25 374 399
998 25 1057 1082
999 25 901 926
1000 26 895 921
1001 26 1227 1253
1002 26 913 939
1003 26 332 358
1004 26 1014 1040
1005 26 1217 1243
1006 26 261 287
1007 26 718 744
1008 26 298 324
1009 26 47 73
1010 26 514 540
1011 26 383 409
1012 26 309 335
1013 26 844 870
1014 26 1166 1192
1015 26 512 538
1016 26 905 931
1017 26 962 988
1018 26 951 977
1019 26 385 411
1020 26 866 892
1021 26 891 917
1022 26 551 577
1023 26 449 475
1024 26 723 749
1025 26 64 90
1026 26 808 834
1027 26 1272 1298
1028 26 57 83
1029 26 873 899
1030 26 619 645
1031 26 49 75
1032 26 1121 1147
1033 26 977 1003
1034 26 1165 1191
1035 26 535 561
1036 26 554 580
1037 26 506 532
1038 26 955 981
1039 26 935 961
1040 27 747 774
1041 27 1068 1095
1042 27 1267 1294
1043 27 945 972
1044 27 504 531
1045 27 1138 1165
1046 27 1095 1122
1047 27 326 353
1048 27 943 970
1049 27 590 617
1050 27 740 767
1051 27 859 886
1052 27 224 251
1053 27 1035 1062
1054 27 503 530
1055 27 792 819
1056 27 239 266
1057 27 886 913
1058 27 1224 1251
1059 27 1278 1305
1060 27 1067 1094
1061 27 931 958
1062 27 184 211
1063 27 799 826
1064 27 926 953
1065 27 1262 1289
1066 27 742 769
1067 27 1140 1167
1068 27 714 741
1069 27 339 366
1070 27 300 327
1071 27 478 505
1072 27 356 383
1073 27 836 863
1074 27 923 950
1075 27 1021 1048
1076 27 353 380
1077 27 833 860
1078 27 540 567
1079 27 640 667
1080 28 1168 1196
1081 28 829 857
1082 28 612 640
1083 28 541 569
1084 28 642 670
1085 28 23 51
1086 28 820 848
1087 28 1213 1241
1088 28 82 110
1089 28 422 450
1090 28 931 959
1091 28 207 235
1092 28 234 262
1093 28 21 49
1094 28 742 770
1095 28 660 688
1096 28 1239 1267
1097 28 648 676
1098 28 831 859
1099 28 365 393
1100 28 666 694
1101 28 164 192
1102 28 1079 1107
1103 28 1228 1256
1104 28 983 1011
1105 28 823 851
1106 28 1269 1297
1107 28 482 510
1108 28 910 938
1109 28 193 221
1110 28 1235 1263
1111 28 37 65
1112 28 705 733
1113 28 62 90
1114 28 620 648
1115 28 1010 1038
1116 28 286 314
1117 28 104 132
1118 28 19 47
1119 28 675 703
1120 29 831 860
1121 29 979 1008
1122 29 1256 1285
1123 29 10 39
1124 29 987 1016
1125 29 1177 1206
1126 29 416 445
1127 29 456 485
1128 29 1253 1282
1129 29 670 699
1130 29 339 368
1131 29 683 712
1132 29 620 649
1133 29 801 830
1134 29 1163 1192
1135 29 1224 1253
1136 29 994 1023
1137 29 953 982
1138 29 572 601
1139 29 175 204
1140 29 1031 1060
1141 29 437 466
1142 29 1173 1202
1143 29 751 780
1144 29 495 524
1145 29 740 769
1146 29 761 790
1147 29 371 400
1148 29 1104 1133
1149 29 1279 1308
1150 29 460 489
1151 29 429 458
1152 29 1200 1229
1153 29 959 988
1154 29 487 516
1155 29 814 843
1156 29 544 573
1157 29 1203 1232
1158 29 1046 1075
1159 29 331 360
1160 30 3 33
1161 30 830 860
1162 30 968 998
1163 30 740 770
1164 30 368 398
1165 30 405 435
1166 30 1243 1273
1167 30 373 403
1168 30 992 1022
1169 30 1259 1289
1170 30 13 43
1171 30 273 303
1172 30 430 460
1173 30 445 475
1174 30 2 32
1175 30 1272 1302
1176 30 171 201
1177 30 934 964
1178 30 403 433
1179 30 378 408
1180 30 559 589
1181 30 809 839
1182 30 1263 1293
1183 30 44 74
1184 30 21 51
1185 30 736 766
1186 30 237 267
1187 30 624 654
1188 30 73 103
1189 30 1169 1199
1190 30 747 777
1191 30 967 997
1192 30 779 809
1193 30 249 279
1194 30 155 185
1195 30 947 977
1196 30 360 390
1197 30 292 322
1198 30 929 959
1199 30 128 158
1200 31 546 577
1201 31 302 333
1202 31 990 1021
1203 31 1101 1132
1204 31 153 184
1205 31 1078 1109
1206 31 598 629
1207 31 586 617
1208 31 55 86
1209 31 1120 1151
1210 31 1147 1178
1211 31 426 457
1212 31 159 190
1213 31 854 885
1214 31 257 288
1215 31 381 412
1216 31 1201 1232
1217 31 631 662
1218 31 950 981
1219 31 405 436
1220 31 80 111
1221 31 691 722
1222 31 940 971
1223 31 127 158
1224 31 315 346
1225 31 467 498
1226 31 1266 1297
1227 31 718 749
1228 31 628 659
1229 31 221 252
1230 31 389 420
1231 31 318 349
1232 31 455 486
1233 31 59 90
1234 31 661 692
1235 31 243 274
1236 31 558 589
1237 31 212 243
1238 31 763 794
1239 31 146 177
1240 32 1033 1065
1241 32 1257 1289
1242 32 277 309
1243 32 719 751
1244 32 268 300
1245 32 867 899
1246 32 401 433
1247 32 635 667
1248 32 1132 1164
1249 32 41 73
1250 32 35 67
1251 32 697 729
1252 32 306 338
1253 32 150 182
1254 32 1114 1146
1255 32 97 129
1256 32 280 312
1257 32 1010 1042
1258 32 854 886
1259 32 733 765
1260 32 984 1016
1261 32 604 636
1262 32 608 640
1263 32 130 162
1264 32 1280 1312
1265 32 308 340
1266 32 235 267
1267 32 14 46
1268 32 184 216
1269 32 292 324
1270 32 721 753
1271 32 319 351
1272 32 615 647
1273 32 1160 1192
1274 32 1097 1129
1275 32 264 296
1276 32 182 214
1277 32 468 500
1278 32 1170 1202
1279 32 470 502
1280 33 685 718
1281 33 184 217
1282 33 382 415
1283 33 895 928
1284 33 430 463
1285 33 841 874
1286 33 76 109
1287 33 684 717
1288 33 878 911
1289 33 1018 1051
1290 33 1147 1180
1291 33 706 739
1292 33 378 411
1293 33 1079 1112
1294 33 240 273
1295 33 87 120
1296 33 256 289
1297 33 774 807
1298 33 296 329
1299 33 862 895
1300 33 456 489
1301 33 549 582
1302 33 1260 1293
1303 33 1106 1139
1304 33 253 286
1305 33 176 209
1306 33 1053 1086
1307 33 1168 1201
1308 33 1267 1300
1309 33 363 396
1310 33 407 440
1311 33 1272 1305
1312 33 148 181
1313 33 1100 1133
1314 33 642 675
1315 33 264 297
1316 33 1029 1062
1317 33 485 518
1318 33 486 519
1319 33 932 965
1320 34 831 865
1321 34 933 967
1322 34 218 252
1323 34 642 676
1324 34 475 509
1325 34 97 131
1326 34 705 739
1327 34 219 253
1328 34 806 840
1329 34 37 71
1330 34 1153 1187
1331 34 239 273
1332 34 530 564
1333 34 723 757
1334 34 1135 1169
1335 34 492 526
1336 34 691 725
1337 34 866 900
1338 34 464 498
1339 34 89 123
1340 34 286 320
1341 34 342 376
1342 34 267 301
1343 34 351 385
1344 34 802 836
1345 34 309 343
1346 34 213 247
1347 34 615 649
1348 34 872 906
1349 34 949 983
1350 34 15 49
1351 34 226 260
1352 34 864 898
1353 34 3 37
1354 34 196 230
1355 34 67 101
1356 34 388 422
1357 34 888 922
1358 34 394 428
1359 34 778 812
1360 35 642 677
1361 35 316 351
1362 35 357 392
1363 35 549 584
1364 35 545 580
1365 35 526 561
1366 35 1166 1201
1367 35 476 511
1368 35 1059 1094
1369 35 633 668
1370 35 632 667
1371 35 1153 1188
1372 35 852 887
1373 35 1020 1055
1374 35 990 1025
1375 35 791 826
1376 35 603 638
1377 35 805 840
1378 35 354 389
1379 35 861 896
1380 35 1180 1215
1381 35 943 978
1382 35 1079 1114
1383 35 869 904
1384 35 1177 1212
1385 35 659 694
1386 35 1104 1139
1387 35 147 182
1388 35 16 51
1389 35 523 558
1390 35 844 879
1391 35 1192 1227
1392 35 942 977
1393 35 183 218
1394 35 1027 1062
1395 35 1108 1143
1396 35 963 998
1397 35 1072 1107
1398 35 570 605
1399 35 322 357
1400 36 447 483
1401 36 757 793
1402 36 217 253
1403 36 454 490
1404 36 432 468
1405 36 887 923
1406 36 258 294
1407 36 1045 1081
1408 36 391 427
1409 36 1039 1075
1410 36 798 834
1411 36 332 368
1412 36 144 180
1413 36 630 666
1414 36 933 969
1415 36 289 325
1416 36 1055 1091
1417 36 189 225
1418 36 765 801
1419 36 380 416
1420 36 450 486
1421 36 1132 1168
1422 36 87 123
1423 36 892 928
1424 36 1150 1186
1425 36 64 100
1426 36 801 837
1427 36 1119 1155
1428 36 619 655
1429 36 476 512
1430 36 330 366
1431 36 816 852
1432 36 453 489
1433 36 410 446
1434 36 1175 1211
1435 36 468 504
1436 36 1027 1063
1437 36 522 558
1438 36 1129 1165
1439 36 569 605
1440 37 1240 1277
1441 37 536 573
1442 37 324 361
1443 37 52 89
1444 37 1269 1306
1445 37 819 856
1446 37 1048 1085
1447 37 104 141
1448 37 114 151
1449 37 1004 1041
1450 37 399 436
1451 37 1135 1172
1452 37 663 700
1453 37 599 636
1454 37 94 131
1455 37 957 994
1456 37 686 723
1457 37 377 414
1458 37 915 952
1459 37 97 134
1460 37 425 462
1461 37 752 789
1462 37 527 564
1463 37 910 947
1464 37 541 578
1465 37 1029 1066
1466 37 512 549
1467 37 657 694
1468 37 23 60
1469 37 855 892
1470 37 463 500
1471 37 375 412
1472 37 784 821
1473 37 984 1021
1474 37 275 312
1475 37 864 901
1476 37 607 644
1477 37 151 188
1478 37 355 392
1479 37 111 148
1480 38 858 896
1481 38 135 173
1482 38 1088 1126
1483 38 1190 1228
1484 38 313 351
1485 38 43 81
1486 38 62 100
1487 38 749 787
1488 38 438 476
1489 38 1159 1197
1490 38 1103 1141
1491 38 975 1013
1492 38 882 920
1493 38 1254 1292
1494 38 1207 1245
1495 38 675 713
1496 38 211 249
1497 38 14 52
1498 38 157 195
1499 38 420 458
1500 38 47 85
1501 38 1085 1123
1502 38 1079 1117
1503 38 317 355
1504 38 58 96
1505 38 604 642
1506 38 522 560
1507 38 245 283
1508 38 37 75
1509 38 1200 1238
1510 38 40 78
1511 38 716 754
1512 38 563 601
1513 38 217 255
1514 38 792 830
1515 38 383 421
1516 38 842 880
1517 38 18 56
1518 38 484 522
1519 38 445 483
1520 39 333 372
1521 39 1266 1305
1522 39 892 931
1523 39 1113 1152
1524 39 67 106
1525 39 1177 1216
1526 39 566 605
1527 39 209 248
1528 39 490 529
1529 39 1199 1238
1530 39 497 536
1531 39 96 135
1532 39 442 481
1533 39 484 523
1534 39 360 399
1535 39 1 40
1536 39 349 388
1537 39 252 291
1538 39 1194 1233
1539 39 409 448
1540 39 495 534
1541 39 576 615
1542 39 676 715
1543 39 170 209
1544 39 420 459
1545 39 269 308
1546 39 1167 1206
1547 39 510 549
1548 39 216 255
1549 39 736 775
1550 39 1007 1046
1551 39 382 421
1552 39 430 469
1553 39 437 476
1554 39 792 831
1555 39 581 620
1556 39 6 45
1557 39 173 212
1558 39 468 507
1559 39 1157 1196
1560 40 626 666
1561 40 760 800
1562 40 598 638
1563 40 1109 1149
1564 40 639 679
1565 40 86 126
1566 40 635 675
1567 40 183 223
1568 40 972 1012
1569 40 1026 1066
1570 40 286 326
1571 40 1245 1285
1572 40 1160 1200
1573 40 726 766
1574 40 587 627
1575 40 864 904
1576 40 1219 1259
1577 40 871 911
1578 40 203 243
1579 40 1097 1137
1580 40 382 422
1581 40 1238 1278
1582 40 476 516
1583 40 270 310
1584 40 132 172
1585 40 945 985
1586 40 166 206
1587 40 1243 1283
1588 40 293 333
1589 40 982 1022
1590 40 60 100
1591 40 310 350
1592 40 769 809
1593 40 389 429
1594 40 981 1021
1595 40 767 807
1596 40 1070 1110
1597 40 276 316
1598 40 886 926
1599 40 411 451
1600 41 213 254
1601 41 692 733
1602 41 698 739
1603 41 631 672
1604 41 895 936
1605 41 281 322
1606 41 506 547
1607 41 1206 1247
1608 41 530 571
1609 41 964 1005
1610 41 666 707
1611 41 3 44
1612 41 92 133
1613 41 15 56
1614 41 235 276
1615 41 424 465
1616 41 601 642
1617 41 115 156
1618 41 905 946
1619 41 1028 1069
1620 41 456 497
1621 41 422 463
1622 41 496 537
1623 41 157 198
1624 41 66 107
1625 41 55 96
1626 41 229 270
1627 41 792 833
1628 41 228 269
1629 41 851 892
1630 41 1153 1194
1631 41 1215 1256
1632 41 868 909
1633 41 1053 1094
1634 41 49 90
1635 41 54 95
1636 41 354 395
1637 41 254 295
1638 41 409 450
1639 41 463 504
1640 42 165 207
1641 42 571 613
1642 42 1063 1105
1643 42 1099 1141
1644 42 548 590
1645 42 232 274
1646 42 372 414
1647 42 1221 1263
1648 42 618 660
1649 42 403 445
1650 42 1245 1287
1651 42 176 218
1652 42 361 403
1653 42 62 104
1654 42 12 54
1655 42 213 255
1656 42 942 984
1657 42 957 999
1658 42 36 78
1659 42 1200 1242
1660 42 5 47
1661 42 465 507
1662 42 679 721
1663 42 147 189
1664 42 492 534
1665 42 237 279
1666 42 344 386
1667 42 397 439
1668 42 172 214
1669 42 865 907
1670 42 567 609
1671 42 1015 1057
1672 42 239 281
1673 42 559 601
1674 42 1220 1262
1675 42 299 341
1676 42 663 705
1677 42 771 813
1678 42 448 490
1679 42 1202 1244
1680 43 459 502
1681 43 404 447
1682 43 1004 1047
1683 43 906 949
1684 43 231 274
1685 43 995 1038
1686 43 804 847
1687 43 653 696
1688 43 122 165
1689 43 940 983
1690 43 85 128
1691 43 879 922
1692 43 489 532
1693 43 1132 1175
1694 43 834 877
1695 43 1133 1176
1696 43 114 157
1697 43 1080 1123
1698 43 825 868
1699 43 550 593
1700 43 243 286
1701 43 923 966
1702 43 590 633
1703 43 620 663
1704 43 860 903
1705 43 490 533
1706 43 337 380
1707 43 498 541
1708 43 242 285
1709 43 59 102
1710 43 566 609
1711 43 1096 1139
1712 43 262 305
1713 43 798 841
1714 43 886 929
1715 43 1192 1235
1716 43 65 108
1717 43 278 321
1718 43 89 132
1719 43 423 466
1720 44 76 120
1721 44 520 564
1722 44 1102 1146
1723 44 373 417
1724 44 321 365
1725 44 1019 1063
1726 44 713 757
1727 44 172 216
1728 44 887 931
1729 44 1130 1174
1730 44 1248 1292
1731 44 334 378
1732 44 210 254
1733 44 855 899
1734 44 589 633
1735 44 501 545
1736 44 8 52
1737 44 427 471
1738 44 545 589
1739 44 118 162
1740 44 461 505
1741 44 440 484
1742 44 987 1031
1743 44 1072 1116
1744 44 1005 1049
1745 44 925 969
1746 44 33 77
1747 44 78 122
1748 44 634 678
1749 44 835 879
1750 44 1081 1125
1751 44 1086 1130
1752 44 443 487
1753 44 869 913
1754 44 201 245
1755 44 930 974
1756 44 944 988
1757 44 1079 1123
1758 44 349 393
1759 44 1142 1186
1760 45 355 400
1761 45 613 658
1762 45 1262 1307
1763 45 297 342
1764 45 1116 1161
1765 45 254 299
1766 45 1057 1102
1767 45 382 427
1768 45 56 101
1769 45 684 729
1770 45 111 156
1771 45 1251 1296
1772 45 1245 1290
1773 45 559 604
1774 45 812 857
1775 45 663 708
1776 45 1227 1272
1777 45 1219 1264
1778 45 1181 1226
1779 45 265 310
1780 45 137 182
1781 45 1165 1210
1782 45 511 556
1783 45 288 333
1784 45 1199 1244
1785 45 696 741
1786 45 658 703
1787 45 434 479
1788 45 100 145
1789 45 391 436
1790 45 740 785
1791 45 125 170
1792 45 27 72
1793 45 995 1040
1794 45 815 860
1795 45 1238 1283
1796 45 306 351
1797 45 98 143
1798 45 1216 1261
1799 45 853 898
1800 46 139 185
1801 46 659 705
1802 46 335 381
1803 46 1085 1131
1804 46 1056 1102
1805 46 503 549
1806 46 214 260
1807 46 537 583
1808 46 516 562
1809 46 700 746
1810 46 1019 1065
1811 46 567 613
1812 46 953 999
1813 46 433 479
1814 46 676 722
1815 46 1127 1173
1816 46 7 53
1817 46 1257 1303
1818 46 2 48
1819 46 1231 1277
1820 46 1206 1252
1821 46 205 251
1822 46 835 881
1823 46 872 918
1824 46 862 908
1825 46 1254 1300
1826 46 939 985
1827 46 1153 1199
1828 46 575 621
1829 46 854 900
1830 46 10 56
1831 46 520 566
1832 46 57 103
1833 46 35 81
1834 46 332 378
1835 46 1247 1293
1836 46 715 761
1837 46 442 488
1838 46 188 234
1839 46 1128 1174
1840 47 724 771
1841 47 603 650
1842 47 694 741
1843 47 101 148
1844 47 227 274
1845 47 703 750
1846 47 612 659
1847 47 369 416
1848 47 296 343
1849 47 524 571
1850 47 538 585
1851 47 1003 1050
1852 47 1049 1096
1853 47 1127 1174
1854 47 1099 1146
1855 47 540 587
1856 47 602 649
1857 47 1159 1206
1858 47 666 713
1859 47 1062 1109
1860 47 1204 1251
1861 47 1137 1184
1862 47 953 1000
1863 47 885 932
1864 47 792 839
1865 47 171 218
1866 47 809 856
1867 47 163 210
1868 47 1069 1116
1869 47 306 353
1870 47 218 265
1871 47 657 704
1872 47 806 853
1873 47 990 1037
1874 47 1188 1235
1875 47 165 212
1876 47 846 893
1877 47 822 869
1878 47 925 972
1879 47 1265 1312
1880 48 547 595
1881 48 989 1037
1882 48 40 88
1883 48 1120 1168
1884 48 1018 1066
1885 48 1090 1138
1886 48 737 785
1887 48 862 910
1888 48 413 461
1889 48 1241 1289
1890 48 170 218
1891 48 18 66
1892 48 353 401
1893 48 536 584
1894 48 53 101
1895 48 597 645
1896 48 68 116
1897 48 868 916
1898 48 639 687
1899 48 813 861
1900 48 507 555
1901 48 882 930
1902 48 1036 1084
1903 48 549 597
1904 48 1240 1288
1905 48 769 817
1906 48 803 851
1907 48 554 602
1908 48 1 49
1909 48 542 590
1910 48 372 420
1911 48 589 637
1912 48 14 62
1913 48 407 455
1914 48 44 92
1915 48 376 424
1916 48 667 715
1917 48 568 616
1918 48 1167 1215
1919 48 390 438
1920 49 689 738
1921 49 796 845
1922 49 1201 1250
1923 49 258 307
1924 49 44 93
1925 49 100 149
1926 49 209 258
1927 49 508 557
1928 49 843 892
1929 49 242 291
1930 49 777 826
1931 49 635 684
1932 49 283 332
1933 49 562 611
1934 49 411 460
1935 49 831 880
1936 49 64 113
1937 49 862 911
1938 49 845 894
1939 49 697 746
1940 49 144 193
1941 49 430 479
1942 49 927 976
1943 49 293 342
1944 49 1089 1138
1945 49 945 994
1946 49 820 869
1947 49 981 1030
1948 49 552 601
1949 49 463 512
1950 49 874 923
1951 49 943 992
1952 49 485 534
1953 49 1022 1071
1954 49 559 608
1955 49 427 476
1956 49 971 1020
1957 49 771 820
1958 49 57 106
1959 49 542 591
1960 50 1084 1134
1961 50 512 562
1962 50 610 660
1963 50 645 695
1964 50 445 495
1965 50 1174 1224
1966 50 854 904
1967 50 102 152
1968 50 170 220
1969 50 192 242
1970 50 379 429
1971 50 350 400
1972 50 700 750
1973 50 587 637
1974 50 1090 1140
1975 50 460 510
1976 50 400 450
1977 50 154 204
1978 50 210 260
1979 50 1025 1075
1980 50 521 571
1981 50 927 977
1982 50 691 741
1983 50 1036 1086
1984 50 299 349
1985 50 387 437
1986 50 469 519
1987 50 242 292
1988 50 617 667
1989 50 1074 1124
1990 50 995 1045
1991 50 982 1032
1992 50 928 978
1993 50 1049 1099
1994 50 694 744
1995 50 576 626
1996 50 306 356
1997 50 934 984
1998 50 911 961
1999 50 58 108
