0 2.0099457176237885 0.04080508284505412
1 0.6828941061294257 0.13439005847071864
2 1.35471275003544 0.12365627955682372
3 1.2555147323910758 0.037735298103280177
4 1.1928566726626106 0.02200968968915327
5 1.3249570217667952 0.04871054162743801
6 0.4867548438533907 0.11074018001595257
7 1.5138064576887569 0.03253062104775558
8 2.2769607669269134 0.10988538016666487
9 1.4928654519233582 0.057650267063422085
10 1.1147798186701061 0.02460343522061005
11 1.5263613586844267 0.025020423352575972
12 1.2150704664498677 0.0533809023379157
13 1.7032784349334549 0.034501266185728456
14 0.6362499225074506 0.050999922991087146
15 1.2176310426158226 0.04394450601679934
16 1.8956075445219278 0.056205167393279236
17 1.587662779619262 0.006342453005899858
18 1.4661588463918047 0.007029845488880653
19 1.038687506008972 0.09587989607419252
20 1.4960403287247037 0.03935657310534916
21 1.4346770901986368 0.030768300412266615
22 1.2941438125520128 0.11759274626183541
23 1.8142708137173553 0.18677828514933723
24 0.9733069700458837 0.04947001658124326
25 1.1746435783725029 0.059861428437767254
26 1.3810339678789443 0.05666947059634129
27 2.0099828320363926 0.08525093477264836
28 1.3605207767873149 0.026738148295204198
29 1.9709000321634307 0.026402652877473103
30 1.0222570650387786 0.02305778756919032
31 1.6754973690235346 0.031485001253407405
32 2.178969219952542 0.09129524072586168
33 1.4771637526123131 0.11798878313948763
34 1.2082220145676597 0.02016550298499136
35 1.2034746234959275 0.049444123152086246
36 1.683085373603901 0.18920816747328512
37 1.1269933402234782 0.022224731268531885
38 3.003506030716035 0.09933126647841309
39 1.5699504658673118 0.06612017834787066
40 1.2128644675178424 0.07311221685878741
41 2.1433946635197167 0.046380806610213196
42 1.9673509169063803 0.07552401109443568
43 0.35734331688923976 0.06133294171927559
44 0.7247564746793427 0.0856505685573469
45 1.1991929711483753 0.032842107736656995
46 0.7720967445551045 0.09198718607370371
47 1.27719467162538 0.01789055153940914
48 2.0923777747524563 0.20596330115428596
49 1.8751471723757644 0.02223978793702791
50 1.2209622790435288 0.02662360575555843
51 0.8482787636087903 0.07504179064223247
52 1.3970443762288942 0.028219077537118213
53 0.9308114638602443 0.030109521101023076
54 1.5026049713522325 0.04239461998508548
55 1.608464150222367 0.0503649154416577
56 0.6116976573513403 0.0736893810710622
57 1.9811839450001965 0.09076816616566821
58 1.3029034486752318 0.04937835414689161
59 2.029512604004843 0.09780717300630364
60 1.41288472984688 0.025412367549047354
61 1.2016345392149705 0.06663323103059776
62 1.5200282857282108 0.05456997405338094
63 1.1513301884734986 0.04795792482139028
64 1.556879613891259 0.09684899846188498
65 1.4094886771409139 0.03118612301341693
66 1.0924275366426823 0.11104735463496238
67 1.0789918225463306 0.030277563224455684
68 2.6417619456875405 0.18003371838217247
69 1.5186737745986467 0.028602870375831143
70 1.6610489006182088 0.12309169885777128
71 2.392592678880462 0.10764258388536507
72 1.1964130949760623 0.01533144955386747
73 0.8376464851701643 0.018465756658199314
74 1.9388436634931094 0.051289710571899655
75 1.3402064796804047 0.023445038592953354
76 2.6437621034264414 0.10402557287831052
77 1.4829193174419788 0.016466969177339967
78 1.6393833268581384 0.016069656567383003
79 1.734082424308861 0.10675444920558085
80 1.4029440496306542 0.14069036912571453
81 1.6128749444603305 0.04002899438620393
82 0.8057391308007239 0.028496674601438114
83 1.479112246317522 0.021148957125667892
84 1.4999135514554376 0.08825452655168405
85 1.1752844801452258 0.05261953703033631
86 1.6058518154916617 0.04515923862814677
87 1.240737688039084 0.05522798656217261
88 1.0148877595148573 0.019672468667918077
89 1.3441671571479812 0.019428363419062126
90 1.0844449352411403 0.04958030067244863
91 1.2068930604119616 0.024168150017840343
92 1.5231738935920438 0.12982910717276214
93 1.2056370728792045 0.03770944121749478
94 1.6221244458119526 0.02413146562197172
95 1.5324022243575215 0.04935571012024442
96 1.4014340831733572 0.05862508273257844
97 1.4983475868700769 0.018846164096574546
98 1.297272814349006 0.02114750611168898
99 1.514925555542275 0.06002898461462462
100 1.5853434600059169 0.04463667133721616
101 1.815152005523158 0.05359325178012002
102 1.3107374218469248 0.0052460975254183554
103 1.1554966689217192 0.02160664933822199
104 2.268874321641302 0.10231066530400176
105 0.41317267316618256 0.09358537034263345
106 1.1238042647560096 0.03451184360959016
107 0.9086836275219011 0.025366007360111978
108 1.999229810960286 0.06406016822510796
109 0.7563336522308922 0.13534243542162736
110 1.8511612711070786 0.04330833497662582
111 1.5306455280988518 0.0368458497797713
112 0.7887666090531423 0.056764871718058184
113 1.0974127694934261 0.023830808154634595
114 1.1669433763672037 0.034042296644876326
115 1.3738518254015415 0.03769524621724794
116 1.3133940245119624 0.019064413917881343
117 1.3189534482620453 0.013238783056105433
118 1.1609204010794936 0.017971153397884333
119 1.0843910754466064 0.017433339043436177
120 1.3911693686154025 0.02967620493047947
121 1.376447769504843 0.06212045418394365
122 1.5276308194505674 0.024810297270335534
123 1.2528185300166694 0.01964259232419572
124 1.9133890442582195 0.02053085082586057
125 1.2868128143058637 0.01907679654787634
126 1.5552194076267043 0.023062587929416633
127 1.7462212775335921 0.013379911421900138
128 1.6956963261510711 0.013859183774284198
129 2.201847751688677 0.04641814085151826
130 0.9347575958699496 0.053774938692701946
131 1.4326475346921905 0.03591971905678815
132 0.6133525560006056 0.0362262183054921
133 1.3750273225707637 0.03688116488361089
134 1.3485154439878309 0.04842901513208931
135 1.3797861466161483 0.06453234332447635
136 1.7941430979178612 0.009132377197606806
137 1.375626257697384 0.06663680618345165
138 1.0254670921644407 0.09515991339357927
139 1.2942105357522808 0.06602333656910764
140 2.9089227194669096 0.04867705550121215
141 1.3439351869147163 0.04375249932266257
142 1.7270469678338651 0.05594845128207579
143 1.7858781834941013 0.04160133536859187
144 1.2014650955035306 0.03621028989804886
145 1.6827696734557476 0.03852670606213812
146 2.1734377486389507 0.07458125963434105
147 0.8319352363013004 0.019877556295264505
148 0.8993425323568663 0.035181683114613616
149 1.349518066381668 0.15001490338878398
150 1.4598368414750191 0.028864661481509613
151 0.3765275535987049 0.11545919843767556
152 1.429554990326301 0.02360984049535241
153 1.6043819072710517 0.034134555209967186
154 1.7579290603555584 0.0052500881788325425
155 1.6915288465166334 0.05061831148489308
156 1.3449593054170066 0.025077917522045776
157 1.9369653842623205 0.0036401984180846653
158 1.638318246536317 0.05844957006835895
159 2.205002365576417 0.11201603126058654
160 1.2588828445677642 0.05091889402657279
161 3.529452453807864 0.0513809108515725
162 1.6050885525631644 0.016553615976917405
163 1.4909926485396106 0.051956697598023745
164 1.2154474176627197 0.01937223215177915
165 1.6554935272357258 0.0511520599694857
166 1.2196084099319342 0.061853915282069814
167 1.0006449985787715 0.013555251422807103
168 1.364163652901919 0.037025104850942875
169 1.0874340265898705 0.022488471198481602
170 1.6538966654811562 0.03809436051949787
171 0.31863616440852094 0.04281428649775076
172 1.1988572754827687 0.03853381397073517
173 1.3721277189825734 0.05437260944317817
174 0.8827335411497365 0.028678381394436715
175 1.1141901874789646 0.07976390440801905
176 0.6191242473100761 0.05707937458209727
177 2.15718488487508 0.02468286604183075
178 1.8863310025156026 0.02464028151850672
179 1.3265437088409717 0.05995954265753223
180 0.9331896213121854 0.11056701751250202
181 1.038576400361955 0.058853484195349894
182 1.2769165744781952 0.10012718348104334
183 1.5765491544412473 0.03446629009483946
184 0.6859740275929691 0.03623635498323996
185 0.8230894815344387 0.03673015975370883
186 0.759169116946344 0.11375474764882397
187 1.2230315356425727 0.032156126217804774
188 2.597855046488769 0.07337436522585916
189 1.2515094859814502 0.05940169120117409
190 1.5002431881988785 0.021721730662488215
191 1.1561785369669755 0.028054000167933094
192 1.3505958575837032 0.01694125809894554
193 1.2112284510670457 0.03899545187542625
194 1.5797760957507263 0.06178878934363873
195 2.3269103526895187 0.03062229925003543
196 1.5963227454580322 0.030185089507854455
197 2.492678491696241 0.0739809115475503
198 1.2813590644162476 0.03108897605704627
199 2.4491722914980594 0.06065832883877342
200 1.0297332904410974 0.03741444455471857
201 1.6694068153142843 0.03038184184312099
202 1.014773159887359 0.033413349753409156
203 1.5547684491476121 0.009833411653241251
204 1.2978614423367034 0.060876245951591856
205 0.3968607009723205 0.011812249018957862
206 1.528786226745968 0.018042283105372835
207 1.6300816931295001 0.01304139814237138
208 0.6411646960523341 0.051750392978200804
209 0.8107563048684449 0.030827879708691244
210 2.028767157385964 0.026890049446327884
211 0.4721373760495103 0.06160824764074954
212 1.4736702860115327 0.06934428689477766
213 2.066681421696934 0.02923104853390914
214 1.1582375535978626 0.1087013925503368
215 1.2585951658168524 0.028734335185401673
216 1.3907234664649475 0.11308481349229643
217 1.276218414292213 0.020932190546399103
218 2.7472385469866585 0.14850925162808026
219 1.4314899217082382 0.030790620334898336
220 0.9165120588363458 0.027012255482094752
221 1.7412537982663678 0.0236534566250033
222 1.1973130565445327 0.009444520929479306
223 2.11624847780215 0.04458906756420376
224 1.4613193839606486 0.028497377862340818
225 2.331289200827112 0.10717926281696968
226 1.2669355737486871 0.01251004710273572
227 1.643470283834493 0.031102648696014708
228 1.875170866003029 0.028634446350113175
229 1.2262893724774795 0.05566182210105551
230 1.7754245416866075 0.029049335974842525
231 1.1435711751264448 0.023322051644504294
232 1.7935674681296279 0.0016996903178239037
233 1.650496668759233 0.1165511196142154
234 2.4786945159497606 0.15392553746285081
235 2.0812568797656916 0.02294236274232731
236 1.5401846691404877 0.07279393286766696
237 0.5589573468301305 0.03587633356295334
238 0.9032001895194505 0.06789106375668218
239 1.859086259277233 0.12502957012533972
240 1.5783171633225386 0.060616055849540676
241 1.4667422339020604 0.031931243709972204
242 2.910773079059021 0.026951819196687217
243 1.0727627851786985 0.029192905213548982
244 0.5718785396552155 0.1466660522654831
245 1.0936319296839823 0.043928307904233924
246 2.112189918401819 0.0660468523193956
247 2.1266557728197175 0.15300360364806784
248 1.4630397445087298 0.11433319880121168
249 1.562558286457511 0.04095801218441932
250 1.632898741805367 0.028359894689835487
251 2.1538595907079023 0.0402543794398373
252 1.553327899637153 0.007587002818012251
253 1.8429487191803133 0.04473950611126973
254 1.5631694386054544 0.02501446038076183
255 1.681965975816021 0.04133579605430487
256 1.5494331254186329 0.09092503890155437
257 1.7511038964078738 0.047553358402107074
258 4.09679390448391 0.060869762119393336
259 1.9023335535066703 0.029439942982449105
260 2.2077428664633874 0.08420439183536278
261 1.3925232650542272 0.011163512242134273
262 1.4167021095350614 0.0486157231296976
263 1.8324106675634109 0.0242194325287872
264 1.1911804885430308 0.044915176923559945
265 1.0470637339207394 0.04191697466245016
266 1.4287475279896407 0.029780184399564372
267 1.523199676456711 0.11946530361692109
268 1.1910005681644322 0.036398039320350725
269 1.8485697664270533 0.08631791470779426
270 1.4606716569698428 0.043429836485586855
271 1.1380896428910523 0.07902057047963192
272 1.5969231225086824 0.0155253550031463
273 2.1566036321722857 0.04611056008785037
274 1.5101081455070975 0.05456239214253055
275 1.3117415619234576 0.04488856070055149
276 0.9705044955988607 0.024238867170816587
277 1.2009237983541583 0.019656310759825164
278 1.1022949744551058 0.016023422977876033
279 1.482820092199216 0.01803565748771766
280 1.309734339190941 0.027122926849177345
281 1.7136532367669226 0.01939212373777134
282 1.6438963733379126 0.01087873965338759
283 1.036748979050497 0.03107295441303075
284 1.5104696826469162 0.017766403739464132
285 1.1878765180669077 0.038439875151605664
286 1.2807917707375487 0.06811041219047949
287 1.5037782264927022 0.055199834313777535
288 1.5543842892294557 0.02066566562038634
289 1.5058009429565113 0.021500959146028332
290 1.461373551617796 0.020455478487655755
291 1.07787889779145 0.02175225194071406
292 2.1771970258061852 0.03327382161347106
293 3.1285255698487155 0.04328710782295566
294 1.2312355396872263 0.12471239672887564
295 1.8479763284495174 0.035947646598616316
296 1.499720284549443 0.04834686577809985
297 0.9980501830947051 0.017692658605225668
298 1.9020617026619047 0.024715758077370035
299 1.5297059260742487 0.07128176353018212
300 1.6604272434613365 0.03379037482809724
301 1.6453208089991747 0.010835619434963207
302 0.7924658825820712 0.03185457093889659
303 0.6728501107232566 0.04154902223181882
304 1.2375382492862907 0.041488870398746124
305 1.69130182077722 0.01671440851571662
306 1.0982833761472997 0.021721451650029477
307 1.183147777225309 0.10180425354419835
308 1.7111291432845481 0.02570892609087918
309 0.6185611320831637 0.014908654829611007
310 2.1375019687523387 0.034487920252794055
311 1.1124082272494826 0.04129797425349539
312 0.782059802757021 0.020044506623950638
313 1.601597204920772 0.010593858438900686
314 1.0506069585010538 0.05525518959977899
315 1.6936335010208072 0.04735295882586408
316 2.1028827586790158 0.018329554359360106
317 1.6170334377478637 0.0476926534269296
318 2.0153486659431903 0.021289803194179675
319 1.7859948589808552 0.033895149251400365
320 1.5946593801947155 0.006877515261187757
321 1.197543953230972 0.03378423961878401
322 1.4940680858172994 0.007587285355866967
323 1.8758130238993067 0.15438812129519838
324 2.0236521698155285 0.043596590276029044
325 1.0606024211451794 0.025791301280896142
326 1.3980267612188355 0.03223546790058859
327 1.669189537566145 0.049893211675716934
328 1.8467556793042834 0.016197648085640122
329 1.113172889855998 0.05670542429941572
330 1.611383383241575 0.0995966646134913
331 1.3425410926121484 0.04904721785659805
332 1.5501026962669788 0.016555741909023237
333 0.8538641732469474 0.019877066121331954
334 1.8214743485444784 0.026942003137583825
335 1.01228562574034 0.1385970815897086
336 1.9005260605376517 0.030288308097031313
337 1.4397522323245313 0.022005814553144504
338 3.232940241373563 0.060800811062510375
339 1.5615849975097993 0.0881723764465662
340 1.2734609141003366 0.04556537903136816
341 1.1998784944880931 0.04634572238088318
342 1.8533159910023884 0.03966908936446869
343 1.1064248012367757 0.07318812582223753
344 1.5820536447840314 0.04347255909202978
345 1.428565144080541 0.03212463490569529
346 1.641483114334025 0.027180156498427283
347 1.5273583651908686 0.01705863423736966
348 1.8492774298925367 0.05611520967672491
349 2.1440168675931517 0.1684319413814329
350 0.9562503316600272 0.04463476280771626
351 1.210964925209352 0.07350242163561725
352 1.1850702257921804 0.025182584270405393
353 0.749695199602014 0.0306294034041939
354 1.7459495399993175 0.038910916830034316
355 1.7861727010746484 0.03345724386503392
356 0.8812090400553076 0.04098865598665616
357 1.5591673769079202 0.04806538681170539
358 0.6284183021940208 0.021171029901514662
359 1.797368591587753 0.006138457932341426
360 0.899042827129454 0.041987207353754004
361 2.3413628261748136 0.07391455889525768
362 2.6011888357652455 0.03274733996874909
363 1.4814506858876415 0.009587590880666715
364 1.2488021887011875 0.036308159112424736
365 2.961637901900515 0.10782494208938728
366 1.4180674635693065 0.016538703531338045
367 1.7539351238464438 0.09412709449431603
368 1.0109449209170227 0.02310741848494124
369 0.9570118491968245 0.1064132132455788
370 1.2136046789931874 0.01450377446836631
371 1.253287290912413 0.035991153737373334
372 0.6046933274306648 0.06292719263123576
373 1.1298936584518882 0.049412968431058656
374 0.6346086404484511 0.050443434185634274
375 0.7050789028889997 0.08156510437346388
376 0.9832516448758524 0.061496270312183195
377 0.39236790065659766 0.09050012354876032
378 1.0226793850945242 0.016043048109309045
379 1.4519491776757882 0.05738273026149772
380 1.1985032726731464 0.026946414465214015
381 1.4362267562681268 0.003668426243922285
382 1.615973343445769 0.03365386917711298
383 1.9019324303982545 0.0144414126770648
384 1.8552874944737867 0.040630718610194926
385 0.8546656203872446 0.023802190547106465
386 1.165375396913416 0.10283097999414391
387 1.758906712184625 0.09547203701289457
388 0.5672498230068495 0.056220876398185994
389 2.112805606695277 0.10648443580403763
390 1.940425617170456 0.03577853362573896
391 1.6523373458074868 0.015037992158467562
392 1.026024230455905 0.024046871555443532
393 1.6915403172887646 0.12688735376679977
394 2.416796182602611 0.013270460500212678
395 1.3423767004811296 0.07462535974857974
396 2.3620802647505568 0.165919354453242
397 1.1232657548915683 0.07071974629074465
398 1.9880870983303072 0.06134223080726902
399 1.9706594164216062 0.03829282850464358
400 1.0582794606688848 0.07702008028192253
401 1.5478079480928455 0.10231055168122849
402 1.5150302474450965 0.013211109331175096
403 0.7089323939517885 0.013385279083212215
404 0.30527089821329284 0.04169231427349931
405 1.5296781091217544 0.016211500196405125
406 1.4204607622268388 0.03637913697164081
407 2.0439239353312124 0.014033957650759373
408 1.464887714414323 0.021317055024593228
409 1.8218833477686809 0.02308822263552607
410 1.8906283904278334 0.03852008751403438
411 0.8512033185789453 0.010372965402464919
412 1.6536611187361792 0.049998650619665935
413 1.9895241363007596 0.02440148906216415
414 2.433747360409962 0.015823600244263148
415 1.3403786269937548 0.0352012924679434
416 1.8193829753337318 0.03945765035923772
417 2.6022414836315573 0.06475550377229272
418 1.2073008626457713 0.03937139960698215
419 2.2345385808541707 0.05044815915961667
420 0.8750385348283759 0.017608181401865836
421 3.2247247123961174 0.05543144115144635
422 1.3064120505286256 0.04735997438429695
423 1.6992097774091157 0.0337920041015475
424 1.103086928817371 0.06401903575812545
425 1.9681580666113583 0.04263740858295316
426 1.611349689252183 0.028428028164870712
427 1.6170850583418102 0.08053234599627868
428 0.7965394108782812 0.028861156234985936
429 1.0498062056193715 0.0166375931092736
430 1.8406860686984856 0.0390941047783983
431 2.7963820324311475 0.11960438926281483
432 1.0661829856867724 0.03643326721293491
433 1.577748618868281 0.018540862322422757
434 1.1796176764693806 0.037141064080336184
435 3.104796352005839 0.0454007477524302
436 1.4039563025984754 0.017904212826781233
437 2.268157265119007 0.07038761537253958
438 1.0863257907417565 0.02231816979427363
439 1.6733210451894172 0.03850151351935243
440 1.9839721227662384 0.008357245169774239
441 1.17026615374377 0.03651171413947258
442 1.0430454573123318 0.021997418768658943
443 1.849601812256136 0.04261549329433984
444 3.247882678883036 0.1981583555004316
445 1.6055824341120708 0.040388168390862435
446 1.5756827209729425 0.03947920967993391
447 1.1968207682392593 0.03595823987070701
448 1.8242445741570488 0.0678292932250384
449 3.5565266696502014 0.022115331914386846
450 0.7044373568846793 0.015291219185762008
451 2.032538393602045 0.07899783994794486
452 1.2372501529794442 0.014339111765734968
453 1.8725390207055623 0.04556145169181021
454 1.5822444296832605 0.015863923408544752
455 2.5521198034205743 0.04891177031922345
456 1.359585944189939 0.09461906102881831
457 3.8832675339022678 0.059746324248392386
458 2.6179607048002302 0.02527399032985843
459 1.6650969802328457 0.031019208021168313
460 1.1787567331954094 0.015983428661080188
461 1.4661454434421641 0.04144512074758628
462 1.4243088609618269 0.01483867125274566
463 1.5886471021648194 0.013918870462466818
464 1.5229776273737383 0.05955459987744599
465 1.5943417822529415 0.01790761982856786
466 1.2381985345920596 0.03965034256573853
467 2.073855470888736 0.09402772587536354
468 0.7414570830421474 0.09113474048087572
469 1.7599371846748249 0.008999219315992077
470 1.8595985412034657 0.04890239318248505
471 1.8764537968062482 0.05614148576223665
472 1.3791343293625316 0.06010717112164297
473 1.5611849461012879 0.02270976391156329
474 0.9678140032431052 0.052414650505575006
475 1.5202249901353904 0.06002817282517693
476 1.9572494813343508 0.007565294672064316
477 1.5605068280232235 0.02459974069678042
478 1.004889210784419 0.19293826019371724
479 1.756162895719644 0.015149936905218446
480 2.253608745402638 0.030967562352109314
481 2.6244389346595645 0.08281057174697606
482 1.9656191903740017 0.03478744904034861
483 1.0076411806727503 0.06422757061410587
484 3.053202627742076 0.08125887900008141
485 2.0648954808776505 0.05627679833277895
486 1.5300591954887262 0.050789729444816946
487 2.0621254214554714 0.05159684428481997
488 1.5289449530210077 0.08812591519499577
489 1.0106565682341722 0.04534173315204551
490 1.4635405113188928 0.09520549423057895
491 1.9872016247333102 0.10846239509965225
492 2.2325122699177906 0.15290084000707796
493 1.9699368918563869 0.04039940828915484
494 1.4770973992945198 0.035673161837069485
495 1.5256831042499939 0.03926318119894668
496 1.647245488225459 0.031692550821881
497 0.37232292372758513 0.11256769852742331
498 1.5065224693760761 0.016158847391652638
499 3.0479474024613897 0.04800750070012506
500 1.2665952984487578 0.007499162699420939
501 2.0167444432193395 0.10241222083162489
502 2.2112452260619704 0.05227282432530624
503 1.0985964622410855 0.052781421381897
504 1.9416071186530823 0.09402209464408327
505 1.0716432264196296 0.034938996677662475
506 1.235635431274882 0.0669546314435245
507 2.590982512845358 0.028533426290016865
508 2.025641360452197 0.032883620412051215
509 1.108810006122191 0.028915607694243246
510 0.8793144271337008 0.03283182089136836
511 0.8160199863626847 0.10861072606264648
512 1.746365944125042 0.07043550130466615
513 0.931068354135883 0.046507814664022255
514 0.7040765540760064 0.02724506145470484
515 0.8586936785087934 0.03847046307562773
516 1.7748191324887987 0.04909646413212099
517 0.7912486642811664 0.012497893606482758
518 1.773686523465488 0.04836428192708719
519 1.5549666629452954 0.03322617443431314
520 0.8520356506644462 0.0385165270587029
521 1.2956681747541403 0.04569243461285773
522 1.0326446094946027 0.019233985561457986
523 1.7871753167627757 0.03727823944484123
524 2.019585325963888 0.039175356125075646
525 1.2746341706357238 0.05304035314911105
526 0.5691283026856594 0.08094141597219674
527 0.4923242713695525 0.0363931659445456
528 1.6704666054055304 0.0724802680876649
529 2.3225041080429643 0.07829427928623642
530 0.935839291134595 0.0436449120229115
531 1.48891040275222 0.01405817554351775
532 2.826173863414879 0.05933947886616353
533 1.0059201872953323 0.02644857737099125
534 1.5994009102569235 0.008549246104803506
535 1.3860878719789966 0.03304079256273929
536 3.1656217068050085 0.04226705792922503
537 1.0554879213082822 0.03280212174787523
538 1.6316717236492289 0.04251007145387945
539 2.263447404970407 0.024035397076066212
540 1.1044865812032838 0.013714933868887298
541 0.5131049828978967 0.05020068012333153
542 0.2862626570924142 0.10443513577273708
543 1.3607409270997313 0.04337274839724574
544 1.5645513780291347 0.04197015188192085
545 1.1982906862793985 0.016207464947078126
546 1.5436386461840208 0.03616878089521627
547 1.1842452590691903 0.05211163215123037
548 2.7450533097032377 0.05081846726513079
549 1.5481017319708767 0.02620953242291925
550 1.551920819172346 0.01039108128114255
551 0.6600787829696341 0.06819799483154201
552 1.5544652230530365 0.03397937242608672
553 1.7747189368368617 0.020287163168872812
554 0.7851579226901576 0.03768289059917796
555 2.6114657953515517 0.025056878174059438
556 1.7767332448462974 0.08300851865135225
557 1.185834934602513 0.03943309488465401
558 1.5343505146203722 0.07296424436460325
559 1.6891865948148765 0.06373059100176368
560 1.0616008092186373 0.03863705903605315
561 1.1287153503868341 0.0435395213727001
562 0.7232599056415154 0.054731060803402766
563 0.6974950992446892 0.06807435941893829
564 1.9589009041530294 0.04601852720156997
565 1.5569153850543054 0.042259165705409475
566 2.7490977709807654 0.039171527008825126
567 0.618291682870266 0.1482884205790955
568 0.6574320813681869 0.023699801793030988
569 2.1183242479857176 0.04642739936696107
570 1.2232775504171498 0.02610369397177837
571 1.4611323642916698 0.023679482819242006
572 0.398522940360097 0.02153607624680801
573 1.4211840742397488 0.02554010894691544
574 0.5453703666270646 0.1098146973505103
575 1.044655217202787 0.016124068270063293
576 1.4926374775938698 0.1796989192342646
577 1.7427486615014987 0.03002881998322581
578 1.4524302237939182 0.04430256127031251
579 1.5164299211766554 0.06669504344214153
580 1.475276395313107 0.013633243601642041
581 2.6182175326979067 0.03298433755636034
582 2.1520409926765445 0.051085674465180184
583 1.6774162222684668 0.05281711042775212
584 1.4713014342611799 0.030764029063911416
585 1.1413653557361743 0.016974329745154546
586 2.523194886723652 0.04839936206494204
587 1.3352642496276015 0.01892575130614749
588 2.1063308809063703 0.00707801871764619
589 2.4705768066500573 0.047136996400991595
590 1.8739222983679897 0.03554699757796285
591 1.8906694392330021 0.006797254995177086
592 1.2534192636596921 0.11558856312457703
593 0.692653768671809 0.0752196684998675
594 0.9450653146334097 0.068981284200938
595 1.3511574873528995 0.021212501825965135
596 2.5273659356802605 0.02685114792951017
597 2.5203714907260926 0.036274834236610105
598 1.575998322637517 0.049908410901826565
599 1.3033224749554762 0.043086605855111176
600 0.8635881520390268 0.05965848339909979
601 2.5365054782281877 0.04340455291960118
602 1.4812193232081061 0.03249317060622562
603 1.4218450362023694 0.011354380227367414
604 2.1491803830269665 0.052626889835282624
605 1.5375961959498743 0.0728905477807261
606 2.3554897946749036 0.07906363050663963
607 3.0660047777003614 0.046417326497583865
608 1.5171432991079292 0.05194095346836684
609 1.2430819143178642 0.015626098641830278
610 0.5009701296726907 0.20789186532364334
611 1.0156636320385886 0.02372864699451839
612 2.384483606634699 0.06061626698033783
613 3.1930710158917166 0.05137750875112539
614 3.3471018685969898 0.068635904735125
615 1.4335917536083365 0.03673201774001453
616 1.2770404918721106 0.027390294809545773
617 1.156510591777692 0.020730170845339176
618 1.0915964625438108 0.10452920012814096
619 1.641177489842607 0.06484056294784528
620 1.5439112072152652 0.04784404300323572
621 1.140344731395332 0.0588839047720633
622 2.3951630719357944 0.05374374164437762
623 2.8482441858617182 0.03483666166148703
624 1.474282569165176 0.06405877458662115
625 0.8275789379086361 0.01776223008977048
626 0.9207460886713702 0.06452508795014701
627 2.1969602748914494 0.03195125133314603
628 3.0902314090391116 0.028486966421579545
629 0.6142014967551271 0.04114380791607802
630 1.3778944977182552 0.0642931757835128
631 1.2864939132057511 0.045712241249233135
632 2.3006162928213167 0.04589848921901356
633 1.9047499230509641 0.02305508234336303
634 1.079347315854523 0.03824190842857946
635 0.8437064654773859 0.013200737448600444
636 2.3474887923139467 0.01597088525592986
637 1.3351894789948942 0.011641190627922694
638 1.7400501919547124 0.09874438504493017
639 0.6077468413397094 0.025409762936713907
640 1.509298585213618 0.05029446495710692
641 1.2582266899860466 0.019289098690232293
642 1.743157091444752 0.023486891923775018
643 0.9791699029192509 0.11404872358667038
644 1.5628626507887948 0.06110834208569968
645 1.8734216926439708 0.060834689480801875
646 2.9809082548406702 0.044294041869411965
647 1.366258825226791 0.03399146949261081
648 1.3042447971086821 0.02626648152874766
649 2.080353168526226 0.03138519895613242
650 4.3492764801890225 0.047324057525077255
651 0.892573606718204 0.027268165147685822
652 0.9547255081927313 0.07325999172685951
653 1.2338657011444678 0.020148790867834648
654 1.6618007907572927 0.03409785025768612
655 2.308298030181242 0.05455415080876598
656 3.6358378411743764 0.033643674429321146
657 1.9413308320379268 0.03476828094625034
658 2.6291476922953487 0.04194121454565174
659 1.4949896387646797 0.039137954187366146
660 3.0075881381016396 0.14443126385840757
661 0.7661556950118223 0.030773948961188815
662 1.9354331007754735 0.02065047125164319
663 1.539337570166067 0.04775858159086531
664 1.1271554537507669 0.039413158558696856
665 1.3498188625379006 0.018639362421116343
666 1.2674632091200237 0.025737299518322217
667 1.1377775082267463 0.023463041082570447
668 0.7290169760971679 0.053394204393544656
669 1.72905789921397 0.05216661710239196
670 0.9737227436618558 0.08407092250591817
671 2.2361907854425414 0.04185534588890263
672 2.501417586858379 0.04097141399293364
673 1.4588557961926363 0.06901177987866369
674 3.0346692081964566 0.03495276193943797
675 0.9449672368309644 0.033294473185137646
676 2.0768415404341463 0.11961551291394273
677 3.0586631198926644 0.051353430993553446
678 1.37119179889668 0.015715011899089745
679 1.781281793103122 0.11461350512369112
680 1.8196850274066183 0.029396227392040602
681 0.6334842861771527 0.049737477789922255
682 1.753386124223111 0.06075822863104607
683 1.3908815165013229 0.022507770487265533
684 1.9743762701607401 0.034796516712438746
685 1.5903022546755654 0.050758725312091066
686 3.139170335425786 0.050531580925615056
687 1.3866765843819877 0.0119277043586963
688 1.8917515636024567 0.011044005571425524
689 2.064325536452421 0.029388424087608726
690 1.4958653668347652 0.026027282463410566
691 1.8347889171065628 0.023559286595887213
692 1.899219386370364 0.11667418505136277
693 0.18736683247231 0.007666282135556089
694 1.2842063244964446 0.034352973797348654
695 1.5688338809978781 0.03363849404954097
696 2.170643241626331 0.019219567806651367
697 1.789447494113983 0.0819991347012507
698 2.013056106189747 0.04443613697546188
699 1.7240745652425062 0.022477937585578724
700 1.7602711537203168 0.02668062287064787
701 1.2519441440922936 0.089235488551432
702 0.8386237897044133 0.06742707599744173
703 1.768067273123941 0.040086967810206514
704 2.314694527264059 0.006517349342037932
705 1.840469526329752 0.07131161646465121
706 2.639768616030091 0.015843213682659205
707 1.4264663052379813 0.13118601841720898
708 1.0977764839119712 0.011762738256261535
709 1.639683643058922 0.11709276839588637
710 0.9017536893624443 0.04575440051106972
711 1.6005548603892887 0.04554179654496065
712 1.683056145802947 0.06865643446843561
713 1.5811656588911687 0.09894634500973412
714 1.8897353633453837 0.024922103121614397
715 1.5567247734548522 0.028975461253841376
716 1.1864181948406758 0.02742677800326176
717 -1 -1
718 3.2217876327626684 0.04822493553488545
719 1.4678847327304905 0.025501199936217165
720 1.673012146644269 0.016348724542405362
721 0.7499711745176577 0.04260111701031133
722 1.3414840346718382 0.032529935131774136
723 1.78568818948841 0.0875160922895552
724 1.406091239380836 0.0012844780170697798
725 1.5808947590655555 0.04007223953622539
726 1.8408354751454326 0.016671196847669077
727 1.879079982308088 0.05485901571093527
728 1.1951920920257986 0.04648163984484079
729 1.6123140868515782 0.020054080970353712
730 2.1002030062167325 0.06997702935195982
731 2.425576774727662 0.18534836271235375
732 0.9947733281095814 0.03575130818514431
733 2.499087923633099 0.021155614048419848
734 2.3860547663208487 0.033141723821380066
735 1.3457008431163668 0.06751545248469142
736 1.7434291386226846 0.015898511129022963
737 1.8921739424387327 0.01749792161607143
738 1.65461634065895 0.03429589685558235
739 2.597648373929372 0.07719816061397027
740 1.6971302658471616 0.012163316049916849
741 3.011180098272746 0.024728701569863138
742 1.0231689278024687 0.029199674290006083
743 5.203787624668559 0.08319412098453165
744 1.6249787947495344 0.03515280418356329
745 1.5295919239808413 0.10334508311552246
746 1.8039740857618956 0.057663406493132605
747 2.0695784064100295 0.04612210127417909
748 2.7211764600879906 0.06737147144622445
749 2.2539925771500027 0.1144212787451663
750 2.0216823766851983 0.02769533576137526
751 1.0654765165471207 0.04843480170353596
752 0.7473617663931507 0.02395597756965213
753 2.142677035965277 0.09174939864979158
754 1.439931296513004 0.02144474380948912
755 3.025592010030298 0.0433662912673368
756 1.5023477030669665 0.14299562939889385
757 2.1595360522591758 0.1915327947717326
758 1.8982816548690744 0.06424416715488117
759 1.6685786921884764 0.020529873970226896
760 2.360842784770285 0.016524317423164583
761 2.3097281983116607 0.046389577118473475
762 2.096020835746508 0.13125698710682393
763 1.7019062238509357 0.02320349886744972
764 1.433992474825313 0.0928610541529956
765 1.8241476247280466 0.06269611815931231
766 1.8055659733094331 0.05681626369404716
767 2.380177919546091 0.16937108932572167
768 2.9017372927318106 0.026547132585559918
769 1.65563027280421 0.028911708473407887
770 1.0218433686813 0.020419083323407562
771 1.4801622254863247 0.03267015767419642
772 1.753601993065866 0.02655396884214213
773 2.3814260852566123 0.040571401991863175
774 0.9036445345467535 0.09396907646558542
775 1.4031100969927615 0.012600207768513862
776 1.8235244002716737 0.07630324813069111
777 1.5884830950835682 0.030248815059639583
778 1.6872616618079328 0.004109723583077846
779 1.1261872817271408 0.05879001006790091
780 0.8414215722439977 0.05500483191328401
781 1.2964941136281705 0.02128513880296169
782 0.9384646431089614 0.013661946989937621
783 1.5105553107408403 0.039353055762161894
784 1.5458115828038528 0.004689413745990313
785 1.394569499064473 0.02867058206255337
786 1.037415921589788 0.04269502859459354
787 1.9453138366065414 0.019732317996536262
788 1.6447538969213538 0.026140099172328395
789 0.5468276807919298 0.09236956886181794
790 2.668573778491526 0.03148365469709218
791 1.4688053992609544 0.05215307396305385
792 1.4873466174849979 0.026271426145652792
793 2.346383184880354 0.033355010605157796
794 1.555443698347943 0.06213299500949753
795 2.280766399455575 0.005690661050620044
796 1.9436886122051475 0.023568021789764616
797 0.3946715063614881 0.10358696181918178
798 1.2048564813459206 0.10381583648548022
799 1.4789569402025482 0.0329161835018201
800 2.7791951275211595 0.019837180310718537
801 0.8764505811119879 0.10750123757642405
802 1.7621988057358202 0.022878714722769276
803 1.7938387245850231 0.07562711089616186
804 3.975086185648275 0.023609322395580522
805 2.333807646510082 0.009906827104007341
806 1.7404130456966325 0.17308143793020686
807 1.6837659883482496 0.024496552126511466
808 1.7950571937963269 0.03138481413427629
809 1.2555777999507103 0.025412761044692218
810 1.7148752900462303 0.029638270319062885
811 2.076953603899156 0.049197572561156803
812 1.435690956454944 0.07956431409448037
813 2.694441603625831 0.03627097244919839
814 1.1005820441876197 0.013865565926052604
815 1.7873342168589652 0.02812239358742625
816 1.819708190969767 0.029506237343255734
817 1.5095228113962122 0.014110316623775277
818 1.7971705320021278 0.03546142062011549
819 0.9919318209469714 0.053568591385167244
820 1.9769863210312904 0.047843075827370664
821 1.1465389702011966 0.14027558899993886
822 1.9325622934947078 0.017312059370133172
823 3.096891810539492 0.0398873126869579
824 0.5865443758569833 0.06611336558272278
825 1.6612578810574756 0.07506939470515843
826 1.6821983571219734 0.028091762949991005
827 1.5169092887069597 0.01962291302945441
828 1.4277099261341155 0.014963597393939855
829 1.2267113214471506 0.051661021338055946
830 2.128607243681204 0.025331889642632627
831 0.6485352016921494 0.0247624757414726
832 1.8450762827076383 0.06184586170918278
833 1.9871698975826928 0.10640535997079321
834 1.3143475256924706 0.23534333191593038
835 3.1451811291675416 0.05945045870043213
836 3.311974567737351 0.033054033881100814
837 1.6202840684365254 0.019512165532085853
838 1.7072364170795926 0.020135675705860334
839 2.4331893870091297 0.03281792369529394
840 2.2166729566987864 0.015372392611036324
841 1.8841253840780638 0.03535779573435476
842 1.979104702957196 0.08522135988114438
843 1.7489089582506394 0.04851384822777986
844 1.730844696520143 0.05563065406908073
845 0.623427789849416 0.01858421457131997
846 1.1592307695790447 0.019462926688942953
847 1.560430222119998 0.028128299685103202
848 1.3228819315666203 0.04659687889613153
849 12.45589528746214 0.3277324665609343
850 2.5186552592941456 0.22077401766976962
851 1.585823379277744 0.08794788422459231
852 2.0722408864228834 0.025048706033952716
853 2.9971884622339755 0.0632594071809234
854 2.2288988749176313 0.19839308921661
855 1.2409529026312796 0.033590068960496614
856 2.601893024360952 0.06953618800883153
857 1.173997982920668 0.027918741769571508
858 1.736721816576477 0.026217081890255806
859 1.60909910777715 0.009894798180216288
860 2.8096552941744246 0.05139610378226308
861 1.5682355035397115 0.023671524762426073
862 1.69199533662848 0.04203958874801345
863 1.3417077613595212 0.04903332207549795
864 1.0483068560605393 0.06121159349685672
865 0.76296477199783 0.04043012822407449
866 2.4477368633384726 0.11331103444369127
867 1.7810780653584448 0.0171184891734285
868 1.5317568136040227 0.05419643231723495
869 2.0529079048953287 0.06731080592073012
870 2.3610530456795593 0.025795037998904865
871 1.4818981269241542 0.052330529793407916
872 1.5525710974163922 0.18970100987016625
873 2.0851913576468575 0.015024331189766612
874 3.173658224309677 0.017641072312565044
875 0.9128786643348279 0.049378592427141224
876 3.8419896127901874 0.08946125660510218
877 1.6899741227722038 0.05590718557379513
878 2.4933254126716173 0.04297488142108107
879 4.288133961399865 0.11710045695955218
880 2.392973296996691 0.06292369472682643
881 1.8406103850124345 0.02108455084147767
882 1.1572598877671987 0.1291558407049934
883 2.6548583396556276 0.08443781840009446
884 0.9973619169877215 0.0572129071096675
885 2.2309234588763798 0.017653694338091983
886 1.378913785999872 0.06255036834237848
887 2.053287487484831 0.015772441372575722
888 2.5978362129760937 0.14068691582840084
889 1.6278883169398743 0.017639781783986456
890 1.890563096468716 0.03631790114057824
891 2.2338281626478285 0.054878319929305946
892 1.329223502472312 0.07892386425512686
893 0.8256154732787855 0.13569203896919224
894 1.7047187945873739 0.027794860750626052
895 1.2454269807131115 0.01685481359847051
896 3.300974296097071 0.02317335525155983
897 3.015120529554076 0.05565039557222498
898 0.7272948655885536 0.07686138812408791
899 1.2197892136103383 0.029828696495684672
900 1.7133122893015185 0.11261973838981493
901 1.4408890009372528 0.07265882037650788
902 1.8856594750854503 0.006767764620362021
903 2.8615409688471116 0.013471195653126707
904 3.0099390207191488 0.04667763639847952
905 1.175530183696292 0.02020401269001049
906 1.3182198270657892 0.015665419814821474
907 2.2997474566411213 0.015177519135135445
908 2.9899183712261244 0.06918885256492781
909 1.009424896431932 0.07977400661588072
910 3.5629512657887528 0.028556696913268044
911 1.7278898501028679 0.18606905932369672
912 1.6466965442792143 0.07851434803691652
913 1.758513809033339 0.016320560534825952
914 1.3100533894792743 0.021899705016026574
915 3.273774241144091 0.0604213385086353
916 1.6708898605719762 0.03378536900128085
917 2.216584058646058 0.017887112428435794
918 1.4314665766576349 0.007466410777837608
919 0.6285882159018936 0.059958919319865786
920 2.576650093583778 0.037169629879613135
921 0.7171251458752531 0.179257832546451
922 1.1169314150900445 0.03338950006562343
923 2.05527396773959 0.03413869345348242
924 2.0131938063763184 0.18116923674093122
925 2.05121422432706 0.018258746470594944
926 1.5204617422960327 0.04278629808408554
927 2.256280635447875 0.023304255043853517
928 2.639850561456123 0.05505081819834972
929 1.7166762954061396 0.01741848524968964
930 1.105787445993861 0.04579237643748693
931 0.38065992062109316 0.06263867816936294
932 3.537450577536337 0.03598112777316735
933 1.959293128227845 0.21171667384972442
934 2.317314999179206 0.022892264518052145
935 1.6833169855663679 0.018192891377783495
936 2.028440798986494 0.008372273807044875
937 2.7209932488769857 0.0591733791920362
938 2.958280785179832 0.10161145570741806
939 1.7514513473493256 0.04143713249148982
940 2.5593733804553094 0.06518411449877011
941 1.5916723212287398 0.01589304589155042
942 1.4173918886198744 0.052025020170130394
943 3.9345157180612618 0.021656126273369065
944 2.429375605478275 0.05101083719047341
945 2.283972250364959 0.04708443807273953
946 3.924932048482823 0.03463438677471754
947 3.6146326911778086 0.0488396667449054
948 2.352118564025985 0.047260105874124214
949 1.4167635719990894 0.020169891093010418
950 1.6732220584128845 0.10615885282231355
951 1.860857982234893 0.06342989814137362
952 1.849631946636339 0.010356926239142184
953 1.4761543493115605 0.0361204771431355
954 1.8168579645673377 0.016771409818235
955 1.0850744628070899 0.012008776792282228
956 3.2713796281278005 0.07367403721646675
957 2.118854766906582 0.03524885198122484
958 1.877733613399267 0.02557237976252432
959 1.080604382239027 0.036229744300871995
960 1.5126281295874788 0.03915650000988004
961 2.707143414623466 0.01772208755756692
962 1.8134559436518491 0.09521032677697457
963 2.656373375499537 0.02642266417302533
964 1.3049875069593413 0.021923287853176154
965 1.5915392071056562 0.0470838400947366
966 1.3184365532797828 0.12395122073351786
967 8.725241592091178 0.009578049844402282
968 3.714730390088834 0.05352315449489468
969 1.94572291840505 0.05787084132576
970 3.139505449820705 0.06381137199879952
971 2.00942436591251 0.03655199018443476
972 2.9196079649863655 0.03480486093736669
973 1.8363213942502028 0.051137814640441336
974 2.206761197518434 0.2110676411574142
975 8.71887141588544 0.2452325705703103
976 1.5526818292241942 0.0041482098553934765
977 3.9710237052457464 0.06622691391325461
978 1.0245223357911684 0.02499942049976523
979 90.84153126943887 1.2335581553737511
980 1.9390309098234102 0.12080022531764446
981 2.5877878834091494 0.04191842945079868
982 2.4480923595374025 0.20033230587203799
983 1.3969644807824226 0.028157412805366832
984 1.596795751107584 0.06428885677424395
985 3.012805694893613 0.07902347921734733
986 1.4317483245298996 0.05166794758275267
987 1.963496740812088 0.03931916053980268
988 2.7426389157270727 0.06682780254413258
989 1.5099065852769729 0.07248653542634076
990 0.5123503413639728 0.09512019593874498
991 1.7737044099261265 0.009255333104974464
992 1.246986307353233 0.06479028537083574
993 1.9481804515522494 0.0370659133867764
994 1.897379700810971 0.05893304946109582
995 3.7582210783222854 0.09074090636276042
996 3.2229276797995965 0.02513115498804449
997 2.2985367056132 0.05802924173436144
998 2.5799629619253377 0.05525339189919481
999 1.9745866211816192 0.021557788273944972
1000 1.71696255726202 0.0069641619495290664
1001 1.9127311418521742 0.03425233973130449
1002 1.738938349461356 0.05128089093751886
1003 1.7883225775860498 0.009956069702743351
1004 3.236756634919494 0.029337907595441113
1005 1.538301776948366 0.0283719029665098
1006 0.9306738402248979 0.11672060329960991
1007 0.858922654971385 0.054630683865452466
1008 1.244048642918428 0.044691328495132306
1009 1.8878581085931914 0.029555710883520877
1010 0.9433192850067871 0.0171442334993142
1011 1.3530374385894617 0.017711396529499667
1012 2.3815617429027096 0.009465454411956726
1013 2.9285717885364018 0.21595129181983144
1014 2.913105730980057 0.020624055691613824
1015 0.9893163034240383 0.02297742132969355
1016 1.6639879651971674 0.015531504214852008
1017 1.2404716192107197 0.14894278657313317
1018 2.428302602692752 0.0875186909366414
1019 1.221126166506765 0.01777979676394951
1020 2.157390508347021 0.04478507521380197
1021 1.394521840952564 0.017710738440796306
1022 2.024979967973211 0.0687388322040743
1023 1.412943468093386 0.11982159328797085
1024 0.6517219414137279 0.0350926835081971
1025 3.1803681668773507 0.07471798681789227
1026 1.382742570503599 0.05954576790005834
1027 1.5120957411089657 0.03774307201675111
1028 1.7654820017033448 0.028731370828437495
1029 1.9054842494338535 0.03230669050692072
1030 1.8326247996336198 0.030089786703107642
1031 1.651665230537754 0.044886101794676204
1032 13.309175861504924 0.4242411475157493
1033 3.8736262342160237 0.046388633078572335
1034 2.568946769539419 0.010730406445505306
1035 2.9533711228327983 0.17404355707858807
1036 2.1438537930684145 0.13131511614652516
1037 1.1054694798916067 0.021472562598109885
1038 1.0672525445354006 0.05969519635070988
1039 2.4305815114535054 0.049303818008935386
1040 1.0969890504635726 0.11606907845595597
1041 1.5054408673245032 0.045269855828491
1042 1.8577014066366395 0.06237192404273652
1043 1.76984843801239 0.05513496690657306
1044 1.4665819627285015 0.023716018733431345
1045 1.0008873805686591 0.17503890509694722
1046 3.3520643400242705 0.012480329627051241
1047 1.5145339701542408 0.03458154785246933
1048 1.891606340547092 0.061234726106275075
1049 4.192859997397544 0.14778360707435959
1050 1.7259482670245807 0.1306851421019152
1051 1.6648395286115705 0.10311509686980565
1052 3.3487127180939207 0.04009730908278728
1053 2.5382208861962803 0.024034659465866286
1054 1.2577242417256296 0.030592257648391047
1055 1.7913366050513022 0.04063846698079131
1056 3.4091818978774495 0.05891500268308975
1057 1.6988335267094947 0.03974616583724497
1058 2.1490948277326476 0.0641947846593759
1059 1.5516875725707595 0.01638558243876885
1060 1.3447091935824447 0.026268213206594605
1061 1.9273241058831605 0.02385240442004555
1062 1.2684906952384165 0.1217015993117239
1063 1.329808511532339 0.03503992163956697
1064 1.4608720153987191 0.04686316871743571
1065 1.1618835490905979 0.019781589172957283
1066 1.123373547239642 0.0488203163989587
1067 1.3314093861599996 0.14453096335683005
1068 2.0262921891555368 0.015319239162226519
1069 1.1959923827567105 0.01203013331981823
1070 1.6281818416025586 0.045278671357301695
1071 1.5993101967359786 0.19037607372768325
1072 1.3891546175460057 0.015892599452814436
1073 3.3337080449468637 0.12836602756681909
1074 1.5231524478123635 0.05763836807287391
1075 3.4537554607414176 0.027743208997584916
1076 1.315810927703028 0.009196960278148298
1077 66.68306052237678 0.7356460108752328
1078 1.9477304161757403 0.08230158962155106
1079 1.6432449907501536 0.06823176216475331
1080 3.390480679688708 0.02302899683182293
1081 -1 -1
1082 2.6081604205428772 0.03928215055276904
1083 2.2594815206102425 0.09055256117078667
1084 1.659411907321037 0.07697856679880463
1085 1.7096621564592653 0.021931945523916543
1086 4.276141826406641 0.2577082460936213
1087 1.4897383185325581 0.022810544855483738
1088 3.353153640036792 0.07555686668800897
1089 1.8389547531636892 0.11464349162971249
1090 2.2550498677457016 0.031940966656214806
1091 3.4440991752639265 0.10156757492152972
1092 3.5727629053633683 0.056045802905939905
1093 1.1740297071684143 0.03385008815815431
1094 1.408050646743212 0.05098107274584802
1095 1.275907092695433 0.04465800395982395
1096 2.098589076353715 0.021846839021227988
1097 1.7140514445797674 0.0629714991594226
1098 -1 -1
1099 1.8212393039220012 0.02891408676604421
1100 1.474478015945143 0.056982080417170844
1101 1.0120100205048599 0.14914480374271347
1102 2.83211891066008 0.07538184507887793
1103 2.0675767219641092 0.02206704663067893
1104 1.4877953476937422 0.061602970806215615
1105 25.505287013699448 0.48573587330221935
1106 1.1953624462907617 0.02106046037843146
1107 2.415046075558629 0.1314340034771468
1108 1.31862712957753 0.014798077386057023
1109 -1 -1
1110 1.900526214852165 0.007630826499731207
1111 2.124753013159183 0.10165669109778791
1112 1.5829691971234212 0.0155111475598635
1113 2.2343346068209406 0.028811995812347762
1114 1.8654422111850155 0.011249040229553217
1115 2.5645875076067504 0.04225634386056881
1116 2.211018260064127 0.041733062444512456
1117 1.676613089791722 0.055114221450797814
1118 1.2781671326425432 0.03222361695995737
1119 2.180707881981702 0.023162749840483284
1120 52.13652675828148 0.5004866124678263
1121 1.7790523680633155 0.019105821783460555
1122 1.10124993631803 0.026408251331194885
1123 1.9166574160669851 0.021648048294526268
1124 2.2331010833630907 0.026890226407119952
1125 3.246656416816324 0.04831020348541801
1126 1.854864870518575 0.10697534625410461
1127 3.859028316132197 0.08640226165204613
1128 1.2888414192807405 0.031444471010718456
1129 1.7029597628394721 0.05068792550316549
1130 1.7968440749921215 0.016253893716259696
1131 2.0102618023715197 0.06867022768676113
1132 1.8660774339342237 0.03225143564419659
1133 1.5483701784277886 0.0430789922943191
1134 2.446467176725258 0.04510907992582226
1135 1.4867639113157096 0.041960660904789455
1136 0.9003432361685503 0.034505276533129944
1137 1.5668462583757423 0.08110555638378275
1138 3.784413389153383 0.23980037917451388
1139 1.0088071126462423 0.1984489430107495
1140 2.0529146167382035 0.03803174669675116
1141 1.6499911068963489 0.08079934727246509
1142 2.8293603832254095 0.020191725254854877
1143 1.519421128032 0.0600556590649913
1144 2.640869021704143 0.03407783490691562
1145 1.7942117570537868 0.17749893811816683
1146 1.3207716466502701 0.036524890805126074
1147 1.7021222301688974 0.028519199380019844
1148 2.4901491183956828 0.09279080474610844
1149 1.5899532275738555 0.01962512855916852
1150 4.884654054169948 0.1171037486174425
1151 2.2056621508855887 0.12504564338122404
1152 1.0508679447988185 0.033953822912987854
1153 1.2014602154192233 0.11296975614530977
1154 1.722284581267854 0.018257980401889865
1155 4.764242102412609 0.19991525522332745
1156 0.9376020567637244 0.0649452997490581
1157 0.8081154596450393 0.023905706583727107
1158 2.318825581257805 0.010048167734629668
1159 1.6092235320659476 0.015645146367810236
1160 1.028018805137142 0.0983211555561635
1161 -1 -1
1162 0.44640639919441333 0.019382100522243585
1163 1.9592698645351814 0.1650835606163069
1164 1.6248958930806627 0.0408010757114487
1165 1.910954399326171 0.016585898065896592
1166 1.5042427761124073 0.03379650475354235
1167 1.975821472236235 0.048153714575272615
1168 1.2556291447118133 0.04598771703287622
1169 1.340989046281483 0.040039101350961566
1170 1.2366250437346769 0.05320987825533134
1171 0.510346779390281 0.08473941975005636
1172 1.6449403746464308 0.10200683493596943
1173 1.498300375680726 0.08805413724981502
1174 0.7634173071944292 0.06985326629618006
1175 1.5541062962133376 0.029207538783081525
1176 1.9833855052452 0.22454630224747713
1177 2.3005484459305086 0.037731288607970516
1178 1.7863926202194231 0.01530521245773593
1179 1.2654820144543555 0.0666448311554267
1180 1.7756578562678451 0.0772439591035199
1181 2.590948067154198 0.13858443441615442
1182 1.3624737960315865 0.028822972736111275
1183 1.7009002963764346 0.05363111367499717
1184 1.3721329850179012 0.02536245207851576
1185 1.339016573695832 0.03920307896895618
1186 3.478721257858024 0.060406451666840326
1187 2.034848274958399 0.02847610315122744
1188 96.04276755532305 1.8800848178399303
1189 3.0683795976056727 0.03361496377454288
1190 1.4672974733568485 0.15235623808418447
1191 0.9145744439084903 0.019802528198857184
1192 1.9814968745732362 0.1558805880916488
1193 1.7917096847606928 0.051816232080601654
1194 6.016214172284402 0.09148614941232283
1195 2.954439183566591 0.10617521337266009
1196 1.5896077878315766 0.010096789973912904
1197 2.2081550741505587 0.05520567737877426
1198 1.959852569744151 0.028558532792512633
1199 3.0780249448251986 0.051545776859570576
1200 1.7560498470314168 0.04348218331379225
1201 1.858036039173533 0.023204146869360315
1202 1.2321243616682578 0.02582029823117957
1203 2.350062772725846 0.019217861081992842
1204 6.0077022767271435 0.34610235267110506
1205 2.625268866968677 0.06992540799877478
1206 2.6431869284781544 0.03474915933247515
1207 4.480465550554475 0.13869525875191416
1208 2.380731065190158 0.033106448015784724
1209 -1 -1
1210 2.0775228771726924 0.009746435709458774
1211 1.8782541586321084 0.09479650975765026
1212 5.944578785872752 0.35816964390143713
1213 3.136301216428252 0.09706185438440786
1214 0.49787876821590543 0.07418849628644048
1215 1.5383445805286295 0.015459773851845045
1216 0.8962991512168401 0.01788324021312295
1217 1.3837161351400828 0.039869369163413576
1218 1.784565398296536 0.0650663266846224
1219 2.041795463711131 0.014214442213511666
1220 5.915872178038125 0.10175726973246398
1221 1.684922840779625 0.05936388989713777
1222 1.3855568408179826 0.03811107374248243
1223 3.4849645287199498 0.0722292813755629
1224 1.7522556046707398 0.024361539086745005
1225 10.38631276554681 0.20709855116750725
1226 1.828094704144875 0.05495182104416725
1227 1.043428507665622 0.04486206154180583
1228 1.7176435879430738 0.028550081671774488
1229 3.4857082628936302 0.07041212100158725
1230 1.7283721948614896 0.008933735674236738
1231 1.3612766134880032 0.02072722133251988
1232 3.914813947177011 0.0929186083183468
1233 5.005957918349286 0.08852467740829731
1234 0.9240659108630576 0.0372907341520608
1235 2.787309579721259 0.05422698552240226
1236 1.3246880507021068 0.14888549223306333
1237 2.646495808623323 0.075497852403607
1238 1.3886687059981973 0.057020440514336246
1239 3.0067153040925647 0.08033819680794795
1240 2.294623354734616 0.026271693908665253
1241 1.1998545927273387 0.01740649948380818
1242 2.671081945780893 0.07813556897559719
1243 1.7605303993400714 0.12281849614279194
1244 1.0579683944115548 0.08809745971174143
1245 2.624055298147969 0.09339268173599893
1246 1.6522520161977559 0.007937193798021073
1247 1.6008225940011542 0.05643826708714739
1248 1.4616275599107769 0.1107194912837106
1249 1.0753760342739729 0.04770988427669488
1250 1.8157553067460057 0.06914351808157855
1251 1.726167613090105 0.031413215797209834
1252 2.6726797762518104 0.022246158886450134
1253 3.204878940179963 0.11863383893244732
1254 -1 -1
1255 2.3133165630390105 0.012882463109502905
1256 5.867746356006019 0.17644647842353292
1257 2.618470698261933 0.02071346507224416
1258 2.923794701401897 0.09099611971349357
1259 1.058304748209489 0.03442155564545215
1260 1.7367692925845295 0.03444702892452659
1261 3.188297641907625 0.017819690938055743
1262 2.6683171272539026 0.020784925631721716
1263 3.38117988016058 0.05521960282312988
1264 1.9089440907029702 0.026024935381077155
1265 2.0153072076872056 0.023705556381670715
1266 3.822527062164428 0.06618400910055353
1267 1.5878561425941558 0.023056561544492208
1268 1.625718438859882 0.0936617421170754
1269 4.836547960386672 0.11734688470749238
1270 0.9359823605612368 0.09237254430401032
1271 1.686906166583816 0.015020456654393674
1272 1.762531476779848 0.08186545932701567
1273 4.647107634041153 0.09021483976758239
1274 2.459759361429806 0.014322451238836074
1275 0.49871240304743747 0.06047688491745204
1276 1.7075898907827969 0.12023690210051234
1277 3.811735676869232 0.08133186692758067
1278 2.594736751357211 0.029627066875320997
1279 2.2583934595841133 0.09173889526473421
1280 2.2351798751223972 0.09747917183808806
1281 1.2061200064802586 0.11163195484269776
1282 1.6042219047105766 0.014224502835930474
1283 2.7738980216665206 0.02592493199234005
1284 1.5736192219915246 0.10103519643458321
1285 2.0028562780844954 0.16943441998536068
1286 69.7443503083557 2.1979532358950173
1287 2.19368165084605 0.11490116823885395
1288 2.3981089771452937 0.04473736785530835
1289 3.065542033113705 0.09840870477984637
1290 1.721707743367228 0.04828723559629957
1291 2.15697677609807 0.04610155601902443
1292 1.069277801801672 0.026357687862295878
1293 2.9201731094516066 0.06613002672154644
1294 3.081058981398326 0.05134670027215733
1295 3.660130936419129 0.07268454141338057
1296 0.8078857421732687 0.07333965462158329
1297 -1 -1
1298 2.1624765256422878 0.06970738553638132
1299 2.3989297894521235 0.09180417955403988
1300 5.386352707741039 0.11682887164343023
1301 1.3332975993367109 0.046911808872797146
1302 1.3719036550557346 0.029310789213826807
1303 -1 -1
1304 0.8544618023661983 0.061361001554412146
1305 1.3796518675698648 0.22564273956689931
1306 1.7327585182971634 0.022574641514327445
1307 2.629488302961956 0.025489264814559084
1308 1.8691747581009495 0.04793039370008721
1309 1.9038671714045565 0.013469066363792146
1310 2.2703918410620685 0.05016441628799021
1311 1.4385832370100873 0.02589011885564672
1312 3.1129241074878973 0.10747151467768105
1313 2.8544820118828884 0.05979390072761376
1314 1.76150804651798 0.07807416839899214
1315 0.19264859729745426 0.0781245586402254
1316 2.6386426383284056 0.012439114799464952
1317 2.1416182590739674 0.025266060754607696
1318 2.422830257625112 0.02157995019001927
1319 2.1093776889894795 0.0757178686012704
1320 64.76979840290909 0.8589655095894488
1321 1.7230743938792703 0.0327841671509464
1322 2.933810856092886 0.06579680449183141
1323 1.6447351626693956 0.08304435742271334
1324 1.8160851373047249 0.166887502163196
1325 1.8440162459417704 0.018567933918780474
1326 2.4924270606520578 0.0712997197840098
1327 2.902480623381324 0.06257647102329167
1328 1.3452549491231158 0.10735807485362268
1329 1.536694930025866 0.06955675992216828
1330 95.2482325744438 5.747543051226837
1331 2.9463697475536117 0.05295682582481757
1332 -1 -1
1333 1.1078369452878871 0.05204146921194839
1334 1.3258575855066361 0.1129025259625176
1335 2.7587611352361074 0.026547718207441097
1336 1.7874232336544924 0.04246036016896915
1337 2.7455092697865995 0.06834306011183797
1338 14.30916409057239 0.2763106269738489
1339 3.172637232451719 0.07338091436643329
1340 3.162785374459957 0.09163181757342304
1341 0.88037223709451 0.026768212524100377
1342 0.820951088929834 0.09481069871301716
1343 1.7618382114716826 0.035396636874825256
1344 0.9091780871988281 0.03315721183112961
1345 1.908981473286896 0.024039887831193412
1346 2.2854402999925645 0.06378198587587786
1347 1.841093620035148 0.10153177558683074
1348 2.2306793397005134 0.028106805468634546
1349 2.060658061781762 0.06080403482220551
1350 0.978070516285003 0.030105855987533202
1351 3.04079444951943 0.04141134010470727
1352 2.4514714104576147 0.09256622627248326
1353 1.419508559479888 0.08862631688368819
1354 -1 -1
1355 86.26965930242329 0.7730847376940893
1356 1.7214499110909418 0.008054058075819553
1357 2.4829154993654154 0.017500190780625608
1358 1.8280606006457947 0.010857878521810548
1359 -1 -1
1360 1.9488747033642593 0.09019213937479872
1361 1.9194832870596243 0.027538535522274674
1362 1.4952835798402926 0.010241206288151866
1363 2.455524854995764 0.058664091481027136
1364 2.2351634794323556 0.049103629782220555
1365 -1 -1
1366 3.1746890692548373 0.022635266260482716
1367 1.4325825143730444 0.17539123168768453
1368 1.1437576496687076 0.035764807068414214
1369 1.2778652017459549 0.039397060449167756
1370 1.5384360341999923 0.0442992985390231
1371 34.6626097326031 0.5297917692037125
1372 4.304932854425158 0.15326521612955674
1373 3.859908314287536 0.043105581416404054
1374 2.0333446539634377 0.03691480147279979
1375 2.166290125418561 0.03764288810398604
1376 3.5713876337566344 0.03306514196074829
1377 1.6818062692631386 0.07722461079577167
1378 1.1703929904420658 0.005484976772768962
1379 2.3428038152942907 0.10366604694510775
1380 2.8384021439867215 0.027344426546253853
1381 2.1860274120790812 0.0656803858240421
1382 2.929139444933736 0.08095427111615562
1383 2.8854708224975063 0.16232260143092625
1384 1.3712826066222947 0.08341368550288174
1385 1.182493036165383 0.03065837591832007
1386 41.51114067009884 0.3640408348860271
1387 6.143910213312541 0.2378799191267332
1388 1.580526353865876 0.015103572669750332
1389 -1 -1
1390 3.763405961348448 0.2325634615541926
1391 1.0248913125743444 0.04811914043921358
1392 2.2930340743713145 0.07165224616164186
1393 2.280408457362231 0.12689322346191945
1394 2.7716252314807606 0.006476726788533389
1395 -1 -1
1396 0.880773436924165 0.06574971889003703
1397 2.732601820196311 0.06392602906162541
1398 4.222333599030881 0.20709993952457148
1399 2.093506666978872 0.014155577009448863
1400 0.8087157465459941 0.13813653223358022
1401 1.801947319328205 0.05907752937182154
1402 2.8361091172097592 0.04890834579861495
1403 7.698676396921505 0.18286534395970844
1404 1.5620545713426748 0.10915856879027754
1405 2.5691737129621206 0.011128784926202711
1406 0.4127145467824633 0.0937356953262483
1407 2.8642042205501888 0.025251565448898124
1408 1.6855366406148566 0.008588900776243897
1409 2.3007875686752373 0.018372469144652025
1410 1.2909055594496952 0.06535418606452226
1411 2.071969784394538 0.004902377440970478
1412 3.9947936716877277 0.13822298284809456
1413 1.5464570398416841 0.09111449272061442
1414 1.4910509302239001 0.030963913709519227
1415 -1 -1
1416 1.1147989872691566 0.028574016478116172
1417 -1 -1
1418 4.201525029168388 0.31288564906645316
1419 1.1695064014516119 0.010276098095672715
1420 4.924703534893989 0.13711276063017808
1421 2.677325111259367 0.15895710616381498
1422 3.320606068398479 0.07026063519115075
1423 2.6898741805409694 0.015525228832535713
1424 -1 -1
1425 -1 -1
1426 1.8122774971693099 0.08662572695346948
1427 -1 -1
1428 2.0571518265909203 0.018011302407630308
1429 1.831917455889346 0.1819741776827956
1430 1.390510355755408 0.010265880299838612
1431 54.02452274120023 1.3287624421196043
1432 6.157544035622158 0.13312354285415148
1433 1.895825693029591 0.14198688578965576
1434 4.631962077366845 0.08698136236968873
1435 2.7799710040837704 0.06846487098247407
1436 2.68917644240653 0.017145609540035554
1437 -1 -1
1438 1.2693586869420075 0.12925280617688345
1439 3.8114934935447438 0.18634567527272672
1440 1.5033972542994896 0.019742368983973746
1441 -1 -1
1442 2.019337321122805 0.012817079314480386
1443 1.7973513659596225 0.028555724073145734
1444 1.3078492766555074 0.017821791585465794
1445 -1 -1
1446 2.307938269181225 0.02616242453030943
1447 2.4746646828548426 0.053895756214184604
1448 3.579171859718546 0.03043123791449337
1449 1.7845555630287389 0.053519690746428164
1450 1.9054524110605748 0.011483329906246054
1451 1.043845250143541 0.06661748665513553
1452 1.3994145726319864 0.017422494553950497
1453 2.8190954283357326 0.01374670263369019
1454 2.6988124402550593 0.030409056768018954
1455 2.289241647983101 0.07234288325482237
1456 1.8597120277063917 0.10504152033777683
1457 1.3311140169129587 0.01231623805729831
1458 2.3462594243700883 0.02660363163620983
1459 1.921160145281091 0.043638632273384236
1460 1.6576951512799938 0.0965703591431243
1461 1.5488658359628016 0.10310446552612733
1462 -1 -1
1463 1.5644004812633248 0.014004070933009895
1464 1.6179321667451847 0.0844715696726003
1465 2.090164221400625 0.031719896818655634
1466 0.4944533859488386 0.017774944261366672
1467 0.7152402067700415 0.024875227326817316
1468 2.1381639401997803 0.02394014181354861
1469 3.2319359827492895 0.1028984458361231
1470 16.358656990913467 0.3111140312976786
1471 1.8182491007926878 0.017439637760925133
1472 2.302888087820012 0.12038880173531802
1473 2.727806989352558 0.10763295455310522
1474 16.570009024439752 0.28954594570484155
1475 2.996543220848368 0.1233113325379972
1476 2.7100078212692753 0.021837332094171085
1477 -1 -1
1478 1.2583173418657831 0.00893064269979185
1479 3.6360390294141722 0.05462160858643111
1480 2.218403546229066 0.07723264168115977
1481 2.05287430929711 0.05589851843252459
1482 3.6878840701650777 0.02678376174373665
1483 0.8615030901882308 0.04438170779819637
1484 1.6967003521042612 0.03020538194878479
1485 1.8437193453415828 0.03290420985480998
1486 125.65553619442986 5.0115227688510915
1487 0.9746058587664507 0.10197306908303806
1488 1.7103927638233214 0.07755007395062004
1489 4.259091219188926 0.036031582389141434
1490 -1 -1
1491 0.8632595106715524 0.014073816905058321
1492 2.5984985358990103 0.07573838532260062
1493 1.4374516085066318 0.0305500351974226
1494 1.323382557931774 0.03552084685678846
1495 1.9815726937460727 0.05918302613861506
1496 3.6464112689602257 0.03740993653683789
1497 1.2740975367318426 0.01903938262510499
1498 -1 -1
1499 2.2966744467013718 0.11159938788129718
1500 2.3387094766925403 0.021015651376261817
1501 4.267943581916451 0.05176387611514403
1502 3.9930983120892267 0.06103301677585966
1503 2.1665369034030424 0.007506349518370086
1504 61.41913350371544 3.4163816188276273
1505 3.350833567519421 0.014284115034002324
1506 65.25282943554463 1.9375455250610853
1507 1.8408100457800398 0.05002263774166092
1508 1.6984982151724464 0.08596832586454899
1509 1.2958491169522697 0.025244224422879567
1510 1.0586322574217508 0.045964485553806035
1511 2.404413196932536 0.08986584612500831
1512 2.9460812725578602 0.15332549823885294
1513 2.6458977352502124 0.04010845792430263
1514 2.1260284015053093 0.027244487117600667
1515 1.613979961326358 0.009061913871580566
1516 2.7313835914039055 0.19787467331147487
1517 1.651420723331967 0.03298439505716787
1518 2.706032831970933 0.09248036514813587
1519 1.8666846083670163 0.10881098269721347
1520 1.720306913309971 0.011377855491233584
1521 1.6594855681537906 0.04644266278571051
1522 1.9880498004325233 0.01094719758005807
1523 -1 -1
1524 139.63026500538246 3.002270986454448
1525 3.099876677891252 0.06056051748542769
1526 3.3894869428867613 0.2063988769830435
1527 2.7116701721506287 0.0725526355461533
1528 2.2536438808580743 0.013424906759717255
1529 1.4978913648646959 0.02925529607325172
1530 1.2240219519391933 0.03843949564334325
1531 1.4976494032213774 0.021736938240120608
1532 3.7574732464076646 0.16338923133929875
1533 3.3377157243052737 0.09665329629676474
1534 1.9285712638232229 0.0165113494166314
1535 2.160052006360152 0.0410145898209646
1536 1.8438340012083743 0.011427567267749841
1537 0.5763864237450343 0.08787767002641951
1538 1.6449087880829076 0.04071368597785555
1539 2.793515175948388 0.1553402019671579
1540 1.5271253458538045 0.02523201869857387
1541 -1 -1
1542 2.197318096298924 0.08698316155205225
1543 0.5528388538373621 0.1135281036437643
1544 1.7218504619336479 0.09940893807717771
1545 1.185028080150585 0.16071825326930622
1546 3.0190226028438123 0.00787724722096969
1547 1.6125726657169739 0.10842122138565467
1548 2.5407016161453995 0.06238089133638491
1549 2.2964262109464477 0.07364505006968182
1550 2.101805685923319 0.013934069459874113
1551 1.5451202328511962 0.010955459029541098
1552 1.5969946848912902 0.10241077268059723
1553 2.604296588901007 0.087545973135117
1554 1.7682629444659663 0.03245718453313473
1555 -1 -1
1556 2.539123467695564 0.05386214778403175
1557 1.5608942893518019 0.15198787432573346
1558 2.4941337061378666 0.048661294730212655
1559 4.641417327447877 0.0400671872754076
1560 2.0821014125380057 0.06480557975373474
1561 1.4248195687202898 0.06301988893988157
1562 2.9661141001658984 0.028668871287465172
1563 -1 -1
1564 2.299426784532318 0.11305477798979367
1565 2.7129813280165602 0.10250247116901345
1566 1.651434816168627 0.0486149924482976
1567 2.8638894792592886 0.1661725784784994
1568 0.6220138646016768 0.027659065405151652
1569 2.5685671488635013 0.04511741206178354
1570 51.179712370049124 2.104547230640889
1571 1.2715662997311554 0.038204806488456214
1572 4.937104177478464 0.024175354258745355
1573 2.5797709869289256 0.12572567831967923
1574 5.955770556418429 0.2091924457500533
1575 2.5225381515939285 0.14303416516621373
1576 2.246809659185219 0.05913197567576954
1577 1.83767440686554 0.022235455231873483
1578 69.67359154019493 3.14212485057645
1579 2.9218808930332982 0.11654255184428608
1580 1.5960302648823192 0.01418034456117136
1581 2.2111697341048435 0.04413939013973097
1582 1.9120629920993248 0.19182117386114148
1583 1.9825121987197423 0.13451674615883605
1584 2.46392021983894 0.03535067936267326
1585 2.1847871682233797 0.06373200785546007
1586 1.7240097142460367 0.170129882789204
1587 0.9323703210901532 0.0197495526426881
1588 94.8966427401213 2.407239421991891
1589 1.5312186569181474 0.058396691857749206
1590 55.39835214053 2.7742926051914685
1591 1.9130166380139797 0.02306233704724539
1592 -1 -1
1593 1.6245241562589257 0.017143656841940542
1594 2.123377971964004 0.08107406196212776
1595 -1 -1
1596 2.343615046012612 0.07029178728942938
1597 -1 -1
1598 2.5035407757542276 0.008536697278197992
1599 1.91682122018084 0.14465613893710683
1600 2.555334281440829 0.10023320287302331
1601 1.626580867291314 0.0364740245041547
1602 2.1168032550998706 0.035253095727402935
1603 1.1975069324631704 0.029722590988711554
1604 2.011930365326525 0.03511261589587247
1605 102.62600524625314 1.012232380759748
1606 0.6453028068499178 0.04822360630377607
1607 1.6491529182081055 0.035138677455881805
1608 -1 -1
1609 1.818596653496423 0.04542864192224695
1610 1.905261352293202 0.062374177385860326
1611 2.8065273213645 0.04062773525104462
1612 1.7114182865225886 0.03209096241571247
1613 1.6312670341629132 0.025949392669711017
1614 2.7166226373350844 0.04992089624601609
1615 1.2862267692356475 0.06855151093923066
1616 3.54617266781332 0.04653167883826761
1617 3.8809779390854406 0.0703158722370227
1618 1.5990638733863038 0.03427393520100965
1619 2.432730736687745 0.01651355977459098
1620 76.78494781457024 3.2473854435657157
1621 1.7220455466436415 0.09950364393167982
1622 2.060415087933005 0.049979692466554884
1623 2.2006096653794245 0.17009987037782667
1624 18.380712433849414 1.44241727876483
1625 6.4893986319130175 1.5304525808859195
1626 2.8875152710491876 0.0563245056584559
1627 1.9636749086612584 0.057469571613354184
1628 2.667079254195898 0.05086753743993337
1629 5.4343126092003455 0.25277743045131396
1630 46.548744279437734 0.6084956039282454
1631 0.17980059779924953 0.10547685594799606
1632 2.696753615340357 0.06382928505258331
1633 1.6273450365138775 0.05567183597627927
1634 1.429579636251592 0.043777906583291185
1635 27.080927589077177 0.8555634001238228
1636 1.2329976530798628 0.016540821912476206
1637 1.6727703515962666 0.08295855838947423
1638 3.1240299648267613 0.1595803860881637
1639 13.666649774964522 0.28241974304450507
1640 0.9067990209223454 0.133571985071334
1641 -1 -1
1642 1.6355036415317121 0.08315222578198468
1643 2.131851020315815 0.2062103127491952
1644 2.2338020166763015 0.06947433004841186
1645 3.0436235501963953 0.051747410883997744
1646 1.4956319332495795 0.022415832924882653
1647 1.4215957946681856 0.031194636885640385
1648 1.5920487638407763 0.013721808402427422
1649 1.797796799189361 0.07510547605968972
1650 1.6808819754502273 0.04195326450460203
1651 2.176262171516226 0.13279850747567648
1652 1.5070104510308269 0.007734333549279972
1653 100.15460603080538 1.8351721705150332
1654 1.4077098650104576 0.023253110443849857
1655 2.2825386811243886 0.09819142698530448
1656 1.5372533508040753 0.06498821394360034
1657 1.3936351049614617 0.06308562771410287
1658 1.1798769959805413 0.04848682260388742
1659 1.2674446981939442 0.024566971422086113
1660 2.9830381364385254 0.037766337846288696
1661 11.426373689687463 0.25564875611048954
1662 2.274400286928866 0.12834423905105524
1663 -1 -1
1664 1.6612344666735863 0.053457094324989816
1665 2.4116716967755822 0.054259857858015355
1666 1.7007544991776433 0.03035723226322299
1667 2.2279818254807964 0.030628730911950123
1668 1.1296181182405323 0.08436297291507766
1669 6.537900531662212 0.3621324863776821
1670 2.4067103923644653 0.13986111242092514
1671 4.24928157578124 0.0655581727649739
1672 2.5549392416904 0.051121771379406995
1673 1.297196199355075 0.06243568886506301
1674 1.480760413707374 0.012589950901381826
1675 3.45045179033244 0.10265466810405967
1676 1.9549275183907588 0.05269594463696367
1677 -1 -1
1678 46.60019318842138 2.699885455812568
1679 0.6625230446078867 0.02577870938519272
1680 97.61390237447189 1.3924606870333611
1681 1.8144975410172068 0.14514803272316104
1682 2.013888485073231 0.01634925779943897
1683 1.7349232495658888 0.0457878932977369
1684 3.2172287750838597 0.06920390347796225
1685 2.1940129868876306 0.01624123289807115
1686 26.099218177969345 0.5232619089088832
1687 1.3670534788888216 0.017873640548180296
1688 3.4881790771439354 0.0689375292069971
1689 1.9872699778799914 0.06274906325000966
1690 4.834069170497856 0.0978532151533203
1691 4.273322257056477 0.07974828234233643
1692 1.5248708279884637 0.05855526503381135
1693 1.097882032913434 0.07864376516317695
1694 9.115528911798739 0.24685633367956503
1695 2.088811262339488 0.11075198865933056
1696 4.779322832450085 0.05997397240679014
1697 4.766261860520395 0.05515855110691731
1698 20.569753287785673 0.6346094832718795
1699 1.7168248229421466 0.10789275740014578
1700 1.7499523019342504 0.050171498031960665
1701 1.2872559725172419 0.031205193583270886
1702 4.031779574097782 0.1449945522321712
1703 1.6872341853280255 0.039612350381734274
1704 1.6546958311964264 0.1047980161307777
1705 1.4813833535726786 0.027272929622762263
1706 1.6826286511437751 0.04691582372159446
1707 1.248576545867011 0.01938550263010096
1708 1.8107506308414298 0.04044537946011367
1709 144.42467132939797 1.5055076585651777
1710 2.4145885224500154 0.15771925160538428
1711 2.051695822896494 0.07242626622170087
1712 0.8344360437964132 0.14488935296053343
1713 4.990963967863605 0.1407689746590945
1714 2.7432647050378702 0.03575772838232614
1715 0.8847112282571327 0.019112260901063036
1716 132.4039035789071 2.465846341294464
1717 129.3788754504551 2.171625892494739
1718 2.237771953197008 0.06288270514912443
1719 1.6184930945783988 0.08184661329070886
1720 91.96878901322047 3.1083364300088845
1721 -1 -1
1722 106.23985320943261 1.016704446304986
1723 2.2683530333160817 0.018488981893539605
1724 2.111534868459138 0.022034929515816516
1725 4.088973949315086 0.06585302774833021
1726 13.373349410752525 0.670611695089841
1727 1.2499105983022583 0.0816472748165368
1728 2.7495709481129174 0.025609071519259122
1729 1.1197328329370002 0.11354014529113823
1730 1.822506980925993 0.03041197651808677
1731 3.0176504556067814 0.04566614252827049
1732 3.004772528858504 0.0745014494417728
1733 2.6787878279889186 0.16404893091166792
1734 4.473738449607017 0.13924991656583874
1735 1.068585901466538 0.028291722826552748
1736 1.8520667957615298 0.026239440221885412
1737 1.471183856567424 0.10453742630454348
1738 2.767023862527735 0.06164117308236702
1739 4.056815655874463 0.07422303700782723
1740 114.60187820217088 2.1664745237664333
1741 34.58632637532512 0.8851299113543183
1742 3.5964854275002858 0.07735243835717598
1743 3.865083189393947 0.05518482461919354
1744 2.179942178103698 0.0547873068335693
1745 1.5798855622221641 0.0630088051107894
1746 2.2655534788872203 0.10119315030589254
1747 51.910758886473644 2.3877765203145564
1748 1.3894125841008838 0.0491901761300901
1749 4.75064894894084 0.13874206107530615
1750 3.4620664859290065 0.023945436256200717
1751 2.73282905993131 0.035508171252883684
1752 156.4828656442697 2.1050839369110634
1753 2.513635536813435 0.12903700095204387
1754 64.87682568992936 2.6987302657081234
1755 1.6121383175530153 0.03274998250708988
1756 2.1268359027336126 0.05529475875059935
1757 4.642632573074367 0.05537590987423725
1758 2.283513821927813 0.033826894149389115
1759 -1 -1
1760 1.9057153794535946 0.024091373753223896
1761 1.3792233462757237 0.08780620730562558
1762 1.4269592294322369 0.02162599391137152
1763 30.0333382742608 1.2495135550632714
1764 67.55868452225266 0.7923996916515801
1765 0.8706431961001909 0.10177839805918326
1766 1.6334133392141896 0.09939592109649141
1767 1.5070552599960112 0.014608102049622608
1768 86.11801237406561 1.0837178350469021
1769 1.9076651993833253 0.14015243720421497
1770 4.313522214973098 0.1138355949731793
1771 1.481198834065426 0.0417068657034202
1772 1.5317848569688597 0.03332063139648745
1773 0.6280533906290207 0.06732550054885025
1774 -1 -1
1775 1.905542098002494 0.06490568670109341
1776 1.8437142892920466 0.023691585578065194
1777 1.584421444301369 0.06500952165779272
1778 1.7300548807173832 0.033884376169563225
1779 3.0910797741958285 0.12752399717106344
1780 3.944895736924733 0.15102228796897682
1781 3.546534642681355 0.032135884672842986
1782 -1 -1
1783 -1 -1
1784 1.9320362689319857 0.04294969398306938
1785 1.822606251669244 0.07613115649538608
1786 1.0881045248758459 0.01801415280678509
1787 3.3640575854512136 0.0847646683912091
1788 3.3800762509348785 0.07464335388730027
1789 2.107371096029935 0.005946080976779018
1790 2.036352555000379 0.2774780795171827
1791 2.9492146347842243 0.06336753575510029
1792 2.8906183948738655 0.0735156575952705
1793 3.214711936635327 0.025143601525415105
1794 -1 -1
1795 1.682098432384482 0.029676023918448792
1796 2.399311583946223 0.06621218886832954
1797 2.166086647584173 0.03998778075009601
1798 1.3521349195071368 0.04433048555645904
1799 2.618025224563666 0.2083523212362473
1800 11.824415995640516 0.8504750150578507
1801 1.2409436729947323 0.015592297644914163
1802 1.645082927853381 0.049171161326096106
1803 1.9464046229438703 0.036778478592687805
1804 1.7571037652113464 0.08056238208814417
1805 4.346052287758629 0.15647048709192624
1806 2.7369753759409603 0.07534866167248931
1807 2.3513422577944487 0.18328899440219376
1808 -1 -1
1809 23.595467807997114 0.9513813977008438
1810 3.8294617414063103 0.04037048521243316
1811 51.25508516024829 1.5446448972379085
1812 1.8394267095322188 0.07467123935668339
1813 3.3105805155581827 0.10256025291036214
1814 2.094125009485771 0.13896937738582932
1815 2.985385400591156 0.17259118324940736
1816 2.0197134929166833 0.026042902283694887
1817 1.1729936193393438 0.015373383192831765
1818 2.628734156499273 0.015919412954658027
1819 1.347675629115716 0.027910153584480044
1820 1.8277422430115189 0.017784228552555594
1821 -1 -1
1822 4.07655593984276 0.12846459233569957
1823 3.6390369822641637 0.14512867469885762
1824 -1 -1
1825 1.5320436099343369 0.041019116439550786
1826 2.1214525459564664 0.07532388288074321
1827 -1 -1
1828 -1 -1
1829 4.191539560092052 0.12706147211024302
1830 2.222498909024342 0.024118033476495552
1831 -1 -1
1832 54.92410351000307 4.453470155609956
1833 1.750525600999939 0.028415582352910362
1834 2.3800973745668594 0.040928934467692524
1835 2.0746350972146748 0.04850893038819921
1836 14.889083468308153 0.708259478657025
1837 76.46698713696458 1.0919998863699478
1838 -1 -1
1839 1.6656548377868254 0.16080759698142896
1840 0.22474626861317235 0.052129804389663054
1841 3.295805826479337 0.023667539434339087
1842 2.712440323352123 0.08411465635118769
1843 4.076717916951557 0.07577412918245849
1844 2.6141167393322546 0.05010395470814065
1845 65.50758556923701 1.7337055317948113
1846 1.5919635837226123 0.10385893412154304
1847 0.9398367818934674 0.025074992793330118
1848 92.42413019734043 3.8913865186023426
1849 -1 -1
1850 1.8002556003815031 0.0887373461774786
1851 1.690497994377917 0.03751312523295694
1852 3.595471773883916 0.11999970605704993
1853 1.3948934867242442 0.16475998284946036
1854 -1 -1
1855 2.3995655069560793 0.028611486878180645
1856 3.3198748631641606 0.051920857271833605
1857 2.3920504704244796 0.073447704392517
1858 2.2366767278559654 0.11946180911964198
1859 2.917621414471113 0.05466788468818087
1860 1.820488283329169 0.024142028095139198
1861 0.9898710966264275 0.07183430236029295
1862 1.9178714706656859 0.06979932673940141
1863 2.572033378373039 0.03431243138302076
1864 2.5483145914373004 0.012936026730073063
1865 2.0288608165024113 0.14222579728862697
1866 -1 -1
1867 1.454810368771871 0.09000812206653999
1868 3.577703154461086 0.05620212362099945
1869 2.637331093921669 0.07801470817773519
1870 2.8068219207894467 0.07492513253122544
1871 0.5553501049407116 0.019245932972387837
1872 43.79302166763963 0.6184067464099535
1873 2.7730804712318577 0.042105756280131856
1874 1.0356242471206198 0.012752503736110334
1875 0.3884831286317261 0.08943467824531325
1876 2.727013834781862 0.3099159836348114
1877 41.83484042822207 1.0445698390653797
1878 1.3987743920646003 0.036444062387273955
1879 1.8737845170765204 0.04268438441909491
1880 1.6036228609902354 0.11140041421477208
1881 2.549523781636513 0.03754026532782655
1882 1.8984602546157885 0.01837582295789656
1883 3.2485274906207997 0.12832852673121575
1884 3.3589813283527543 0.03719880305228063
1885 1.4800567418347708 0.04731073224183487
1886 2.1257608005813293 0.20739143202608284
1887 -1 -1
1888 1.6785419664684105 0.08988205990795471
1889 1.5654943234366177 0.025300800849481293
1890 1.9337959604436354 0.12138213495934778
1891 2.1022310730032627 0.038568076887279416
1892 1.765062273824308 0.02559035419657966
1893 2.6829588003051303 0.19624721616293908
1894 98.53750986165568 1.7298077367198004
1895 3.183720158097021 0.01589681622336167
1896 168.9270740791608 2.002893317552192
1897 3.964736427792801 0.28342997978238
1898 1.5854090433298869 0.039155582288086944
1899 -1 -1
1900 -1 -1
1901 3.9089455639656885 0.11271292081117489
1902 2.7064892748103815 0.04743762211453673
1903 0.6431249988574697 0.09855254079804159
1904 1.5005406371585408 0.017709469375420867
1905 -1 -1
1906 50.465417787613184 0.7289931746165742
1907 0.708130090153205 0.07571875814650873
1908 5.629859971046636 0.08602388643698067
1909 1.7454788733180961 0.08325425195263761
1910 1.3782935349605274 0.030815981120612887
1911 4.664770428638833 0.15366341170878248
1912 2.0201151589066635 0.025282952032274264
1913 2.797702600638205 0.12139274290677626
1914 1.2671526008224177 0.024940418481111008
1915 1.8660021474679014 0.007483414833413672
1916 2.2149965337642246 0.06605562146649624
1917 -1 -1
1918 4.482312037864867 0.06461490054057263
1919 1.943633689221366 0.026705228545270118
1920 2.3963102021880105 0.04230179091302064
1921 1.2965025996133914 0.050012731803559855
1922 2.2577784932532032 0.043305991448632085
1923 2.8639078379076217 0.1503728690966786
1924 3.3321746219049677 0.07487730828123634
1925 3.434068540404282 0.05839511137256469
1926 2.934698752397346 0.11057413497159713
1927 -1 -1
1928 3.9901145112863463 0.3237341009748243
1929 1.780508443188856 0.034243054500334255
1930 110.74637609225255 1.054851167108658
1931 1.6299567609580488 0.06434378075187552
1932 74.46862718662489 2.0117411266325638
1933 1.8578317902454544 0.12765373072775146
1934 2.021546230275176 0.10417236313077478
1935 89.04796656259609 1.3211046808935356
1936 129.51511167872223 3.037410260464691
1937 -1 -1
1938 3.551005831158503 0.38301392175967497
1939 13.945390813338335 0.7552766427307658
1940 -1 -1
1941 3.259467294747578 0.11517665298959609
1942 1.7016130777032519 0.08325950133213487
1943 98.31679644288614 2.9758255686327266
1944 1.9780868384813837 0.01433543676540914
1945 2.8903063805090965 0.06679843234907665
1946 35.127231059597094 0.5776768722188723
1947 2.4198018290328123 0.03534173742729658
1948 0.5643483872250523 0.10930917069034107
1949 15.805036685974338 0.4204739556008659
1950 2.314705144787481 0.05924244699996769
1951 2.144637388292265 0.059236526070248964
1952 1.6531679456060029 0.0888181129436284
1953 3.016372052561212 0.02815165809006314
1954 1.9186116637576514 0.11078077295329894
1955 1.6191910560735256 0.08121457714307487
1956 1.5418397645288238 0.05462996587069421
1957 -1 -1
1958 -1 -1
1959 1.2531269665295939 0.08078171371184063
1960 3.171705399767644 0.027979576484142364
1961 -1 -1
1962 1.6397704409991931 0.11081987509140326
1963 1.4985793271863475 0.023302930340206304
1964 57.12657737503566 0.8037052456394654
1965 1.805112557681412 0.01947008441269744
1966 15.596408175058432 0.4273763575660622
1967 3.963190438319166 0.05453840831869037
1968 1.4642875251896623 0.09290735866468684
1969 -1 -1
1970 1.1973418174426051 0.01759818989366743
1971 2.173435102571491 0.03936043947332813
1972 5.613296886530133 1.3189280914792147
1973 5.934429702410313 0.24377573943742975
1974 1.822589352047325 0.03903919944508697
1975 100.39246012660094 1.4779394850904828
1976 1.5478043766757204 0.11077979405034033
1977 3.3231008726113087 0.10085720316792142
1978 3.0503087174794254 0.11505589176636159
1979 2.9920365187457887 0.013811980998782671
1980 -1 -1
1981 1.403705361762383 0.09751834551662389
1982 3.367999450087763 0.04856234614048835
1983 2.689643378504448 0.03906500594618446
1984 102.51702392406645 1.1309963494927173
1985 1.9850350326491075 0.015606746266772449
1986 7.0947683331331195 0.26086125496963025
1987 1.4980361841987369 0.03232461350782026
1988 1.4258888239652847 0.0608726730933514
1989 4.29285786252549 0.03564159275293583
1990 2.2288334590497807 0.007182041096325343
1991 2.2796096265707053 0.023738079277305646
1992 1.11804129449651 0.09932170492230566
1993 2.1977616165078953 0.12245055649816747
1994 7.320016895223647 0.7602529975618856
1995 -1 -1
1996 4.944805438020087 0.09834148582993735
1997 1.4579009778489325 0.05955776855118091
1998 2.068551663011961 0.009291831748131916
1999 150.95311687559177 1.8660907179596438
