0 1 115 116 0.5331984307948263
1 1 187 188 1.6101526050321144
2 1 173 174 1.2485099843451912
3 1 739 740 2.1802364988079264
4 1 346 347 0.9645171809492264
5 1 631 632 0.7570105546260169
6 1 515 516 0.5772771486946554
7 1 1240 1241 1.190402998091986
8 1 434 435 0.4593416593261758
9 1 1242 1243 1.0245130120890376
10 1 73 74 2.0904666707610957
11 1 1190 1191 0.6787002588030441
12 1 324 325 2.9947651462893603
13 1 882 883 1.8978393623061662
14 1 1307 1308 0.23414960317794434
15 1 805 806 2.120099540762548
16 1 1042 1043 0.3706212747907199
17 1 761 762 1.1535798475181618
18 1 1114 1115 1.323621143342133
19 1 911 912 1.9175062888057528
20 1 1028 1029 1.674598433067486
21 1 549 550 1.8827828894624394
22 1 56 57 0.4277906991802161
23 1 745 746 1.567785579921687
24 1 952 953 0.5984944713798741
25 1 652 653 1.426105538277055
26 1 778 779 1.5359431055115293
27 1 867 868 2.7164023095346455
28 1 1076 1077 1.0425875072263457
29 1 336 337 1.0554963400285047
30 1 1147 1148 0.822921081568124
31 1 363 364 0.7581853536137522
32 1 483 484 3.0799970293357872
33 1 472 473 1.3594951318133575
34 1 48 49 1.163759195056322
35 1 361 362 0.4523106967926233
36 1 665 666 1.3159547145292128
37 1 355 356 0.9791952022927307
38 1 279 280 1.4861087271305118
39 1 1044 1045 0.7719814032806892
40 2 1044 1046 0.7386417691778987
41 2 736 738 4.182903142532043
42 2 1052 1054 1.9588598484927136
43 2 1146 1148 1.0339871877863474
44 2 372 374 2.7358857770678653
45 2 912 914 2.972166917388548
46 2 849 851 3.573342066739855
47 2 1075 1077 2.3900465905105825
48 2 745 747 3.4134188673046237
49 2 1215 1217 5.096460656585312
50 2 724 726 1.3038652655493663
51 2 741 743 5.028529426257159
52 2 330 332 3.6550175034561847
53 2 818 820 2.517037116109826
54 2 944 946 2.531186296823132
55 2 1086 1088 1.2833805636144522
56 2 511 513 0.5473892143103388
57 2 1003 1005 6.319516223077146
58 2 571 573 1.0189163716395908
59 2 1020 1022 5.421132460087323
60 2 1025 1027 2.473530338858297
61 2 1055 1057 2.9506297912981716
62 2 931 933 1.3470457773237825
63 2 718 720 2.6357603533612
64 2 1162 1164 2.752041169611107
65 2 1141 1143 4.00346166873612
66 2 935 937 2.147834693368227
67 2 996 998 4.289791689061416
68 2 454 456 1.0402247404771765
69 2 664 666 3.1729359685527756
70 2 340 342 2.784169984089822
71 2 1262 1264 1.5398455549868804
72 2 549 551 3.6279357697067756
73 2 982 984 2.3120553269601474
74 2 633 635 1.1960498593570175
75 2 621 623 1.40428429675865
76 2 1032 1034 1.1448232402506329
77 2 1151 1153 3.5371316348118587
78 2 1060 1062 4.848440969521037
79 2 1039 1041 1.284580330744564
80 3 1261 1264 2.155436316295091
81 3 1204 1207 1.5021578048809212
82 3 832 835 6.781350929701754
83 3 638 641 2.8342429132100357
84 3 425 428 1.3866273295096647
85 3 1001 1004 10.57175504162199
86 3 1048 1051 3.0352857355162213
87 3 750 753 3.712688602558272
88 3 1276 1279 2.2981674307513504
89 3 154 157 8.907847663033678
90 3 699 702 1.4086311870391024
91 3 17 20 4.254533585214634
92 3 391 394 1.3285430036305972
93 3 217 220 4.389603359008686
94 3 120 123 1.942246074106931
95 3 1176 1179 2.9041791238897097
96 3 100 103 1.6022005681594682
97 3 559 562 4.212983907654451
98 3 1211 1214 5.4444253264849
99 3 464 467 3.6915501848928916
100 3 1069 1072 2.0933231088393693
101 3 279 282 4.6551934285942265
102 3 544 547 6.611756349072982
103 3 501 504 3.6316589526395764
104 3 431 434 1.8674941133729042
105 3 123 126 2.1902989627281912
106 3 866 869 6.430609224605141
107 3 65 68 6.180763273426231
108 3 116 119 1.8206515269427195
109 3 742 745 6.2017684993906865
110 3 737 740 6.809818412034363
111 3 352 355 3.374747167462846
112 3 510 513 0.5567898279805317
113 3 48 51 2.446030947455017
114 3 169 172 4.8292943474753764
115 3 235 238 5.044437347034742
116 3 138 141 4.090945882940969
117 3 51 54 3.7761101665281966
118 3 83 86 9.132878172179415
119 3 43 46 3.8781198464821203
120 4 764 768 2.212029897935245
121 4 523 527 8.508106800175524
122 4 261 265 4.079308223471073
123 4 321 325 10.690001110107591
124 4 376 380 3.9764680143326347
125 4 1071 1075 2.727920784932721
126 4 3 7 9.839895529267034
127 4 789 793 7.3008114404194995
128 4 1207 1211 4.236571242044803
129 4 88 92 8.709274772000605
130 4 507 511 0.4687113919201578
131 4 310 314 3.223550674674259
132 4 74 78 13.10341381092689
133 4 8 12 8.33951323753257
134 4 704 708 2.7579531784124187
135 4 1260 1264 2.7168487483076045
136 4 1285 1289 2.1078075590613397
137 4 231 235 3.450299692163267
138 4 585 589 6.380250943871704
139 4 690 694 3.644948215709806
140 4 1000 1004 13.105488941977395
141 4 63 67 6.399696314659
142 4 631 635 2.6099838806757516
143 4 918 922 4.264763778801715
144 4 1129 1133 9.622320332558063
145 4 1239 1243 3.916645472880402
146 4 93 97 7.16406748864726
147 4 540 544 8.689423392872714
148 4 822 826 5.37467769211646
149 4 1273 1277 2.2789831663445845
150 4 314 318 5.302005727480239
151 4 968 972 3.5607926870902857
152 4 461 465 4.50117981891636
153 4 191 195 2.149131139787192
154 4 647 651 7.104420643559061
155 4 208 212 9.084291212684278
156 4 49 53 3.5666076594426004
157 4 917 921 4.9610919385197185
158 4 1061 1065 6.903697528179409
159 4 1197 1201 5.785004977122932
160 5 804 809 8.11830280718961
161 5 997 1002 6.100259525445008
162 5 1054 1059 8.773125794701588
163 5 671 676 4.841590557172754
164 5 294 299 10.369558292555487
165 5 698 703 2.1135236846367347
166 5 530 535 9.680113938895959
167 5 536 541 10.16919482908809
168 5 1241 1246 7.165926693272418
169 5 859 864 5.436097214254191
170 5 36 41 7.123816570952398
171 5 1142 1147 5.294042332528447
172 5 287 292 6.601399668824286
173 5 116 121 3.7391960121925445
174 5 518 523 5.919919255874967
175 5 68 73 12.373392970388345
176 5 269 274 7.687542747781261
177 5 330 335 8.24392656756573
178 5 349 354 4.987664961037194
179 5 196 201 9.116632399645763
180 5 928 933 3.130014417653762
181 5 1300 1305 1.054917753109856
182 5 474 479 12.404203571088031
183 5 1040 1045 1.6241208612174802
184 5 64 69 9.532951455606167
185 5 505 510 1.4533910341588974
186 5 476 481 13.935237339438437
187 5 910 915 8.552659364407392
188 5 150 155 7.297190377955102
189 5 513 518 2.333860276768393
190 5 164 169 8.801267863661419
191 5 1210 1215 9.158760926736973
192 5 467 472 7.2877589327179
193 5 1278 1283 3.218391787079353
194 5 1277 1282 3.0440655867249
195 5 736 741 11.783192405213978
196 5 525 530 10.475151125011328
197 5 866 871 10.387250555023982
198 5 570 575 2.0450281704159305
199 5 1077 1082 1.650962309987781
200 6 9 15 8.173734253530387
201 6 309 315 5.416102892121028
202 6 72 78 17.753986620673953
203 6 787 793 10.959490082416321
204 6 837 843 9.49442262092056
205 6 328 334 9.659241632774377
206 6 227 233 4.492991460596984
207 6 1048 1054 5.273434224172756
208 6 179 185 9.659766243500085
209 6 493 499 5.1426223180071
210 6 208 214 13.479017577273549
211 6 204 210 14.307252465209704
212 6 40 46 6.727452686912275
213 6 372 378 6.524221929695579
214 6 474 480 15.059067775487877
215 6 215 221 9.50566353370072
216 6 445 451 6.759373952045489
217 6 50 56 5.486174651404026
218 6 1066 1072 6.030580342516883
219 6 951 957 2.552079923091465
220 6 929 935 5.31912861776917
221 6 634 640 5.510335599008894
222 6 1096 1102 10.585712474097061
223 6 778 784 10.394862117231185
224 6 435 441 4.734351558308698
225 6 430 436 2.3420512802939246
226 6 888 894 7.427236838964581
227 6 871 877 9.041210475750455
228 6 1047 1053 5.466376744740459
229 6 43 49 6.379459423211182
230 6 1190 1196 9.185312314770982
231 6 1211 1217 12.655167144457971
232 6 104 110 3.1862840707422424
233 6 856 862 3.936909803201318
234 6 1075 1081 3.9788388349625383
235 6 371 377 6.8165413596663065
236 6 192 198 6.690147857109952
237 6 982 988 9.439788712210406
238 6 749 755 6.96137172228745
239 6 39 45 6.53867171601351
240 7 1063 1070 9.600828616545119
241 7 242 249 13.030877876180364
242 7 1250 1257 11.712900004220472
243 7 750 757 7.915649225201292
244 7 593 600 9.484645449255673
245 7 762 769 4.074668800819779
246 7 631 638 3.554156549061888
247 7 39 46 7.935885309483581
248 7 844 851 14.749899721406894
249 7 207 214 16.307199413572025
250 7 215 222 11.25811766361542
251 7 626 633 6.1492622881725465
252 7 406 413 7.1614391769810615
253 7 32 39 8.959105899573993
254 7 924 931 4.399333486518815
255 7 122 129 6.755140602741441
256 7 841 848 13.695927440422349
257 7 1305 1312 1.3186398398337202
258 7 995 1002 10.236564310945768
259 7 948 955 3.935105428148732
260 7 426 433 3.5712665197853086
261 7 1205 1212 6.645467992082905
262 7 1256 1263 5.848666754816067
263 7 151 158 14.138974184984251
264 7 10 17 8.552210279231888
265 7 582 589 10.928365402604108
266 7 49 56 6.028865627023633
267 7 763 770 3.891732245420636
268 7 156 163 15.842186954430987
269 7 448 455 6.271472917909161
270 7 1004 1011 11.559870402571937
271 7 393 400 1.4814273645158529
272 7 237 244 13.992227865998794
273 7 1170 1177 8.111560677077623
274 7 764 771 3.3839891606403016
275 7 802 809 10.558438477683843
276 7 286 293 10.473220235624174
277 7 706 713 5.1941901141035505
278 7 809 816 12.0196484020296
279 7 249 256 13.843480607798384
280 8 520 528 14.842534101115158
281 8 249 257 14.62225311021884
282 8 251 259 10.758678190986332
283 8 164 172 13.223490823274824
284 8 1262 1270 7.432137716278973
285 8 685 693 8.488537752118846
286 8 800 808 10.246622908869568
287 8 434 442 4.859741728457839
288 8 215 223 12.85917647277562
289 8 50 58 5.2340292042737495
290 8 1266 1274 4.528933767848731
291 8 963 971 6.219745833007641
292 8 88 96 15.949806969437445
293 8 1019 1027 17.088200947826675
294 8 595 603 11.222008162556312
295 8 732 740 12.239856334394661
296 8 936 944 2.9416544426557185
297 8 289 297 15.96459160004729
298 8 767 775 2.5845886515362118
299 8 550 558 12.278640907442094
300 8 991 999 14.5143179460975
301 8 1077 1085 3.182445419437459
302 8 978 986 8.620413729026328
303 8 858 866 9.14950201113508
304 8 1007 1015 6.646174519049131
305 8 607 615 15.905700941106215
306 8 808 816 13.931821947875546
307 8 474 482 20.740289506942627
308 8 320 328 16.156119432646285
309 8 1001 1009 18.323338639552958
310 8 1221 1229 8.760946519958267
311 8 531 539 14.713380771882223
312 8 1123 1131 16.115934497019015
313 8 875 883 18.76576255602675
314 8 172 180 11.497882960566614
315 8 1199 1207 2.8964855634173494
316 8 1179 1187 10.161697778109678
317 8 196 204 13.873474583246445
318 8 145 153 13.047129162551032
319 8 729 737 9.137368596273951
320 9 360 369 6.631311440772981
321 9 1116 1125 15.026443994629963
322 9 300 309 13.896830456887313
323 9 853 862 5.865785908846219
324 9 136 145 12.027817107650069
325 9 176 185 13.965479519449476
326 9 76 85 29.693789011054392
327 9 263 272 12.355175640039603
328 9 606 615 17.6762735282652
329 9 799 808 11.7058499865691
330 9 474 483 23.111528973086926
331 9 674 683 15.105706165888087
332 9 898 907 8.728400195569458
333 9 353 362 8.630043609013361
334 9 1073 1082 5.4362599965172524
335 9 587 596 13.571966788953736
336 9 229 238 8.584010492569595
337 9 319 328 17.57473942293291
338 9 1107 1116 12.217520775293403
339 9 867 876 15.605526274615178
340 9 196 205 16.381300744876217
341 9 673 682 14.039864810440752
342 9 1057 1066 17.003971479333845
343 9 509 518 2.6032559910392647
344 9 1053 1062 16.443276747888014
345 9 526 535 17.65211247379579
346 9 347 356 8.907341117279207
347 9 322 331 15.60800672919998
348 9 944 953 6.501894790068883
349 9 480 489 22.592880702834897
350 9 827 836 18.77291087797389
351 9 734 743 18.66899128517579
352 9 1174 1183 10.3926948258702
353 9 296 305 15.104372278783412
354 9 955 964 4.998605318287686
355 9 903 912 13.313148157457134
356 9 60 69 11.484132891114548
357 9 1218 1227 10.868758729208524
358 9 784 793 17.285462839034764
359 9 369 378 9.989413584045206
360 10 804 814 16.291559540055236
361 10 1044 1054 5.87308567139144
362 10 109 119 4.227744513110852
363 10 988 998 18.707176774341196
364 10 561 571 8.366205968847195
365 10 829 839 20.43421370931713
366 10 519 529 17.628180407592794
367 10 844 854 18.21313935644455
368 10 967 977 12.658461437920328
369 10 737 747 22.393597161546793
370 10 1121 1131 19.06139610015624
371 10 677 687 17.173594243992696
372 10 166 176 16.293249698017956
373 10 460 470 11.893604501098086
374 10 1091 1101 12.641578669418848
375 10 1272 1282 5.011909436574617
376 10 384 394 4.06302298535685
377 10 824 834 18.769761676589813
378 10 783 793 18.593286945580573
379 10 1300 1310 1.9617751024420085
380 10 23 33 15.595088050697667
381 10 640 650 12.368598042717032
382 10 951 961 3.974567925629088
383 10 1072 1082 6.143967280484599
384 10 954 964 5.107936406518221
385 10 363 373 9.033832060917158
386 10 193 203 15.534180790991897
387 10 35 45 11.734149795511772
388 10 825 835 19.564347516924652
389 10 443 453 9.163657302317766
390 10 1165 1175 17.597338334295866
391 10 1241 1251 16.943872004665643
392 10 790 800 18.038875335092374
393 10 441 451 8.617835798392683
394 10 205 215 21.7993477487835
395 10 798 808 12.861882435454993
396 10 1142 1152 1.685888546728736
397 10 408 418 6.451057082817649
398 10 1200 1210 4.594959763614552
399 10 1188 1198 13.517013996910912
400 11 392 403 2.5751951709745313
401 11 1003 1014 16.828871801964723
402 11 1253 1264 11.458545494143705
403 11 282 293 18.59928859444469
404 11 17 28 13.86766889747154
405 11 1254 1265 10.80933263218134
406 11 889 900 13.272477702573465
407 11 987 998 20.569531574010174
408 11 519 530 19.42279414699598
409 11 1051 1062 18.15260322851268
410 11 1159 1170 18.289056286376347
411 11 355 366 9.072303820559052
412 11 956 967 6.628472251233124
413 11 419 430 4.191308862051996
414 11 149 160 20.611708941977305
415 11 717 728 8.68765575932603
416 11 6 17 19.808182450295977
417 11 994 1005 14.519407971386512
418 11 1091 1102 14.411721121414708
419 11 134 145 16.592041870584453
420 11 1211 1222 20.212640069344808
421 11 993 1004 14.38085458328153
422 11 685 696 11.388617604689747
423 11 940 951 6.4378346253982315
424 11 546 557 19.395042064392005
425 11 1029 1040 4.057305719433537
426 11 942 953 7.733245622843307
427 11 56 67 9.126213940975077
428 11 163 174 16.80016281230824
429 11 1256 1267 9.58466381311524
430 11 711 722 12.583883296992486
431 11 828 839 21.92296404481164
432 11 522 533 21.43604203620582
433 11 1280 1291 5.875057514761548
434 11 276 287 14.622792294139268
435 11 110 121 3.878967622560542
436 11 332 343 15.095350968055861
437 11 1022 1033 10.700046153694927
438 11 781 792 18.866187478756352
439 11 951 962 4.558354751067636
440 12 603 615 22.287286979304177
441 12 319 331 21.64461883853511
442 12 21 33 18.327210571822068
443 12 578 590 18.164299522335092
444 12 1141 1153 1.7723346795648245
445 12 957 969 8.825391604646436
446 12 3 15 22.974353009360687
447 12 750 762 13.966188391512295
448 12 69 81 34.7906542926241
449 12 1101 1113 17.828609253096744
450 12 783 795 22.624662579040685
451 12 1155 1167 19.44663606800344
452 12 906 918 19.47185711314936
453 12 418 430 4.460313973446202
454 12 631 643 7.3519751926616825
455 12 1020 1032 15.21577925667892
456 12 273 285 8.811168118353834
457 12 990 1002 18.349447691257808
458 12 1102 1114 17.85971464883904
459 12 619 631 8.998659628199382
460 12 157 169 21.750131332728742
461 12 528 540 23.698316207965224
462 12 641 653 16.802674564177188
463 12 622 634 8.993186170996701
464 12 683 695 13.290521362091276
465 12 639 651 15.266604891481546
466 12 804 816 20.026981534095707
467 12 1061 1073 14.945792339240091
468 12 190 202 13.1826937750843
469 12 1041 1053 6.519525988709623
470 12 1297 1309 2.198387418454381
471 12 431 443 3.3759291650376695
472 12 801 813 17.64471020264267
473 12 1221 1233 12.320135880053947
474 12 1086 1098 9.304357325996213
475 12 306 318 13.49780730178098
476 12 1033 1045 3.9272716123006672
477 12 1287 1299 4.435027978095991
478 12 182 194 15.765111916274105
479 12 630 642 6.320940110095884
480 13 83 96 30.37161587707128
481 13 477 490 32.21522450080831
482 13 937 950 7.30605463127157
483 13 1149 1162 21.48727711823624
484 13 475 488 33.559898617993504
485 13 1070 1083 6.794745906089807
486 13 568 581 8.884439385375046
487 13 125 138 20.319429377549096
488 13 229 242 16.02172987386077
489 13 776 789 24.293040198934793
490 13 746 759 16.002179171920805
491 13 437 450 8.863152063349192
492 13 652 665 11.931622569896215
493 13 729 742 20.001262972819937
494 13 158 171 22.48875074360341
495 13 685 698 12.988388870014578
496 13 936 949 7.398532358172302
497 13 742 755 18.774747606294707
498 13 340 353 15.12397435220802
499 13 1019 1032 19.411993749006516
500 13 905 918 20.59620893229595
501 13 597 610 21.3892692063128
502 13 944 957 7.1441182528042155
503 13 274 287 13.013910119551058
504 13 442 455 10.664942629847047
505 13 559 572 11.220814202364714
506 13 668 681 16.72469047370541
507 13 325 338 17.79131910197738
508 13 203 216 27.395525128593466
509 13 487 500 15.153110816140146
510 13 960 973 10.938679797836896
511 13 388 401 3.08335816599724
512 13 765 778 7.002351823713299
513 13 379 392 4.020284469282196
514 13 287 300 23.35871423004378
515 13 277 290 18.104587625926147
516 13 550 563 18.180020281584657
517 13 1127 1140 32.59840395848916
518 13 1296 1309 2.3024063876386984
519 13 774 787 23.276236430821395
520 14 819 833 22.58875122862728
521 14 700 714 10.285947477899787
522 14 574 588 19.26025742084627
523 14 1218 1232 16.27951256235612
524 14 1029 1043 5.146161659330366
525 14 1189 1203 16.693498748281236
526 14 656 670 9.576971998172684
527 14 818 832 20.933636435215483
528 14 1294 1308 2.4299578627413996
529 14 597 611 23.037106449558067
530 14 1089 1103 17.03137146988145
531 14 1274 1288 7.157957521875713
532 14 148 162 25.34721568648725
533 14 752 766 14.376340030376669
534 14 631 645 9.717630819466253
535 14 809 823 20.87067822683963
536 14 991 1005 16.88186203488168
537 14 357 371 12.198421096712135
538 14 528 542 27.382819717547015
539 14 724 738 12.409289529966006
540 14 902 916 20.080167522411255
541 14 976 990 19.835022004415148
542 14 179 193 20.056809560278932
543 14 381 395 4.3271018845622
544 14 644 658 21.17875280144182
545 14 776 790 25.322540098324865
546 14 260 274 18.442830723959574
547 14 57 71 18.329677712799977
548 14 213 227 21.959613607561252
549 14 718 732 5.864892705636601
550 14 342 356 14.840569078053921
551 14 735 749 26.954459724370665
552 14 157 171 24.276574130476565
553 14 893 907 14.659677916085961
554 14 17 31 19.144962958201102
555 14 1111 1125 19.129879746742056
556 14 484 498 22.260980037420993
557 14 1217 1231 17.06825000733341
558 14 798 812 19.153424653170575
559 14 1108 1122 18.053477868398776
560 15 582 597 22.2262875431729
561 15 960 975 14.24618206389088
562 15 308 323 21.201361952010533
563 15 736 751 28.832660895399847
564 15 647 662 21.030457224303724
565 15 413 428 4.201786249195063
566 15 1020 1035 16.38169982431157
567 15 194 209 28.200216195437434
568 15 291 306 28.44478988385809
569 15 418 433 5.641025725953922
570 15 678 693 20.955976189054912
571 15 514 529 20.24334932005088
572 15 289 304 28.106535524143627
573 15 860 875 23.46167576573648
574 15 738 753 27.668324780043125
575 15 512 527 16.19879268016082
576 15 182 197 11.65691806259355
577 15 701 716 12.353293128715757
578 15 384 399 4.139677610226124
579 15 504 519 3.6202013825469845
580 15 491 506 10.539396356505348
581 15 1250 1265 17.997492989318452
582 15 95 110 7.994195186364446
583 15 689 704 7.743495960030681
584 15 763 778 6.409983787051102
585 15 1252 1267 16.604573023851156
586 15 126 141 23.13778898614283
587 15 294 309 25.186151175000163
588 15 363 378 14.28301700852573
589 15 129 144 21.855088912966686
590 15 880 895 23.072460877175278
591 15 908 923 19.967217186411474
592 15 556 571 14.663498202713232
593 15 271 286 10.59217266563045
594 15 657 672 10.732000135828622
595 15 1071 1086 6.628734948170644
596 15 1181 1196 8.979236223308236
597 15 238 253 29.7774636094959
598 15 692 707 6.243571669594523
599 15 808 823 22.775590003762577
600 16 466 482 32.10229877280193
601 16 110 126 6.107507889778807
602 16 803 819 25.337945785981205
603 16 970 986 17.083307097368248
604 16 1003 1019 6.874077582987997
605 16 1268 1284 6.79776774663866
606 16 648 664 18.59778823035876
607 16 1115 1131 27.12259379762093
608 16 1272 1288 7.036783205049102
609 16 1223 1239 9.769911454376905
610 16 185 201 5.271307397582642
611 16 1204 1220 22.53940597966111
612 16 1045 1061 19.228987183947453
613 16 1103 1119 21.028709785240324
614 16 1015 1031 29.384225424996217
615 16 821 837 28.357460749557823
616 16 930 946 7.1910751308299865
617 16 346 362 14.988563040410748
618 16 843 859 22.491682243904066
619 16 790 806 24.226873841203442
620 16 1074 1090 6.369940560524893
621 16 927 943 5.774195748759192
622 16 94 110 9.322076545211047
623 16 221 237 15.982933397580286
624 16 924 940 5.210915700789023
625 16 1211 1227 24.921508807874737
626 16 262 278 18.936855599195976
627 16 242 258 27.987124522076456
628 16 1024 1040 9.628510836151978
629 16 358 374 13.803558441402622
630 16 158 174 26.738896208023483
631 16 804 820 25.363477439628785
632 16 626 642 7.213846200585786
633 16 937 953 8.984333366974361
634 16 18 34 23.190377169653317
635 16 518 534 27.532370569903208
636 16 217 233 19.740264428821682
637 16 718 734 6.630608014935633
638 16 451 467 13.77306876105043
639 16 354 370 14.490126226586165
640 17 51 68 6.118229721309821
641 17 300 317 21.752089448322472
642 17 875 892 31.263459404038255
643 17 188 205 16.160512012644737
644 17 688 705 9.049173681349158
645 17 953 970 9.251776933020857
646 17 101 118 8.497861850371082
647 17 972 989 20.79503791301443
648 17 494 511 10.023259745298876
649 17 132 149 27.853347513611826
650 17 986 1003 25.55921066155956
651 17 285 302 30.545530035969925
652 17 1144 1161 19.13964705591338
653 17 62 79 39.79919805723039
654 17 283 300 30.54591214870456
655 17 1028 1045 6.547143787514462
656 17 1110 1127 23.52870249872181
657 17 123 140 24.66998687933961
658 17 99 116 8.022689539166999
659 17 408 425 9.090153594687306
660 17 1118 1135 34.20925546337872
661 17 12 29 19.825086426736455
662 17 1070 1087 6.945786677066453
663 17 691 708 7.12033695559756
664 17 1082 1099 13.746803441497613
665 17 488 505 13.879292671471859
666 17 286 303 29.997410426355163
667 17 760 777 5.644026106204468
668 17 1007 1024 17.803227061674054
669 17 3 20 29.063663293313244
670 17 269 286 11.538195171911452
671 17 1106 1123 20.75386534785012
672 17 238 255 32.76067472720511
673 17 505 522 6.106836592770495
674 17 221 238 16.950567387085798
675 17 955 972 11.213429191488412
676 17 433 450 8.338566871847974
677 17 108 125 6.2172496984938155
678 17 1261 1278 10.70689563716284
679 17 440 457 13.203971010246786
680 18 1282 1300 6.796220262922587
681 18 776 794 33.42730605698957
682 18 689 707 8.130557812373612
683 18 1275 1293 9.45651493019804
684 18 806 824 26.687046728626004
685 18 1074 1092 7.159931879107403
686 18 1038 1056 10.560219496964717
687 18 333 351 22.207479063024042
688 18 1046 1064 24.351362641369793
689 18 215 233 22.91032581245718
690 18 310 328 27.9719084784725
691 18 1284 1302 5.655755268239643
692 18 430 448 5.774000061489694
693 18 355 373 16.13651155193256
694 18 772 790 29.74403429508081
695 18 413 431 5.292852057398543
696 18 609 627 23.315487976320796
697 18 697 715 10.721734504206868
698 18 882 900 23.45029059068009
699 18 294 312 27.909533964910835
700 18 875 893 32.54705317066618
701 18 267 285 11.799123304268393
702 18 815 833 26.386384360155496
703 18 642 660 25.272028832064354
704 18 612 630 19.02500037355053
705 18 203 221 34.79304128310901
706 18 1151 1169 30.53814730844488
707 18 204 222 34.90451174094809
708 18 968 986 17.95473381938307
709 18 557 575 12.919279808158729
710 18 582 600 26.073998325221975
711 18 1080 1098 12.78178484204116
712 18 1001 1019 12.889501090140278
713 18 573 591 24.208857725197245
714 18 469 487 41.817058230152945
715 18 861 879 31.357524221752023
716 18 281 299 33.0644307647986
717 18 1120 1138 40.79350832977768
718 18 212 230 26.279583003064797
719 18 62 80 42.73863158675839
720 19 1232 1251 19.319335534711758
721 19 1129 1148 37.80540763363036
722 19 413 432 5.438877100263654
723 19 434 453 10.982300482990297
724 19 398 417 12.227879832414324
725 19 801 820 28.25071516239097
726 19 1187 1206 15.463877561288765
727 19 80 99 44.4000671998343
728 19 282 301 35.11955882444814
729 19 1280 1299 7.640943770473817
730 19 48 67 2.089992992219056
731 19 537 556 37.48855413254115
732 19 973 992 24.275564906950837
733 19 1105 1124 23.089297073542667
734 19 97 116 8.687113059445945
735 19 459 478 28.550422365307433
736 19 295 314 26.657745275910198
737 19 1224 1243 6.724331374880043
738 19 640 659 26.10012370632892
739 19 78 97 48.51344009525749
740 19 401 420 11.501044862068369
741 19 221 240 18.706599260612325
742 19 287 306 32.27675771484584
743 19 1114 1133 31.72913046448458
744 19 381 400 3.6213065923786627
745 19 188 207 20.54238478221191
746 19 950 969 9.333275002466594
747 19 1289 1308 4.608786259383934
748 19 597 616 30.658074445093362
749 19 427 446 2.165383123999774
750 19 322 341 29.637772562726145
751 19 664 683 25.738915189549683
752 19 567 586 15.854687171580194
753 19 1061 1080 20.178744954882053
754 19 1165 1184 24.2531511100069
755 19 138 157 28.519748765807112
756 19 845 864 19.35674301213162
757 19 850 869 15.346182171954045
758 19 69 88 56.10986637314936
759 19 932 951 9.008664941243705
760 20 609 629 24.47937976348824
761 20 249 269 25.118255047994356
762 20 557 577 12.682257952574195
763 20 32 52 19.96841743446512
764 20 439 459 14.478350652775923
765 20 857 877 27.948220237831567
766 20 682 702 18.22103224835637
767 20 535 555 40.53151639986415
768 20 1101 1121 23.27649144862805
769 20 803 823 29.752304186413376
770 20 1215 1235 24.281921587094327
771 20 1076 1096 9.380893436324254
772 20 411 431 6.9072956056243155
773 20 880 900 28.29537667831254
774 20 263 283 15.827361904426112
775 20 349 369 17.63409363429598
776 20 916 936 14.29776032420897
777 20 930 950 9.377814592391003
778 20 708 728 16.702621958436943
779 20 784 804 32.265062870244236
780 20 969 989 20.95791274395894
781 20 1254 1274 15.655767288709344
782 20 521 541 37.335292350741234
783 20 1259 1279 12.456613764763716
784 20 390 410 8.338631366702414
785 20 1189 1209 17.14595300247261
786 20 975 995 27.40410834193609
787 20 911 931 18.13764743141478
788 20 393 413 11.10583328563322
789 20 961 981 20.41912181296999
790 20 1174 1194 14.823867313408341
791 20 691 711 7.5213958188876155
792 20 633 653 22.158073889072423
793 20 144 164 34.829899252413675
794 20 756 776 10.30630948071183
795 20 1239 1259 28.799143343267257
796 20 1282 1302 6.842790197844252
797 20 965 985 18.880317017550954
798 20 455 475 24.11376322206124
799 20 1260 1280 12.506777862444286
800 21 1181 1202 13.489396626925236
801 21 262 283 16.23514814681201
802 21 630 651 17.983621095022105
803 21 424 445 1.5228133125492587
804 21 1096 1117 25.175613733236478
805 21 612 633 20.94108460601573
806 21 200 221 39.675155327375364
807 21 25 46 25.61782602508958
808 21 59 80 44.12422573643458
809 21 405 426 11.245070578555069
810 21 641 662 27.455499335510915
811 21 119 140 27.12128335866827
812 21 653 674 11.68743844936657
813 21 1092 1113 25.206543721060623
814 21 524 545 41.90927740908188
815 21 702 723 20.038668162565884
816 21 902 923 27.47338557680846
817 21 147 168 34.903848712195575
818 21 858 879 33.08295712347802
819 21 963 984 20.07224263245287
820 21 37 58 16.815918888794872
821 21 578 599 29.39405083878081
822 21 1187 1208 15.81612483245176
823 21 1176 1197 12.770105927765954
824 21 270 291 16.451552269205536
825 21 434 455 12.358246178913285
826 21 308 329 31.213062322219788
827 21 332 353 26.01254374463321
828 21 1242 1263 29.25902968439759
829 21 769 790 29.57602884766503
830 21 132 153 32.84251564597622
831 21 1204 1225 26.98366149663218
832 21 915 936 15.821043690970102
833 21 571 592 25.691851188654702
834 21 168 189 33.027209784591165
835 21 1014 1035 32.39253710373956
836 21 980 1001 32.51217444777162
837 21 486 507 17.560778459431603
838 21 309 330 31.25184098257027
839 21 1156 1177 30.723204691039093
840 22 612 634 21.531041874912223
841 22 465 487 47.19813136788622
842 22 415 437 5.393169194264298
843 22 1266 1288 9.832383184525996
844 22 685 707 12.376223678589927
845 22 1211 1233 30.911966322313717
846 22 1261 1283 13.288846919583216
847 22 802 824 31.875794405639013
848 22 1073 1095 8.37531899369749
849 22 833 855 37.927200632786445
850 22 480 502 31.873914201888024
851 22 436 458 14.92247360062579
852 22 1149 1171 36.062510071056046
853 22 126 148 33.619098735837234
854 22 535 557 42.94027341428304
855 22 510 532 25.668315224063342
856 22 283 305 38.40552263569318
857 22 1272 1294 9.873357607897155
858 22 801 823 31.482787574257227
859 22 893 915 24.78031145038687
860 22 244 266 29.190424031418473
861 22 933 955 10.584588625688538
862 22 808 830 29.57885010807548
863 22 972 994 25.802564361918993
864 22 778 800 38.45258769445155
865 22 583 605 32.73119197462283
866 22 440 462 16.276067973703103
867 22 492 514 11.233640311455204
868 22 458 480 34.46039564696189
869 22 112 134 17.346338311387846
870 22 1090 1112 25.762595658882823
871 22 1074 1096 9.073849215862232
872 22 185 207 15.656495729438287
873 22 1234 1256 27.11083857400049
874 22 1113 1135 37.38845591796154
875 22 7 29 30.323549458145077
876 22 110 132 13.789873698446824
877 22 793 815 31.158538505042088
878 22 881 903 28.142133868490976
879 22 822 844 37.82856812900645
880 23 473 496 47.565591002857545
881 23 1054 1077 32.08659372210656
882 23 558 581 11.214846250445639
883 23 206 229 39.02267907060321
884 23 746 769 22.487718691364165
885 23 1045 1068 30.33439373907965
886 23 739 762 34.51595740169842
887 23 1064 1087 14.404339303737203
888 23 1009 1032 26.82905713087745
889 23 1189 1212 19.859576580726493
890 23 143 166 37.5631946608905
891 23 942 965 9.472197259320074
892 23 452 475 25.598135524858048
893 23 572 595 28.937663205142343
894 23 50 73 17.73546435691181
895 23 60 83 52.92373341763117
896 23 980 1003 32.0684348171345
897 23 85 108 29.849894465709255
898 23 264 287 15.80869886736752
899 23 290 313 36.84325940149708
900 23 422 445 0.6076686826123381
901 23 658 681 22.488144774349223
902 23 494 517 10.66711202721398
903 23 1101 1124 23.946816491163645
904 23 99 122 7.1318533640491335
905 23 1261 1284 13.380930975047775
906 23 296 319 31.943250817298555
907 23 604 627 31.931447530320252
908 23 209 232 34.55175324218663
909 23 1142 1165 21.059405308408707
910 23 1107 1130 29.009696869017947
911 23 177 200 15.082218620991695
912 23 279 302 41.358595415474596
913 23 895 918 28.465140840159947
914 23 287 310 37.236438898360426
915 23 69 92 64.69832164292795
916 23 635 658 29.621620798338665
917 23 1047 1070 32.023304027940064
918 23 549 572 25.315555576231063
919 23 969 992 23.85407752548273
920 24 96 120 7.489168059484047
921 24 1139 1163 12.744956502867456
922 24 727 751 33.66910351732011
923 24 696 720 16.078470568062944
924 24 199 223 44.5486198845797
925 24 1241 1265 31.740468049208307
926 24 736 760 38.73524079346616
927 24 219 243 25.49410045465121
928 24 1247 1271 28.632870048333622
929 24 712 736 10.822544727663868
930 24 744 768 24.61353362845492
931 24 564 588 16.10955432566582
932 24 979 1003 32.75587966061958
933 24 579 603 34.467024180779525
934 24 1043 1067 28.69714386331029
935 24 1229 1253 19.178322902625627
936 24 306 330 35.18482978571805
937 24 52 76 27.81439984263949
938 24 90 114 18.101424743852427
939 24 697 721 17.660396433876464
940 24 888 912 26.71115761948846
941 24 16 40 31.695196453941886
942 24 715 739 13.61984458702828
943 24 1094 1118 26.018622270778692
944 24 103 127 9.947226832456817
945 24 157 181 38.43165450482167
946 24 1106 1130 29.353928316302063
947 24 1037 1061 19.675057470905678
948 24 1248 1272 26.97011584501498
949 24 891 915 26.982922462617502
950 24 877 901 36.94964287949153
951 24 858 882 41.120095749546785
952 24 491 515 12.205552122661917
953 24 372 396 11.423708941363094
954 24 332 356 28.6226024296112
955 24 1256 1280 16.327231260097584
956 24 92 116 14.593369754482334
957 24 32 56 23.54827534463116
958 24 1214 1238 25.990261025352936
959 24 723 747 28.821399322582845
960 25 371 396 12.20245637702002
961 25 603 628 33.728178270265396
962 25 40 65 9.721569005406508
963 25 82 107 39.47084146264365
964 25 505 530 20.99668073459724
965 25 1159 1184 31.367718868818802
966 25 449 474 25.15124337975122
967 25 825 850 46.700575353996065
968 25 129 154 38.42768397529665
969 25 737 762 39.14041080215694
970 25 227 252 34.559555528032384
971 25 1222 1247 6.414473032155839
972 25 138 163 39.26466314117128
973 25 496 521 8.861596806146729
974 25 477 502 39.40496162635778
975 25 1126 1151 41.15409082837624
976 25 388 413 10.75420504966524
977 25 210 235 33.69863113949714
978 25 12 37 32.460565356051156
979 25 830 855 44.065210719547004
980 25 163 188 39.22275983774499
981 25 1024 1049 12.656927398048296
982 25 575 600 33.608291809657715
983 25 1191 1216 27.283574569887612
984 25 453 478 32.50255393305461
985 25 107 132 14.731264437340224
986 25 1076 1101 17.715082501045842
987 25 1059 1084 23.931216072990754
988 25 1080 1105 24.052540695986185
989 25 874 899 40.562934640999416
990 25 259 284 18.478325887932662
991 25 317 342 40.410444321427484
992 25 265 290 16.689313892740273
993 25 941 966 9.934889307279825
994 25 763 788 23.97365868970994
995 25 108 133 16.353507209172914
996 25 1171 1196 17.926521188505514
997 25 374 399 8.802128294543701
998 25 1057 1082 28.500143468455533
999 25 901 926 29.98931496929138
1000 26 895 921 31.596988959744337
1001 26 1227 1253 16.770694551487125
1002 26 913 939 18.26498611379386
1003 26 332 358 30.805514750124843
1004 26 1014 1040 34.154515448514275
1005 26 1217 1243 15.790234579079328
1006 26 261 287 17.970785085978374
1007 26 718 744 23.761507749978584
1008 26 298 324 39.34989820855272
1009 26 47 73 15.794679250218156
1010 26 514 540 39.654541822403154
1011 26 383 409 7.2843107700759955
1012 26 309 335 39.492118911160595
1013 26 844 870 22.963308781579244
1014 26 1166 1192 25.783184795446537
1015 26 512 538 35.6676890324801
1016 26 905 931 26.759317101039553
1017 26 962 988 23.903288796736152
1018 26 951 977 18.95590245763441
1019 26 385 411 9.004055118899663
1020 26 866 892 46.74571670493517
1021 26 891 917 30.830968226963755
1022 26 551 577 21.46635570393394
1023 26 449 475 27.595896379680553
1024 26 723 749 30.702083947550907
1025 26 64 90 69.73995624444245
1026 26 808 834 34.81437889826848
1027 26 1272 1298 10.296363148126304
1028 26 57 83 54.458925120417206
1029 26 873 899 41.735961406384334
1030 26 619 645 8.036223694781695
1031 26 49 75 21.54156350530845
1032 26 1121 1147 52.61040684684813
1033 26 977 1003 34.35770063857387
1034 26 1165 1191 28.42751201406075
1035 26 535 561 48.24016557053109
1036 26 554 580 16.65561351262706
1037 26 506 532 24.948628225710934
1038 26 955 981 22.213135961645495
1039 26 935 961 10.157358018824683
1040 27 747 774 20.276702918544117
1041 27 1068 1095 10.187154675589262
1042 27 1267 1294 11.138910852260583
1043 27 945 972 11.15734599368467
1044 27 504 531 22.63463761228641
1045 27 1138 1165 12.705036788010487
1046 27 1095 1122 24.926703381640678
1047 27 326 353 33.91232946691879
1048 27 943 970 10.341306302420907
1049 27 590 617 40.257340022814866
1050 27 740 767 34.57223974374861
1051 27 859 886 47.27834644274873
1052 27 224 251 33.41277983754403
1053 27 1035 1062 20.78215778679036
1054 27 503 530 19.39540020199028
1055 27 792 819 37.863003950244824
1056 27 239 266 38.9157777265258
1057 27 886 913 30.76004516609905
1058 27 1224 1251 10.799736713329045
1059 27 1278 1305 8.866237731039186
1060 27 1067 1094 11.024466973522289
1061 27 931 958 10.899337068170432
1062 27 184 211 24.336398753454745
1063 27 799 826 35.2637123421472
1064 27 926 953 9.853477869227422
1065 27 1262 1289 13.950912412875802
1066 27 742 769 29.60677529093528
1067 27 1140 1167 21.718246221407114
1068 27 714 741 17.955490778038126
1069 27 339 366 26.691979686921393
1070 27 300 327 41.785735528686395
1071 27 478 505 35.33646329043245
1072 27 356 383 23.49148782603465
1073 27 836 863 34.11124397026899
1074 27 923 950 6.439333701098557
1075 27 1021 1048 16.203777150644992
1076 27 353 380 24.921820418323804
1077 27 833 860 39.84078569471321
1078 27 540 567 42.50353277905895
1079 27 640 667 24.463918866206985
1080 28 1168 1196 22.518086348105854
1081 28 829 857 48.107210221461116
1082 28 612 640 17.805249777719546
1083 28 541 569 41.726009852112156
1084 28 642 670 21.040623664973094
1085 28 23 51 31.977065230429393
1086 28 820 848 48.142782751469966
1087 28 1213 1241 26.1308651060215
1088 28 82 110 39.05428804257925
1089 28 422 450 5.695119823819311
1090 28 931 959 10.690181733969572
1091 28 207 235 40.557753700299855
1092 28 234 262 43.38033303082653
1093 28 21 49 33.960265562940926
1094 28 742 770 30.17328404705207
1095 28 660 688 34.32243517934853
1096 28 1239 1267 35.61650398987853
1097 28 648 676 13.393106120114732
1098 28 831 859 44.272012255275335
1099 28 365 393 17.57740360953132
1100 28 666 694 34.323658502366946
1101 28 164 192 42.39729008409322
1102 28 1079 1107 26.65564364565947
1103 28 1228 1256 21.82376649267556
1104 28 983 1011 29.212079644118273
1105 28 823 851 51.35383619676622
1106 28 1269 1297 9.992019000313105
1107 28 482 510 26.18278337815485
1108 28 910 938 22.09671257084514
1109 28 193 221 50.196111153456656
1110 28 1235 1263 31.728446263650977
1111 28 37 65 13.333437163805016
1112 28 705 733 14.035994649960168
1113 28 62 90 70.92094032496118
1114 28 620 648 9.59548336977231
1115 28 1010 1038 32.84320119413142
1116 28 286 314 41.72145095220819
1117 28 104 132 15.47408462575725
1118 28 19 47 34.73644636112978
1119 28 675 703 28.756824088577083
1120 29 831 860 44.338180181852515
1121 29 979 1008 33.085015411272735
1122 29 1256 1285 17.885032225329276
1123 29 10 39 37.90028055465929
1124 29 987 1016 27.195971437821033
1125 29 1177 1206 13.07658488196736
1126 29 416 445 1.1202588823558723
1127 29 456 485 51.276467386550465
1128 29 1253 1282 21.911066701063646
1129 29 670 699 34.5906172793414
1130 29 339 368 27.995524795591482
1131 29 683 712 13.255598933473959
1132 29 620 649 10.394047281569373
1133 29 801 830 36.90833107582383
1134 29 1163 1192 30.568712638084648
1135 29 1224 1253 13.797220869584146
1136 29 994 1023 22.049291018962816
1137 29 953 982 22.205431119347352
1138 29 572 601 36.36058817362433
1139 29 175 204 15.941284649016865
1140 29 1031 1060 14.847612340186664
1141 29 437 466 21.875015738367843
1142 29 1173 1202 16.73630791773743
1143 29 751 780 10.713956654663953
1144 29 495 524 9.49721795220472
1145 29 740 769 35.50877145565789
1146 29 761 790 26.302121726896953
1147 29 371 400 10.409920202089623
1148 29 1104 1133 31.976746095406376
1149 29 1279 1308 8.599389268810393
1150 29 460 489 54.77487364938977
1151 29 429 458 13.17561782059379
1152 29 1200 1229 31.46403236769429
1153 29 959 988 25.378568021862765
1154 29 487 516 17.690917412647647
1155 29 814 843 42.860228454976394
1156 29 544 573 36.24300012686013
1157 29 1203 1232 34.33491471067271
1158 29 1046 1075 35.5453426513995
1159 29 331 360 34.01623929406852
1160 30 3 33 47.268654171784654
1161 30 830 860 45.92271198920591
1162 30 968 998 31.04551146762178
1163 30 740 770 36.07497550840718
1164 30 368 398 14.717655970378583
1165 30 405 435 13.637095204166508
1166 30 1243 1273 34.64774774767646
1167 30 373 403 7.504878778095881
1168 30 992 1022 23.29464304663531
1169 30 1259 1289 15.676099111106879
1170 30 13 43 35.8323243091019
1171 30 273 303 40.22588746119734
1172 30 430 460 15.213631324638989
1173 30 445 475 30.90726822062127
1174 30 2 32 48.385504825441366
1175 30 1272 1302 10.507354671272168
1176 30 171 201 22.996543440223466
1177 30 934 964 9.942820216727382
1178 30 403 433 14.355622732856844
1179 30 378 408 4.771421554259619
1180 30 559 589 16.08092993938181
1181 30 809 839 40.61427452889204
1182 30 1263 1293 15.491690505288163
1183 30 44 74 14.066209046034379
1184 30 21 51 34.968574197090824
1185 30 736 766 42.64619023470787
1186 30 237 267 43.357253899899284
1187 30 624 654 19.95832171743107
1188 30 73 103 68.51403289396558
1189 30 1169 1199 23.208894374588226
1190 30 747 777 16.051921838361505
1191 30 967 997 30.848320821955504
1192 30 779 809 44.10888364252173
1193 30 249 279 33.75488666961531
1194 30 155 185 51.55197198049
1195 30 947 977 18.156377212561257
1196 30 360 390 20.31541985667746
1197 30 292 322 47.519597396146686
1198 30 929 959 11.952213114286895
1199 30 128 158 46.92655942452843
1200 31 546 577 31.488061480670638
1201 31 302 333 46.13806591199463
1202 31 990 1021 24.958782033728667
1203 31 1101 1132 28.05335258505395
1204 31 153 184 54.35821734304591
1205 31 1078 1109 28.193497145510143
1206 31 598 629 39.60692970525182
1207 31 586 617 46.4348603264495
1208 31 55 86 63.03322963864378
1209 31 1120 1151 51.10468482835536
1210 31 1147 1178 43.409268423073854
1211 31 426 457 12.031242375367547
1212 31 159 190 49.73941618971033
1213 31 854 885 46.841404109028986
1214 31 257 288 19.75773339029656
1215 31 381 412 9.21173119499006
1216 31 1201 1232 34.10347034850717
1217 31 631 662 31.343070473436548
1218 31 950 981 21.940944340759618
1219 31 405 436 13.593462678381558
1220 31 80 111 45.68247665170411
1221 31 691 722 15.206566660453657
1222 31 940 971 11.80132663811748
1223 31 127 158 48.22818674756223
1224 31 315 346 47.96181034297229
1225 31 467 498 56.29307680428984
1226 31 1266 1297 12.955793136862559
1227 31 718 749 30.377823294621734
1228 31 628 659 28.416898286426186
1229 31 221 252 37.07380407858195
1230 31 389 420 11.915194799720485
1231 31 318 349 46.67644617910824
1232 31 455 486 54.2789222953982
1233 31 59 90 72.14351185740932
1234 31 661 692 37.59284100677365
1235 31 243 274 41.12857919000593
1236 31 558 589 16.21060765028671
1237 31 212 243 35.75630902401311
1238 31 763 794 35.22465992634244
1239 31 146 177 50.01613181677595
1240 32 1033 1065 23.841687289185195
1241 32 1257 1289 17.401092019187953
1242 32 277 309 50.931774261120914
1243 32 719 751 33.03995121158484
1244 32 268 300 33.55390475372706
1245 32 867 899 52.80696071925056
1246 32 401 433 15.362638460841385
1247 32 635 667 28.37199189121964
1248 32 1132 1164 7.412460858274291
1249 32 41 73 10.569449459970093
1250 32 35 67 12.685119981780684
1251 32 697 729 19.131491570372088
1252 32 306 338 46.98330531137653
1253 32 150 182 52.03032237826332
1254 32 1114 1146 59.59787769214867
1255 32 97 129 9.520923555660437
1256 32 280 312 51.321089233055886
1257 32 1010 1042 33.44286476051569
1258 32 854 886 48.015999270202606
1259 32 733 765 45.278128214751185
1260 32 984 1016 30.92392912572688
1261 32 604 636 34.72015267558219
1262 32 608 640 25.122588789621652
1263 32 130 162 51.136322393379714
1264 32 1280 1312 7.756742703544723
1265 32 308 340 46.96228188741738
1266 32 235 267 45.068492402902784
1267 32 14 46 38.95499266319439
1268 32 184 216 33.0468090821318
1269 32 292 324 52.274871147890416
1270 32 721 753 35.74958422185069
1271 32 319 351 46.63983145625128
1272 32 615 647 9.885578488999565
1273 32 1160 1192 33.73826669912662
1274 32 1097 1129 24.879250759982348
1275 32 264 296 26.37403037934367
1276 32 182 214 27.40288146452909
1277 32 468 500 55.07107876961492
1278 32 1170 1202 21.21247480863795
1279 32 470 502 51.046894972081404
1280 33 685 718 11.296942914667271
1281 33 184 217 34.67253176525787
1282 33 382 415 11.315700881987388
1283 33 895 928 34.60224282254231
1284 33 430 463 17.988531548039642
1285 33 841 874 30.931318577967932
1286 33 76 109 59.168211697358174
1287 33 684 717 11.567861855201793
1288 33 878 911 46.14366103764513
1289 33 1018 1051 29.807110352161416
1290 33 1147 1180 44.86866250111978
1291 33 706 739 15.40640552316431
1292 33 378 411 7.847904466092779
1293 33 1079 1112 30.53216861981351
1294 33 240 273 44.57554196760822
1295 33 87 120 22.865003928386436
1296 33 256 289 20.356357125858523
1297 33 774 807 49.99493117785569
1298 33 296 329 50.29747907840552
1299 33 862 895 56.389651725608616
1300 33 456 489 58.09075292260394
1301 33 549 582 24.99457714560344
1302 33 1260 1293 17.02213889941582
1303 33 1106 1139 46.80835577203602
1304 33 253 286 20.605115750923673
1305 33 176 209 17.81724738884744
1306 33 1053 1086 33.54668274748202
1307 33 1168 1201 25.101960185656658
1308 33 1267 1300 11.742108779100137
1309 33 363 396 19.188723790412343
1310 33 407 440 10.116860313163041
1311 33 1272 1305 10.732761593729842
1312 33 148 181 52.452153727554006
1313 33 1100 1133 27.624839781747628
1314 33 642 675 17.833847669894222
1315 33 264 297 27.483878523763515
1316 33 1029 1062 20.343254911102214
1317 33 485 518 21.45438242381529
1318 33 486 519 20.15508963112823
1319 33 932 965 8.827319451156555
1320 34 831 865 45.46123344977943
1321 34 933 967 8.603301472891117
1322 34 218 252 40.1233103687691
1323 34 642 676 17.169514387320366
1324 34 475 509 41.56499035522982
1325 34 97 131 11.416695675357683
1326 34 705 739 15.594663428283656
1327 34 219 253 41.183061096331144
1328 34 806 840 44.57811915259614
1329 34 37 71 5.311881239692982
1330 34 1153 1187 45.240799408542735
1331 34 239 273 46.13987738785689
1332 34 530 564 60.088885826878105
1333 34 723 757 40.08757451336674
1334 34 1135 1169 12.442823268925101
1335 34 492 526 14.97340765923969
1336 34 691 725 16.337642447176858
1337 34 866 900 55.14859380551688
1338 34 464 498 59.79643039022775
1339 34 89 123 15.518394916740247
1340 34 286 320 50.50946508038758
1341 34 342 376 32.682177528470305
1342 34 267 301 34.29570639947084
1343 34 351 385 29.389680564639598
1344 34 802 836 43.30801056088228
1345 34 309 343 49.64857621109053
1346 34 213 247 39.24689601223788
1347 34 615 649 9.27150021592546
1348 34 872 906 49.513053269474945
1349 34 949 983 22.37690649388223
1350 34 15 49 40.70661762333139
1351 34 226 260 43.36478532447175
1352 34 864 898 56.86433441408103
1353 34 3 37 52.522116669338224
1354 34 196 230 57.18605081438446
1355 34 67 101 82.50100886951094
1356 34 388 422 13.25184949631683
1357 34 888 922 39.768593723042805
1358 34 394 428 15.867872694132714
1359 34 778 812 47.74236591881116
1360 35 642 677 16.411502472900466
1361 35 316 351 51.16110732947026
1362 35 357 392 23.50336533998499
1363 35 549 584 25.388256351571716
1364 35 545 580 34.21290825169199
1365 35 526 561 64.83023407888764
1366 35 1166 1201 29.207370087302426
1367 35 476 511 39.823782224716595
1368 35 1059 1094 23.024768152914074
1369 35 633 668 27.492079359746047
1370 35 632 667 27.717254367315235
1371 35 1153 1188 45.88397165759686
1372 35 852 887 49.47356629071898
1373 35 1020 1055 18.972666888964326
1374 35 990 1025 30.392728003969086
1375 35 791 826 42.836725395597746
1376 35 603 638 34.33685013549999
1377 35 805 840 45.61181470916563
1378 35 354 389 26.81692744904845
1379 35 861 896 58.5596270273428
1380 35 1180 1215 18.100626318822204
1381 35 943 978 18.04501867262966
1382 35 1079 1114 30.95825373637524
1383 35 869 904 52.40078148857115
1384 35 1177 1212 12.218221981585142
1385 35 659 694 37.93476771284072
1386 35 1104 1139 45.189426596130424
1387 35 147 182 54.886615706995634
1388 35 16 51 40.617632830147635
1389 35 523 558 66.20363874107787
1390 35 844 879 35.86416027846739
1391 35 1192 1227 42.15296817784696
1392 35 942 977 17.709189532489688
1393 35 183 218 33.96565639613579
1394 35 1027 1062 22.588872545346604
1395 35 1108 1143 55.40770302136319
1396 35 963 998 32.627269743456345
1397 35 1072 1107 26.830867372312802
1398 35 570 605 42.614089179677364
1399 35 322 357 46.70139751028685
1400 36 447 483 50.067374482301524
1401 36 757 793 29.522914958528368
1402 36 217 253 42.658014044376344
1403 36 454 490 60.222378888753454
1404 36 432 468 23.559447931343957
1405 36 887 923 41.688486688728155
1406 36 258 294 24.890032442294732
1407 36 1045 1081 39.251858627321596
1408 36 391 427 14.498654170411154
1409 36 1039 1075 36.455788314444455
1410 36 798 834 42.153414159897665
1411 36 332 368 37.46112848351813
1412 36 144 180 56.97433212505058
1413 36 630 666 27.603311234249702
1414 36 933 969 8.736902748654208
1415 36 289 325 59.377284737411216
1416 36 1055 1091 30.70167582555911
1417 36 189 225 53.600537380986786
1418 36 765 801 45.76144567524191
1419 36 380 416 10.87115827015473
1420 36 450 486 57.089995094652075
1421 36 1132 1168 4.112548753534642
1422 36 87 123 20.96698974661283
1423 36 892 928 37.47505230760817
1424 36 1150 1186 49.396559685378044
1425 36 64 100 87.19128987327927
1426 36 801 837 44.824311506734816
1427 36 1119 1155 44.413900393621795
1428 36 619 655 17.617089847370085
1429 36 476 512 39.75379239725442
1430 36 330 366 39.79382880850055
1431 36 816 852 57.35236259982536
1432 36 453 489 59.733134918697544
1433 36 410 446 4.331523298400597
1434 36 1175 1211 11.80472196880003
1435 36 468 504 52.29852585128034
1436 36 1027 1063 23.965888829890158
1437 36 522 558 67.3005057900709
1438 36 1129 1165 12.543405425769324
1439 36 569 605 42.140888906934805
1440 37 1240 1277 38.7441089781975
1441 37 536 573 53.04815761502206
1442 37 324 361 45.62882739196911
1443 37 52 89 67.54252721423954
1444 37 1269 1306 10.500521424342542
1445 37 819 856 59.06542420186761
1446 37 1048 1085 37.65887199881544
1447 37 104 141 30.75627319838688
1448 37 114 151 44.465049453173584
1449 37 1004 1041 22.9113445141217
1450 37 399 436 16.556439174469315
1451 37 1135 1172 17.81900465142661
1452 37 663 700 42.14205878604514
1453 37 599 636 40.180182496431094
1454 37 94 131 8.132509708340384
1455 37 957 994 29.507326650265128
1456 37 686 723 13.838376235915185
1457 37 377 414 10.943245763999059
1458 37 915 952 11.33642170878479
1459 37 97 134 15.030546230800873
1460 37 425 462 15.860847122555754
1461 37 752 789 20.05343773810259
1462 37 527 564 65.6522685130459
1463 37 910 947 18.44813212821965
1464 37 541 578 42.73025729095003
1465 37 1029 1066 26.135388420492003
1466 37 512 549 58.35394774951821
1467 37 657 694 36.04708609591044
1468 37 23 60 35.255000121254454
1469 37 855 892 56.01736965674572
1470 37 463 500 60.53597089144983
1471 37 375 412 9.32220258508114
1472 37 784 821 48.977801548773996
1473 37 984 1021 35.91474713062648
1474 37 275 312 52.17220567213502
1475 37 864 901 59.18328494954251
1476 37 607 644 23.1983018886321
1477 37 151 188 61.913392743952166
1478 37 355 392 25.411986701780958
1479 37 111 148 39.416863148225055
1480 38 858 896 60.26742373216221
1481 38 135 173 57.25012115549218
1482 38 1088 1126 22.567739496973616
1483 38 1190 1228 44.4234599358849
1484 38 313 351 54.38746284251555
1485 38 43 81 35.339691078654035
1486 38 62 100 88.39062356828056
1487 38 749 787 14.046739005423108
1488 38 438 476 36.52318971157357
1489 38 1159 1197 37.278952489566215
1490 38 1103 1141 47.43178923407952
1491 38 975 1013 41.30729685142114
1492 38 882 920 48.00374763859173
1493 38 1254 1292 22.91463202715195
1494 38 1207 1245 27.365472593875904
1495 38 675 713 24.017356714748647
1496 38 211 249 44.64467309325966
1497 38 14 52 43.66040100089267
1498 38 157 195 54.1751958939639
1499 38 420 458 10.631425377241971
1500 38 47 85 53.37769880557037
1501 38 1085 1123 24.96793816121503
1502 38 1079 1117 30.76132031634569
1503 38 317 355 54.22102868431477
1504 38 58 96 84.13760456964089
1505 38 604 642 29.313934979068293
1506 38 522 560 69.58175062086859
1507 38 245 283 34.409380270687066
1508 38 37 75 11.946522522996945
1509 38 1200 1238 34.84948725311352
1510 38 40 78 24.765700892453925
1511 38 716 754 36.02559406933973
1512 38 563 601 30.235202475411445
1513 38 217 255 45.162720544098924
1514 38 792 830 42.68613478019978
1515 38 383 421 12.249235080807852
1516 38 842 880 39.303975192388556
1517 38 18 56 43.28991885307863
1518 38 484 522 27.11181570330401
1519 38 445 483 51.41234554987303
1520 39 333 372 40.00173624285589
1521 39 1266 1305 13.672580598177838
1522 39 892 931 38.18732600885786
1523 39 1113 1152 54.764391359633464
1524 39 67 106 81.98980243317462
1525 39 1177 1216 18.595378066673973
1526 39 566 605 39.52915836937346
1527 39 209 248 47.100321871797064
1528 39 490 529 21.774274542526985
1529 39 1199 1238 35.90464990992943
1530 39 497 536 25.21467402115271
1531 39 96 135 14.85620138562592
1532 39 442 481 47.34932743214089
1533 39 484 523 27.797743038481048
1534 39 360 399 19.789318095369694
1535 39 1 40 59.1313474684993
1536 39 349 388 31.1164150557029
1537 39 252 291 22.477439034775685
1538 39 1194 1233 44.82491955687454
1539 39 409 448 3.387189779925518
1540 39 495 534 22.791754341736382
1541 39 576 615 57.952464000226286
1542 39 676 715 21.637141443087728
1543 39 170 209 22.9449868690041
1544 39 420 459 11.15170416452031
1545 39 269 308 43.766687483925175
1546 39 1167 1206 25.429884464452257
1547 39 510 549 58.33410627862723
1548 39 216 255 46.340631660442554
1549 39 736 775 41.76536540438038
1550 39 1007 1046 27.425177528649158
1551 39 382 421 12.140865371005338
1552 39 430 469 24.6113086630632
1553 39 437 476 37.08523752036355
1554 39 792 831 42.95381269592358
1555 39 581 620 56.26590093134615
1556 39 6 45 54.053463782942984
1557 39 173 212 22.73375853632736
1558 39 468 507 51.929953939025815
1559 39 1157 1196 39.7488057382512
1560 40 626 666 25.356525576335727
1561 40 760 800 42.28465278794387
1562 40 598 638 39.55299994874533
1563 40 1109 1149 58.09433127299462
1564 40 639 679 17.086627013327348
1565 40 86 126 21.392414198223644
1566 40 635 675 22.629215572516934
1567 40 183 223 41.4734646863588
1568 40 972 1012 41.690224870382536
1569 40 1026 1066 28.19959773537762
1570 40 286 326 64.0802128815116
1571 40 1245 1285 38.2736075973029
1572 40 1160 1200 37.949753645879596
1573 40 726 766 48.22165398000243
1574 40 587 627 51.211783551904055
1575 40 864 904 62.02611795850094
1576 40 1219 1259 13.800277724638695
1577 40 871 911 57.73801071491452
1578 40 203 243 51.38613069538896
1579 40 1097 1137 31.479237811683042
1580 40 382 422 12.669650360988088
1581 40 1238 1278 40.44704320421366
1582 40 476 516 41.172737319447045
1583 40 270 310 46.44030681059725
1584 40 132 172 60.600377661302744
1585 40 945 985 20.75328145216324
1586 40 166 206 29.230346613107315
1587 40 1243 1283 40.37300005181769
1588 40 293 333 63.51839376548624
1589 40 982 1022 39.54902540711336
1590 40 60 100 89.00032828190929
1591 40 310 350 55.939215757371315
1592 40 769 809 52.90676106116044
1593 40 389 429 14.915027145017696
1594 40 981 1021 38.877274357417654
1595 40 767 807 50.62442943085335
1596 40 1070 1110 30.01229261083876
1597 40 276 316 57.17870709951211
1598 40 886 926 45.21968362568864
1599 40 411 451 3.636528734550329
1600 41 213 254 49.75344849279156
1601 41 692 733 11.581878294584135
1602 41 698 739 15.518006102192391
1603 41 631 672 24.181961372217472
1604 41 895 936 37.83362609160882
1605 41 281 322 64.79007984216673
1606 41 506 547 52.841834122048155
1607 41 1206 1247 23.995223162836638
1608 41 530 571 63.58538827657256
1609 41 964 1005 41.85022983847663
1610 41 666 707 35.28410095412726
1611 41 3 44 58.303428218099356
1612 41 92 133 6.598352909807815
1613 41 15 56 46.46731731838546
1614 41 235 276 53.78401077007842
1615 41 424 465 18.3140444830986
1616 41 601 642 32.90406791455629
1617 41 115 156 51.51255181461525
1618 41 905 946 25.394764927384074
1619 41 1028 1069 31.04480783147175
1620 41 456 497 66.7101653567764
1621 41 422 463 15.635938103178153
1622 41 496 537 27.39723256512669
1623 41 157 198 50.082197168677155
1624 41 66 107 84.44981509942616
1625 41 55 96 84.31485162923684
1626 41 229 270 50.21885382474404
1627 41 792 833 43.71859829946795
1628 41 228 269 49.29375484822523
1629 41 851 892 55.09826428870678
1630 41 1153 1194 46.54874427943775
1631 41 1215 1256 3.27831103834476
1632 41 868 909 60.78534212073766
1633 41 1053 1094 32.36632206727757
1634 41 49 90 67.32234089483929
1635 41 54 95 81.91114958513059
1636 41 354 395 27.658295740873683
1637 41 254 295 24.912449976556555
1638 41 409 450 2.971592265347391
1639 41 463 504 57.607360548409254
1640 42 165 207 29.98100541502334
1641 42 571 613 57.71838590739716
1642 42 1063 1105 26.617075890783124
1643 42 1099 1141 40.32623565350398
1644 42 548 590 27.299197570134922
1645 42 232 274 53.3555347343748
1646 42 372 414 9.45193393841064
1647 42 1221 1263 19.437081919171483
1648 42 618 660 22.483459093318647
1649 42 403 445 11.302228627113966
1650 42 1245 1287 38.321496941660996
1651 42 176 218 30.727071154153023
1652 42 361 403 16.948663249858885
1653 42 62 104 88.84733060581583
1654 42 12 54 47.882615680844104
1655 42 213 255 51.100381064189044
1656 42 942 984 19.663439334800014
1657 42 957 999 33.88377267490474
1658 42 36 78 20.512036668264603
1659 42 1200 1242 31.81158161746546
1660 42 5 47 58.75766752736949
1661 42 465 507 55.41714751602291
1662 42 679 721 14.689742359238661
1663 42 147 189 65.96343583017331
1664 42 492 534 25.357259124761036
1665 42 237 279 52.43515940938066
1666 42 344 386 35.25942468976704
1667 42 397 439 16.06712601176434
1668 42 172 214 25.915145924524477
1669 42 865 907 64.31711296132737
1670 42 567 609 48.57900415047164
1671 42 1015 1057 31.620119832278323
1672 42 239 281 47.47938845649929
1673 42 559 601 26.98022353728482
1674 42 1220 1262 17.744107326910772
1675 42 299 341 62.355714306636784
1676 42 663 705 39.62215998132558
1677 42 771 813 56.218668732749826
1678 42 448 490 64.53005407294414
1679 42 1202 1244 29.498792806487913
1680 43 459 502 62.760746623436184
1681 43 404 447 9.003257741736174
1682 43 1004 1047 23.33193602539581
1683 43 906 949 23.3522074051001
1684 43 231 274 53.893463841342204
1685 43 995 1038 24.992907370723977
1686 43 804 847 53.97341035280759
1687 43 653 696 32.920577540042075
1688 43 122 165 61.07244370027994
1689 43 940 983 19.953680279636117
1690 43 85 128 21.61334917897605
1691 43 879 922 57.570692790720294
1692 43 489 532 26.574902458468237
1693 43 1132 1175 12.572103114134382
1694 43 834 877 44.56995931285972
1695 43 1133 1176 15.547390432673337
1696 43 114 157 53.92865190656679
1697 43 1080 1123 26.52194289811973
1698 43 825 868 54.56869527529997
1699 43 550 593 22.365690899435148
1700 43 243 286 33.44334610423179
1701 43 923 966 5.335740244573714
1702 43 590 633 48.56401024374532
1703 43 620 663 24.196042074271872
1704 43 860 903 65.55718059956186
1705 43 490 533 26.470368402531243
1706 43 337 380 41.994299398941926
1707 43 498 541 34.33607477488533
1708 43 242 285 36.259963474413894
1709 43 59 102 90.60570392690559
1710 43 566 609 47.386267006874476
1711 43 1096 1139 33.052011305072284
1712 43 262 305 38.85345343732976
1713 43 798 841 48.756224095819185
1714 43 886 929 45.35776173462342
1715 43 1192 1235 48.65774387216163
1716 43 65 108 85.8499572899269
1717 43 278 321 65.6457168322845
1718 43 89 132 7.529464799346234
1719 43 423 466 18.827622371827488
1720 44 76 120 57.36024274667913
1721 44 520 564 74.41576467347676
1722 44 1102 1146 53.15397999601842
1723 44 373 417 11.051414382688103
1724 44 321 365 55.64129606636437
1725 44 1019 1063 23.008924525576816
1726 44 713 757 39.3531573734675
1727 44 172 216 28.656882385032578
1728 44 887 931 44.30241488677899
1729 44 1130 1174 8.845613852172809
1730 44 1248 1292 34.71974144940687
1731 44 334 378 43.68572550257363
1732 44 210 254 53.73977727153966
1733 44 855 899 63.496451354442115
1734 44 589 633 49.83574571966843
1735 44 501 545 45.06467111241661
1736 44 8 52 53.699733900981556
1737 44 427 471 25.43300477623697
1738 44 545 589 33.617304985834494
1739 44 118 162 61.4606480603203
1740 44 461 505 59.531070305544986
1741 44 440 484 56.429944937656806
1742 44 987 1031 36.0022282600962
1743 44 1072 1116 33.52536730678988
1744 44 1005 1049 26.354458997360144
1745 44 925 969 6.799211953089669
1746 44 33 77 13.889712461116243
1747 44 78 122 49.287670221484916
1748 44 634 678 20.139092452491195
1749 44 835 879 46.17866970136206
1750 44 1081 1125 24.494588457452352
1751 44 1086 1130 20.040288513269385
1752 44 443 487 63.55308635383949
1753 44 869 913 63.312320446908636
1754 44 201 245 56.20269826086012
1755 44 930 974 12.137218008400255
1756 44 944 988 20.146073341674548
1757 44 1079 1123 26.714525604516336
1758 44 349 393 31.438227708128892
1759 44 1142 1186 45.88266510645966
1760 45 355 400 24.33469916453903
1761 45 613 658 14.064625992911422
1762 45 1262 1307 17.631986959284962
1763 45 297 342 67.03232888677393
1764 45 1116 1161 38.14661424018663
1765 45 254 299 29.128682203235943
1766 45 1057 1102 28.06151382052175
1767 45 382 427 13.715693746232116
1768 45 56 101 91.24725424692916
1769 45 684 729 11.064280500129978
1770 45 111 156 50.723617816391865
1771 45 1251 1296 29.18087385185408
1772 45 1245 1290 39.34788846744305
1773 45 559 604 31.55809030416882
1774 45 812 857 61.23411275450061
1775 45 663 708 38.96101072584537
1776 45 1227 1272 31.212764452046358
1777 45 1219 1264 17.14967218874355
1778 45 1181 1226 35.2828982470077
1779 45 265 310 42.44369454132447
1780 45 137 182 64.51509234144294
1781 45 1165 1210 28.362474310485982
1782 45 511 556 69.16797194332152
1783 45 288 333 70.76735128627739
1784 45 1199 1244 30.57420199692026
1785 45 696 741 17.61828686034978
1786 45 658 703 39.27744888237841
1787 45 434 479 45.0374025358996
1788 45 100 145 35.0779141196439
1789 45 391 436 16.921994188268872
1790 45 740 785 18.122036224433565
1791 45 125 170 65.81022061637283
1792 45 27 72 12.186247918886796
1793 45 995 1040 24.778062340075206
1794 45 815 860 62.16157236863964
1795 45 1238 1283 43.44558602854951
1796 45 306 351 61.70273282609267
1797 45 98 143 29.554811354470882
1798 45 1216 1261 9.26084289700879
1799 45 853 898 62.13365742632816
1800 46 139 185 66.82162615454816
1801 46 659 705 39.057202763451194
1802 46 335 381 44.058982611245966
1803 46 1085 1131 19.06606016847443
1804 46 1056 1102 29.37556040076089
1805 46 503 549 55.694680051245655
1806 46 214 260 52.33046206177547
1807 46 537 583 51.17565190851128
1808 46 516 562 75.7238435807285
1809 46 700 746 26.19233461105948
1810 46 1019 1065 24.132962229365646
1811 46 567 613 55.908810640105
1812 46 953 999 33.14495306811791
1813 46 433 479 44.719457133346374
1814 46 676 722 16.945666174738832
1815 46 1127 1173 8.831238668943096
1816 46 7 53 57.0023169252361
1817 46 1257 1303 20.390989127697736
1818 46 2 48 65.1001680427002
1819 46 1231 1277 36.84031211199965
1820 46 1206 1252 14.688574551126154
1821 46 205 251 57.56744918749957
1822 46 835 881 50.03312662774986
1823 46 872 918 66.5227797888233
1824 46 862 908 70.29028107785412
1825 46 1254 1300 24.079320433922682
1826 46 939 985 20.19478814884292
1827 46 1153 1199 50.20840892495283
1828 46 575 621 63.604683823777066
1829 46 854 900 63.95360381332125
1830 46 10 56 52.56290226348748
1831 46 520 566 75.3628731821977
1832 46 57 103 91.21221550188166
1833 46 35 81 28.72007355282936
1834 46 332 378 47.375796916285175
1835 46 1247 1293 37.07729584305462
1836 46 715 761 43.959136262090794
1837 46 442 488 65.06220648548513
1838 46 188 234 59.066730213704076
1839 46 1128 1174 7.996975124979362
1840 47 724 771 49.85971786308217
1841 47 603 650 21.544697706886055
1842 47 694 741 16.996496574525835
1843 47 101 148 41.490178870677155
1844 47 227 274 53.30120717533163
1845 47 703 750 32.42586570625286
1846 47 612 659 13.658456663536763
1847 47 369 416 10.170830970110263
1848 47 296 343 69.7103122857347
1849 47 524 571 73.53226476459677
1850 47 538 585 49.399661193382336
1851 47 1003 1050 20.506093538391376
1852 47 1049 1096 34.88915335545029
1853 47 1127 1174 8.690878306540379
1854 47 1099 1146 47.68368557300366
1855 47 540 587 44.15627968076752
1856 47 602 649 24.43079965092878
1857 47 1159 1206 37.93759595485183
1858 47 666 713 31.731546897755024
1859 47 1062 1109 33.64918741547684
1860 47 1204 1251 16.418714737669486
1861 47 1137 1184 33.97822856269593
1862 47 953 1000 34.175443634848705
1863 47 885 932 47.87669768717511
1864 47 792 839 47.123266901315
1865 47 171 218 30.940101108271406
1866 47 809 856 61.655233302090586
1867 47 163 210 29.08245069079235
1868 47 1069 1116 34.752899885500746
1869 47 306 353 64.02092206005346
1870 47 218 265 48.270590485036905
1871 47 657 704 37.46588298411222
1872 47 806 853 60.62132047766254
1873 47 990 1037 33.0161643185494
1874 47 1188 1235 49.73072883594508
1875 47 165 212 29.031528336414524
1876 47 846 893 56.04285577470196
1877 47 822 869 58.27958874218011
1878 47 925 972 9.025353345151176
1879 47 1265 1312 15.1482952751909
1880 48 547 595 26.604069050820964
1881 48 989 1037 34.748051467267764
1882 48 40 88 54.96155162479196
1883 48 1120 1168 23.606083491993008
1884 48 1018 1066 27.240434672707238
1885 48 1090 1138 26.340988837942525
1886 48 737 785 24.52497544650655
1887 48 862 910 72.52237364166473
1888 48 413 461 11.18893872832525
1889 48 1241 1289 42.88370857073641
1890 48 170 218 31.56075427236797
1891 48 18 66 37.11670244677372
1892 48 353 401 26.35000066413671
1893 48 536 584 53.558134574494076
1894 48 53 101 88.78062134422561
1895 48 597 645 33.992888621078734
1896 48 68 116 80.0503784194666
1897 48 868 916 69.680332415543
1898 48 639 687 16.05708419274738
1899 48 813 861 62.39644809415283
1900 48 507 555 67.62817762377713
1901 48 882 930 52.328704716595425
1902 48 1036 1084 38.77623359223962
1903 48 549 597 23.827391411902095
1904 48 1240 1288 43.419844823368884
1905 48 769 817 59.34109391664405
1906 48 803 851 60.0720475170609
1907 48 554 602 25.93431841279888
1908 48 1 49 67.2458458217886
1909 48 542 590 39.729751011385076
1910 48 372 420 9.69453778049201
1911 48 589 637 49.291828420446826
1912 48 14 62 44.902027180410975
1913 48 407 455 6.174416406260181
1914 48 44 92 66.2604500807933
1915 48 376 424 13.996436093467638
1916 48 667 715 29.295347583166688
1917 48 568 616 60.45420845751709
1918 48 1167 1215 23.62688093429802
1919 48 390 438 15.699430246246372
1920 49 689 738 9.855910412630415
1921 49 796 845 52.08857973980132
1922 49 1201 1250 18.144063436732655
1923 49 258 307 39.26251478816985
1924 49 44 93 68.15430196042296
1925 49 100 149 42.724978090064354
1926 49 209 258 58.69651235910643
1927 49 508 557 69.89515973646823
1928 49 843 892 55.961336958459775
1929 49 242 291 32.82268091636829
1930 49 777 826 55.05027427290692
1931 49 635 684 15.044073055396137
1932 49 283 332 77.21362635716905
1933 49 562 611 47.43916020673619
1934 49 411 460 9.026063588180996
1935 49 831 880 54.22209503902934
1936 49 64 113 87.1645241509307
1937 49 862 911 74.00012843937478
1938 49 845 894 56.82822660370441
1939 49 697 746 25.26293072009707
1940 49 144 193 73.35115265474923
1941 49 430 479 43.77257737593093
1942 49 927 976 11.862379390718917
1943 49 293 342 75.302258306632
1944 49 1089 1138 26.082465505900185
1945 49 945 994 24.543448702923605
1946 49 820 869 60.73909210761143
1947 49 981 1030 43.981340127309124
1948 49 552 601 24.647187011730267
1949 49 463 512 56.82690346438608
1950 49 874 923 68.5790506332811
1951 49 943 992 21.359004893431095
1952 49 485 534 35.8499855520429
1953 49 1022 1071 30.559254118410696
1954 49 559 608 38.77365594510591
1955 49 427 476 34.43343353976457
1956 49 971 1020 43.51611151827375
1957 49 771 820 60.56625817770109
1958 49 57 106 90.55881228261289
1959 49 542 591 38.73727940850925
1960 50 1084 1134 17.812889925630977
1961 50 512 562 75.76416848736845
1962 50 610 660 10.667819254923671
1963 50 645 695 21.89659268878486
1964 50 445 495 73.67795372991196
1965 50 1174 1224 29.091943974459998
1966 50 854 904 67.4511708005911
1967 50 102 152 47.36005024924852
1968 50 170 220 33.52738430217393
1969 50 192 242 64.85857406990554
1970 50 379 429 13.95638347859284
1971 50 350 400 29.17755559391959
1972 50 700 750 31.98680418573373
1973 50 587 637 52.173940286590664
1974 50 1090 1140 29.534417349276612
1975 50 460 510 59.74891652241494
1976 50 400 450 8.75614351829479
1977 50 154 204 53.06112728645919
1978 50 210 260 57.95990821032207
1979 50 1025 1075 35.65251297167103
1980 50 521 571 76.53821901898566
1981 50 927 977 12.43084851585652
1982 50 691 741 16.35155301002515
1983 50 1036 1086 38.75049280074803
1984 50 299 349 71.22364684623886
1985 50 387 437 17.137402483146346
1986 50 469 519 53.94277975009154
1987 50 242 292 30.96821966264732
1988 50 617 667 18.462906142653612
1989 50 1074 1124 29.095814465882214
1990 50 995 1045 24.7302514745126
1991 50 982 1032 42.72597414274353
1992 50 928 978 12.248055507086178
1993 50 1049 1099 34.405994815523485
1994 50 694 744 22.628923768754916
1995 50 576 626 65.5635315855349
1996 50 306 356 66.92768144573891
1997 50 934 984 16.195412163534524
1998 50 911 961 11.778348519571242
1999 50 58 108 90.01638636907492
