0 1 137 138
1 1 582 583
2 1 64 65
3 1 261 262
4 1 120 121
5 1 507 508
6 1 460 461
7 1 483 484
8 1 388 389
9 1 214 215
10 1 96 97
11 1 499 500
12 1 29 30
13 1 399 400
14 1 443 444
15 1 622 623
16 1 2 3
17 1 456 457
18 1 272 273
19 1 234 235
20 1 605 606
21 1 104 105
22 1 325 326
23 1 31 32
24 1 22 23
25 1 26 27
26 1 554 555
27 1 9 10
28 1 390 391
29 1 221 222
30 1 432 433
31 1 540 541
32 1 227 228
33 1 448 449
34 1 566 567
35 1 238 239
36 1 353 354
37 1 236 237
38 1 224 225
39 1 470 471
40 2 296 298
41 2 22 24
42 2 426 428
43 2 569 571
44 2 102 104
45 2 190 192
46 2 303 305
47 2 123 125
48 2 340 342
49 2 512 514
50 2 432 434
51 2 519 521
52 2 194 196
53 2 310 312
54 2 290 292
55 2 601 603
56 2 511 513
57 2 517 519
58 2 402 404
59 2 603 605
60 2 35 37
61 2 491 493
62 2 248 250
63 2 413 415
64 2 424 426
65 2 177 179
66 2 375 377
67 2 561 563
68 2 383 385
69 2 88 90
70 2 449 451
71 2 520 522
72 2 110 112
73 2 167 169
74 2 533 535
75 2 379 381
76 2 501 503
77 2 30 32
78 2 480 482
79 2 44 46
80 3 315 318
81 3 629 632
82 3 607 610
83 3 592 595
84 3 403 406
85 3 174 177
86 3 172 175
87 3 514 517
88 3 232 235
89 3 12 15
90 3 204 207
91 3 552 555
92 3 561 564
93 3 237 240
94 3 414 417
95 3 526 529
96 3 352 355
97 3 591 594
98 3 361 364
99 3 470 473
100 3 275 278
101 3 623 626
102 3 5 8
103 3 392 395
104 3 524 527
105 3 132 135
106 3 531 534
107 3 574 577
108 3 210 213
109 3 436 439
110 3 57 60
111 3 492 495
112 3 373 376
113 3 583 586
114 3 567 570
115 3 516 519
116 3 423 426
117 3 496 499
118 3 365 368
119 3 424 427
120 4 354 358
121 4 1 5
122 4 551 555
123 4 553 557
124 4 627 631
125 4 339 343
126 4 469 473
127 4 614 618
128 4 28 32
129 4 235 239
130 4 181 185
131 4 563 567
132 4 598 602
133 4 185 189
134 4 93 97
135 4 564 568
136 4 261 265
137 4 33 37
138 4 72 76
139 4 85 89
140 4 17 21
141 4 463 467
142 4 14 18
143 4 287 291
144 4 255 259
145 4 275 279
146 4 112 116
147 4 189 193
148 4 352 356
149 4 297 301
150 4 71 75
151 4 171 175
152 4 163 167
153 4 540 544
154 4 172 176
155 4 279 283
156 4 301 305
157 4 465 469
158 4 329 333
159 4 508 512
160 5 485 490
161 5 116 121
162 5 24 29
163 5 319 324
164 5 395 400
165 5 351 356
166 5 431 436
167 5 192 197
168 5 264 269
169 5 111 116
170 5 259 264
171 5 522 527
172 5 214 219
173 5 620 625
174 5 442 447
175 5 21 26
176 5 230 235
177 5 18 23
178 5 406 411
179 5 149 154
180 5 36 41
181 5 164 169
182 5 456 461
183 5 518 523
184 5 436 441
185 5 557 562
186 5 225 230
187 5 528 533
188 5 461 466
189 5 228 233
190 5 536 541
191 5 31 36
192 5 404 409
193 5 589 594
194 5 328 333
195 5 60 65
196 5 305 310
197 5 128 133
198 5 217 222
199 5 48 53
200 6 313 319
201 6 72 78
202 6 78 84
203 6 317 323
204 6 305 311
205 6 162 168
206 6 426 432
207 6 578 584
208 6 258 264
209 6 133 139
210 6 8 14
211 6 574 580
212 6 38 44
213 6 604 610
214 6 222 228
215 6 583 589
216 6 471 477
217 6 175 181
218 6 521 527
219 6 387 393
220 6 205 211
221 6 355 361
222 6 101 107
223 6 210 216
224 6 587 593
225 6 443 449
226 6 605 611
227 6 198 204
228 6 504 510
229 6 106 112
230 6 399 405
231 6 303 309
232 6 516 522
233 6 511 517
234 6 17 23
235 6 333 339
236 6 626 632
237 6 411 417
238 6 288 294
239 6 18 24
240 7 160 167
241 7 205 212
242 7 335 342
243 7 576 583
244 7 138 145
245 7 347 354
246 7 439 446
247 7 218 225
248 7 272 279
249 7 98 105
250 7 388 395
251 7 560 567
252 7 352 359
253 7 547 554
254 7 496 503
255 7 545 552
256 7 240 247
257 7 66 73
258 7 41 48
259 7 86 93
260 7 136 143
261 7 173 180
262 7 170 177
263 7 551 558
264 7 274 281
265 7 340 347
266 7 614 621
267 7 518 525
268 7 261 268
269 7 376 383
270 7 346 353
271 7 348 355
272 7 116 123
273 7 298 305
274 7 618 625
275 7 500 507
276 7 593 600
277 7 564 571
278 7 106 113
279 7 328 335
280 8 40 48
281 8 416 424
282 8 74 82
283 8 389 397
284 8 150 158
285 8 128 136
286 8 349 357
287 8 117 125
288 8 601 609
289 8 387 395
290 8 78 86
291 8 584 592
292 8 563 571
293 8 229 237
294 8 579 587
295 8 83 91
296 8 273 281
297 8 373 381
298 8 302 310
299 8 577 585
300 8 547 555
301 8 468 476
302 8 283 291
303 8 110 118
304 8 46 54
305 8 12 20
306 8 14 22
307 8 93 101
308 8 423 431
309 8 192 200
310 8 245 253
311 8 600 608
312 8 431 439
313 8 165 173
314 8 118 126
315 8 461 469
316 8 171 179
317 8 247 255
318 8 162 170
319 8 105 113
320 9 445 454
321 9 387 396
322 9 555 564
323 9 301 310
324 9 563 572
325 9 259 268
326 9 488 497
327 9 322 331
328 9 102 111
329 9 212 221
330 9 325 334
331 9 40 49
332 9 27 36
333 9 10 19
334 9 302 311
335 9 610 619
336 9 327 336
337 9 460 469
338 9 400 409
339 9 320 329
340 9 408 417
341 9 64 73
342 9 65 74
343 9 324 333
344 9 615 624
345 9 466 475
346 9 114 123
347 9 256 265
348 9 220 229
349 9 480 489
350 9 364 373
351 9 265 274
352 9 187 196
353 9 554 563
354 9 314 323
355 9 203 212
356 9 252 261
357 9 369 378
358 9 83 92
359 9 287 296
360 10 91 101
361 10 458 468
362 10 92 102
363 10 588 598
364 10 347 357
365 10 232 242
366 10 399 409
367 10 314 324
368 10 42 52
369 10 335 345
370 10 191 201
371 10 324 334
372 10 592 602
373 10 310 320
374 10 251 261
375 10 342 352
376 10 103 113
377 10 557 567
378 10 610 620
379 10 94 104
380 10 250 260
381 10 225 235
382 10 20 30
383 10 249 259
384 10 411 421
385 10 74 84
386 10 274 284
387 10 564 574
388 10 72 82
389 10 76 86
390 10 22 32
391 10 10 20
392 10 297 307
393 10 367 377
394 10 505 515
395 10 480 490
396 10 157 167
397 10 513 523
398 10 78 88
399 10 521 531
400 11 177 188
401 11 183 194
402 11 153 164
403 11 144 155
404 11 327 338
405 11 312 323
406 11 109 120
407 11 526 537
408 11 616 627
409 11 300 311
410 11 129 140
411 11 211 222
412 11 145 156
413 11 558 569
414 11 32 43
415 11 323 334
416 11 566 577
417 11 210 221
418 11 182 193
419 11 306 317
420 11 443 454
421 11 550 561
422 11 161 172
423 11 49 60
424 11 253 264
425 11 258 269
426 11 65 76
427 11 457 468
428 11 440 451
429 11 562 573
430 11 256 267
431 11 554 565
432 11 449 460
433 11 464 475
434 11 11 22
435 11 405 416
436 11 346 357
437 11 175 186
438 11 264 275
439 11 497 508
440 12 24 36
441 12 426 438
442 12 584 596
443 12 19 31
444 12 63 75
445 12 363 375
446 12 593 605
447 12 141 153
448 12 607 619
449 12 128 140
450 12 265 277
451 12 283 295
452 12 407 419
453 12 577 589
454 12 410 422
455 12 176 188
456 12 91 103
457 12 239 251
458 12 497 509
459 12 7 19
460 12 181 193
461 12 541 553
462 12 324 336
463 12 512 524
464 12 448 460
465 12 231 243
466 12 244 256
467 12 320 332
468 12 506 518
469 12 490 502
470 12 230 242
471 12 422 434
472 12 345 357
473 12 573 585
474 12 281 293
475 12 224 236
476 12 49 61
477 12 73 85
478 12 523 535
479 12 377 389
480 13 163 176
481 13 523 536
482 13 208 221
483 13 319 332
484 13 305 318
485 13 306 319
486 13 565 578
487 13 380 393
488 13 169 182
489 13 475 488
490 13 608 621
491 13 87 100
492 13 126 139
493 13 620 633
494 13 526 539
495 13 584 597
496 13 386 399
497 13 180 193
498 13 159 172
499 13 256 269
500 13 436 449
501 13 222 235
502 13 583 596
503 13 53 66
504 13 506 519
505 13 403 416
506 13 356 369
507 13 393 406
508 13 527 540
509 13 168 181
510 13 557 570
511 13 41 54
512 13 536 549
513 13 92 105
514 13 261 274
515 13 103 116
516 13 273 286
517 13 85 98
518 13 142 155
519 13 83 96
520 14 455 469
521 14 246 260
522 14 391 405
523 14 443 457
524 14 406 420
525 14 168 182
526 14 333 347
527 14 448 462
528 14 129 143
529 14 499 513
530 14 217 231
531 14 122 136
532 14 441 455
533 14 615 629
534 14 546 560
535 14 418 432
536 14 120 134
537 14 302 316
538 14 284 298
539 14 254 268
540 14 387 401
541 14 572 586
542 14 4 18
543 14 194 208
544 14 541 555
545 14 449 463
546 14 592 606
547 14 21 35
548 14 31 45
549 14 620 634
550 14 248 262
551 14 266 280
552 14 211 225
553 14 177 191
554 14 291 305
555 14 151 165
556 14 555 569
557 14 205 219
558 14 279 293
559 14 318 332
560 15 599 614
561 15 256 271
562 15 457 472
563 15 172 187
564 15 558 573
565 15 365 380
566 15 502 517
567 15 430 445
568 15 124 139
569 15 213 228
570 15 584 599
571 15 392 407
572 15 209 224
573 15 290 305
574 15 110 125
575 15 24 39
576 15 120 135
577 15 582 597
578 15 13 28
579 15 303 318
580 15 139 154
581 15 76 91
582 15 512 527
583 15 382 397
584 15 586 601
585 15 318 333
586 15 447 462
587 15 515 530
588 15 541 556
589 15 331 346
590 15 0 15
591 15 126 141
592 15 452 467
593 15 460 475
594 15 358 373
595 15 312 327
596 15 552 567
597 15 408 423
598 15 347 362
599 15 585 600
600 16 504 520
601 16 115 131
602 16 386 402
603 16 391 407
604 16 208 224
605 16 570 586
606 16 3 19
607 16 284 300
608 16 612 628
609 16 523 539
610 16 203 219
611 16 472 488
612 16 615 631
613 16 529 545
614 16 418 434
615 16 312 328
616 16 174 190
617 16 460 476
618 16 543 559
619 16 202 218
620 16 368 384
621 16 538 554
622 16 398 414
623 16 593 609
624 16 436 452
625 16 414 430
626 16 344 360
627 16 598 614
628 16 69 85
629 16 253 269
630 16 297 313
631 16 21 37
632 16 416 432
633 16 159 175
634 16 406 422
635 16 276 292
636 16 182 198
637 16 75 91
638 16 10 26
639 16 357 373
640 17 270 287
641 17 421 438
642 17 557 574
643 17 310 327
644 17 155 172
645 17 473 490
646 17 265 282
647 17 496 513
648 17 173 190
649 17 478 495
650 17 522 539
651 17 46 63
652 17 277 294
653 17 100 117
654 17 604 621
655 17 432 449
656 17 71 88
657 17 363 380
658 17 68 85
659 17 453 470
660 17 20 37
661 17 168 185
662 17 519 536
663 17 165 182
664 17 95 112
665 17 411 428
666 17 282 299
667 17 311 328
668 17 213 230
669 17 540 557
670 17 212 229
671 17 242 259
672 17 341 358
673 17 275 292
674 17 70 87
675 17 76 93
676 17 535 552
677 17 377 394
678 17 479 496
679 17 523 540
680 18 571 589
681 18 50 68
682 18 172 190
683 18 304 322
684 18 569 587
685 18 276 294
686 18 364 382
687 18 237 255
688 18 401 419
689 18 574 592
690 18 409 427
691 18 176 194
692 18 495 513
693 18 265 283
694 18 337 355
695 18 227 245
696 18 264 282
697 18 250 268
698 18 31 49
699 18 412 430
700 18 324 342
701 18 442 460
702 18 254 272
703 18 275 293
704 18 194 212
705 18 74 92
706 18 169 187
707 18 593 611
708 18 454 472
709 18 595 613
710 18 151 169
711 18 268 286
712 18 470 488
713 18 539 557
714 18 166 184
715 18 141 159
716 18 451 469
717 18 369 387
718 18 317 335
719 18 410 428
720 19 246 265
721 19 118 137
722 19 211 230
723 19 312 331
724 19 69 88
725 19 108 127
726 19 233 252
727 19 406 425
728 19 329 348
729 19 504 523
730 19 102 121
731 19 191 210
732 19 46 65
733 19 56 75
734 19 611 630
735 19 23 42
736 19 221 240
737 19 35 54
738 19 506 525
739 19 541 560
740 19 452 471
741 19 350 369
742 19 281 300
743 19 120 139
744 19 176 195
745 19 97 116
746 19 227 246
747 19 409 428
748 19 238 257
749 19 460 479
750 19 386 405
751 19 172 191
752 19 237 256
753 19 241 260
754 19 290 309
755 19 473 492
756 19 560 579
757 19 593 612
758 19 398 417
759 19 216 235
760 20 462 482
761 20 264 284
762 20 338 358
763 20 508 528
764 20 607 627
765 20 113 133
766 20 218 238
767 20 80 100
768 20 47 67
769 20 15 35
770 20 5 25
771 20 491 511
772 20 327 347
773 20 392 412
774 20 594 614
775 20 294 314
776 20 200 220
777 20 409 429
778 20 163 183
779 20 155 175
780 20 31 51
781 20 396 416
782 20 148 168
783 20 555 575
784 20 58 78
785 20 578 598
786 20 388 408
787 20 260 280
788 20 133 153
789 20 81 101
790 20 473 493
791 20 310 330
792 20 14 34
793 20 36 56
794 20 549 569
795 20 62 82
796 20 537 557
797 20 132 152
798 20 43 63
799 20 280 300
800 21 120 141
801 21 442 463
802 21 93 114
803 21 194 215
804 21 28 49
805 21 511 532
806 21 133 154
807 21 285 306
808 21 196 217
809 21 458 479
810 21 399 420
811 21 337 358
812 21 274 295
813 21 266 287
814 21 248 269
815 21 251 272
816 21 61 82
817 21 602 623
818 21 604 625
819 21 179 200
820 21 358 379
821 21 438 459
822 21 573 594
823 21 534 555
824 21 62 83
825 21 361 382
826 21 560 581
827 21 422 443
828 21 551 572
829 21 204 225
830 21 549 570
831 21 434 455
832 21 71 92
833 21 273 294
834 21 74 95
835 21 257 278
836 21 181 202
837 21 98 119
838 21 154 175
839 21 60 81
840 22 208 230
841 22 438 460
842 22 45 67
843 22 54 76
844 22 93 115
845 22 525 547
846 22 480 502
847 22 513 535
848 22 379 401
849 22 101 123
850 22 320 342
851 22 41 63
852 22 129 151
853 22 544 566
854 22 33 55
855 22 453 475
856 22 131 153
857 22 404 426
858 22 456 478
859 22 25 47
860 22 537 559
861 22 276 298
862 22 92 114
863 22 256 278
864 22 333 355
865 22 87 109
866 22 309 331
867 22 35 57
868 22 393 415
869 22 59 81
870 22 267 289
871 22 133 155
872 22 266 288
873 22 389 411
874 22 119 141
875 22 311 333
876 22 96 118
877 22 435 457
878 22 251 273
879 22 514 536
880 23 570 593
881 23 210 233
882 23 338 361
883 23 346 369
884 23 521 544
885 23 400 423
886 23 598 621
887 23 492 515
888 23 107 130
889 23 132 155
890 23 459 482
891 23 536 559
892 23 572 595
893 23 595 618
894 23 532 555
895 23 548 571
896 23 30 53
897 23 298 321
898 23 160 183
899 23 204 227
900 23 379 402
901 23 398 421
902 23 533 556
903 23 332 355
904 23 99 122
905 23 419 442
906 23 353 376
907 23 129 152
908 23 588 611
909 23 66 89
910 23 44 67
911 23 307 330
912 23 546 569
913 23 321 344
914 23 427 450
915 23 305 328
916 23 326 349
917 23 361 384
918 23 279 302
919 23 333 356
920 24 532 556
921 24 513 537
922 24 8 32
923 24 538 562
924 24 124 148
925 24 152 176
926 24 324 348
927 24 333 357
928 24 335 359
929 24 586 610
930 24 70 94
931 24 462 486
932 24 286 310
933 24 491 515
934 24 465 489
935 24 372 396
936 24 389 413
937 24 80 104
938 24 592 616
939 24 57 81
940 24 137 161
941 24 49 73
942 24 536 560
943 24 503 527
944 24 589 613
945 24 257 281
946 24 251 275
947 24 587 611
948 24 346 370
949 24 370 394
950 24 379 403
951 24 412 436
952 24 314 338
953 24 475 499
954 24 348 372
955 24 544 568
956 24 519 543
957 24 171 195
958 24 29 53
959 24 151 175
960 25 256 281
961 25 226 251
962 25 576 601
963 25 136 161
964 25 115 140
965 25 189 214
966 25 420 445
967 25 51 76
968 25 101 126
969 25 558 583
970 25 272 297
971 25 109 134
972 25 209 234
973 25 267 292
974 25 68 93
975 25 584 609
976 25 539 564
977 25 80 105
978 25 74 99
979 25 222 247
980 25 177 202
981 25 523 548
982 25 442 467
983 25 22 47
984 25 604 629
985 25 376 401
986 25 498 523
987 25 290 315
988 25 225 250
989 25 205 230
990 25 505 530
991 25 240 265
992 25 435 460
993 25 463 488
994 25 375 400
995 25 557 582
996 25 193 218
997 25 493 518
998 25 262 287
999 25 417 442
1000 26 206 232
1001 26 8 34
1002 26 544 570
1003 26 389 415
1004 26 526 552
1005 26 498 524
1006 26 78 104
1007 26 413 439
1008 26 522 548
1009 26 592 618
1010 26 598 624
1011 26 435 461
1012 26 41 67
1013 26 360 386
1014 26 469 495
1015 26 6 32
1016 26 194 220
1017 26 306 332
1018 26 5 31
1019 26 553 579
1020 26 122 148
1021 26 309 335
1022 26 524 550
1023 26 323 349
1024 26 556 582
1025 26 585 611
1026 26 564 590
1027 26 289 315
1028 26 538 564
1029 26 421 447
1030 26 555 581
1031 26 530 556
1032 26 418 444
1033 26 595 621
1034 26 315 341
1035 26 463 489
1036 26 134 160
1037 26 518 544
1038 26 454 480
1039 26 600 626
1040 27 143 170
1041 27 563 590
1042 27 166 193
1043 27 258 285
1044 27 9 36
1045 27 434 461
1046 27 579 606
1047 27 37 64
1048 27 377 404
1049 27 430 457
1050 27 411 438
1051 27 288 315
1052 27 18 45
1053 27 92 119
1054 27 4 31
1055 27 392 419
1056 27 275 302
1057 27 475 502
1058 27 278 305
1059 27 381 408
1060 27 492 519
1061 27 344 371
1062 27 397 424
1063 27 467 494
1064 27 119 146
1065 27 495 522
1066 27 363 390
1067 27 148 175
1068 27 425 452
1069 27 151 178
1070 27 176 203
1071 27 266 293
1072 27 376 403
1073 27 130 157
1074 27 603 630
1075 27 294 321
1076 27 422 449
1077 27 264 291
1078 27 526 553
1079 27 280 307
1080 28 443 471
1081 28 343 371
1082 28 497 525
1083 28 220 248
1084 28 503 531
1085 28 411 439
1086 28 435 463
1087 28 93 121
1088 28 65 93
1089 28 132 160
1090 28 211 239
1091 28 153 181
1092 28 234 262
1093 28 26 54
1094 28 105 133
1095 28 259 287
1096 28 159 187
1097 28 491 519
1098 28 101 129
1099 28 408 436
1100 28 191 219
1101 28 3 31
1102 28 91 119
1103 28 437 465
1104 28 52 80
1105 28 562 590
1106 28 223 251
1107 28 547 575
1108 28 432 460
1109 28 355 383
1110 28 48 76
1111 28 566 594
1112 28 429 457
1113 28 121 149
1114 28 271 299
1115 28 285 313
1116 28 183 211
1117 28 219 247
1118 28 89 117
1119 28 399 427
1120 29 126 155
1121 29 458 487
1122 29 301 330
1123 29 520 549
1124 29 509 538
1125 29 402 431
1126 29 118 147
1127 29 490 519
1128 29 108 137
1129 29 152 181
1130 29 395 424
1131 29 206 235
1132 29 171 200
1133 29 533 562
1134 29 263 292
1135 29 426 455
1136 29 549 578
1137 29 295 324
1138 29 504 533
1139 29 557 586
1140 29 219 248
1141 29 345 374
1142 29 497 526
1143 29 105 134
1144 29 8 37
1145 29 355 384
1146 29 273 302
1147 29 57 86
1148 29 553 582
1149 29 450 479
1150 29 307 336
1151 29 103 132
1152 29 234 263
1153 29 281 310
1154 29 276 305
1155 29 252 281
1156 29 421 450
1157 29 151 180
1158 29 133 162
1159 29 262 291
1160 30 199 229
1161 30 417 447
1162 30 574 604
1163 30 59 89
1164 30 545 575
1165 30 521 551
1166 30 152 182
1167 30 423 453
1168 30 276 306
1169 30 286 316
1170 30 491 521
1171 30 313 343
1172 30 273 303
1173 30 503 533
1174 30 219 249
1175 30 510 540
1176 30 376 406
1177 30 481 511
1178 30 247 277
1179 30 346 376
1180 30 180 210
1181 30 185 215
1182 30 594 624
1183 30 461 491
1184 30 547 577
1185 30 153 183
1186 30 516 546
1187 30 333 363
1188 30 541 571
1189 30 138 168
1190 30 218 248
1191 30 322 352
1192 30 505 535
1193 30 337 367
1194 30 121 151
1195 30 130 160
1196 30 143 173
1197 30 262 292
1198 30 230 260
1199 30 90 120
1200 31 551 582
1201 31 51 82
1202 31 576 607
1203 31 176 207
1204 31 118 149
1205 31 231 262
1206 31 204 235
1207 31 515 546
1208 31 581 612
1209 31 315 346
1210 31 432 463
1211 31 335 366
1212 31 4 35
1213 31 20 51
1214 31 312 343
1215 31 225 256
1216 31 86 117
1217 31 229 260
1218 31 286 317
1219 31 349 380
1220 31 275 306
1221 31 530 561
1222 31 388 419
1223 31 23 54
1224 31 124 155
1225 31 337 368
1226 31 355 386
1227 31 142 173
1228 31 116 147
1229 31 256 287
1230 31 146 177
1231 31 587 618
1232 31 42 73
1233 31 79 110
1234 31 94 125
1235 31 105 136
1236 31 307 338
1237 31 324 355
1238 31 254 285
1239 31 542 573
1240 32 50 82
1241 32 370 402
1242 32 31 63
1243 32 80 112
1244 32 142 174
1245 32 408 440
1246 32 380 412
1247 32 247 279
1248 32 96 128
1249 32 336 368
1250 32 280 312
1251 32 8 40
1252 32 527 559
1253 32 329 361
1254 32 114 146
1255 32 360 392
1256 32 128 160
1257 32 277 309
1258 32 414 446
1259 32 93 125
1260 32 590 622
1261 32 540 572
1262 32 486 518
1263 32 577 609
1264 32 428 460
1265 32 548 580
1266 32 403 435
1267 32 308 340
1268 32 224 256
1269 32 309 341
1270 32 562 594
1271 32 136 168
1272 32 55 87
1273 32 520 552
1274 32 112 144
1275 32 179 211
1276 32 246 278
1277 32 220 252
1278 32 445 477
1279 32 281 313
1280 33 559 592
1281 33 20 53
1282 33 256 289
1283 33 551 584
1284 33 277 310
1285 33 542 575
1286 33 268 301
1287 33 484 517
1288 33 129 162
1289 33 412 445
1290 33 106 139
1291 33 382 415
1292 33 70 103
1293 33 557 590
1294 33 371 404
1295 33 568 601
1296 33 519 552
1297 33 594 627
1298 33 31 64
1299 33 315 348
1300 33 456 489
1301 33 135 168
1302 33 159 192
1303 33 76 109
1304 33 593 626
1305 33 145 178
1306 33 221 254
1307 33 495 528
1308 33 343 376
1309 33 373 406
1310 33 299 332
1311 33 163 196
1312 33 390 423
1313 33 450 483
1314 33 415 448
1315 33 120 153
1316 33 148 181
1317 33 276 309
1318 33 302 335
1319 33 8 41
1320 34 550 584
1321 34 9 43
1322 34 135 169
1323 34 388 422
1324 34 575 609
1325 34 103 137
1326 34 470 504
1327 34 31 65
1328 34 442 476
1329 34 432 466
1330 34 282 316
1331 34 379 413
1332 34 418 452
1333 34 415 449
1334 34 473 507
1335 34 54 88
1336 34 101 135
1337 34 482 516
1338 34 38 72
1339 34 0 34
1340 34 43 77
1341 34 113 147
1342 34 142 176
1343 34 543 577
1344 34 520 554
1345 34 364 398
1346 34 564 598
1347 34 277 311
1348 34 581 615
1349 34 485 519
1350 34 251 285
1351 34 245 279
1352 34 108 142
1353 34 366 400
1354 34 162 196
1355 34 119 153
1356 34 41 75
1357 34 321 355
1358 34 354 388
1359 34 259 293
1360 35 57 92
1361 35 445 480
1362 35 424 459
1363 35 385 420
1364 35 367 402
1365 35 300 335
1366 35 349 384
1367 35 451 486
1368 35 243 278
1369 35 531 566
1370 35 147 182
1371 35 116 151
1372 35 525 560
1373 35 176 211
1374 35 556 591
1375 35 499 534
1376 35 124 159
1377 35 596 631
1378 35 22 57
1379 35 491 526
1380 35 214 249
1381 35 392 427
1382 35 178 213
1383 35 406 441
1384 35 233 268
1385 35 102 137
1386 35 254 289
1387 35 343 378
1388 35 336 371
1389 35 251 286
1390 35 472 507
1391 35 482 517
1392 35 378 413
1393 35 504 539
1394 35 198 233
1395 35 442 477
1396 35 408 443
1397 35 555 590
1398 35 123 158
1399 35 585 620
1400 36 499 535
1401 36 272 308
1402 36 128 164
1403 36 153 189
1404 36 12 48
1405 36 385 421
1406 36 424 460
1407 36 111 147
1408 36 26 62
1409 36 76 112
1410 36 187 223
1411 36 469 505
1412 36 386 422
1413 36 514 550
1414 36 295 331
1415 36 159 195
1416 36 157 193
1417 36 537 573
1418 36 108 144
1419 36 260 296
1420 36 19 55
1421 36 475 511
1422 36 406 442
1423 36 233 269
1424 36 550 586
1425 36 400 436
1426 36 5 41
1427 36 557 593
1428 36 255 291
1429 36 433 469
1430 36 162 198
1431 36 183 219
1432 36 350 386
1433 36 244 280
1434 36 77 113
1435 36 549 585
1436 36 571 607
1437 36 164 200
1438 36 179 215
1439 36 384 420
1440 37 22 59
1441 37 525 562
1442 37 222 259
1443 37 437 474
1444 37 241 278
1445 37 41 78
1446 37 528 565
1447 37 194 231
1448 37 516 553
1449 37 549 586
1450 37 79 116
1451 37 253 290
1452 37 407 444
1453 37 476 513
1454 37 121 158
1455 37 580 617
1456 37 49 86
1457 37 396 433
1458 37 91 128
1459 37 573 610
1460 37 96 133
1461 37 490 527
1462 37 46 83
1463 37 530 567
1464 37 244 281
1465 37 12 49
1466 37 21 58
1467 37 319 356
1468 37 477 514
1469 37 284 321
1470 37 425 462
1471 37 170 207
1472 37 136 173
1473 37 575 612
1474 37 325 362
1475 37 547 584
1476 37 459 496
1477 37 513 550
1478 37 427 464
1479 37 567 604
1480 38 171 209
1481 38 404 442
1482 38 398 436
1483 38 205 243
1484 38 507 545
1485 38 285 323
1486 38 368 406
1487 38 155 193
1488 38 265 303
1489 38 580 618
1490 38 286 324
1491 38 179 217
1492 38 85 123
1493 38 369 407
1494 38 344 382
1495 38 146 184
1496 38 264 302
1497 38 261 299
1498 38 258 296
1499 38 357 395
1500 38 393 431
1501 38 579 617
1502 38 478 516
1503 38 13 51
1504 38 152 190
1505 38 133 171
1506 38 231 269
1507 38 201 239
1508 38 72 110
1509 38 593 631
1510 38 550 588
1511 38 203 241
1512 38 556 594
1513 38 439 477
1514 38 245 283
1515 38 591 629
1516 38 142 180
1517 38 567 605
1518 38 471 509
1519 38 400 438
1520 39 200 239
1521 39 84 123
1522 39 79 118
1523 39 156 195
1524 39 58 97
1525 39 30 69
1526 39 415 454
1527 39 391 430
1528 39 427 466
1529 39 140 179
1530 39 132 171
1531 39 551 590
1532 39 559 598
1533 39 75 114
1534 39 247 286
1535 39 390 429
1536 39 142 181
1537 39 292 331
1538 39 207 246
1539 39 406 445
1540 39 365 404
1541 39 182 221
1542 39 230 269
1543 39 304 343
1544 39 147 186
1545 39 356 395
1546 39 503 542
1547 39 548 587
1548 39 298 337
1549 39 90 129
1550 39 526 565
1551 39 306 345
1552 39 213 252
1553 39 474 513
1554 39 22 61
1555 39 297 336
1556 39 105 144
1557 39 381 420
1558 39 454 493
1559 39 261 300
1560 40 59 99
1561 40 53 93
1562 40 323 363
1563 40 163 203
1564 40 135 175
1565 40 105 145
1566 40 115 155
1567 40 445 485
1568 40 251 291
1569 40 212 252
1570 40 516 556
1571 40 519 559
1572 40 406 446
1573 40 124 164
1574 40 217 257
1575 40 393 433
1576 40 529 569
1577 40 137 177
1578 40 592 632
1579 40 260 300
1580 40 3 43
1581 40 123 163
1582 40 206 246
1583 40 576 616
1584 40 387 427
1585 40 493 533
1586 40 558 598
1587 40 236 276
1588 40 274 314
1589 40 38 78
1590 40 171 211
1591 40 567 607
1592 40 514 554
1593 40 238 278
1594 40 420 460
1595 40 280 320
1596 40 431 471
1597 40 408 448
1598 40 278 318
1599 40 505 545
1600 41 100 141
1601 41 132 173
1602 41 191 232
1603 41 572 613
1604 41 16 57
1605 41 464 505
1606 41 45 86
1607 41 500 541
1608 41 219 260
1609 41 403 444
1610 41 551 592
1611 41 344 385
1612 41 249 290
1613 41 96 137
1614 41 78 119
1615 41 43 84
1616 41 432 473
1617 41 452 493
1618 41 193 234
1619 41 177 218
1620 41 514 555
1621 41 194 235
1622 41 521 562
1623 41 394 435
1624 41 534 575
1625 41 369 410
1626 41 201 242
1627 41 238 279
1628 41 368 409
1629 41 66 107
1630 41 349 390
1631 41 53 94
1632 41 469 510
1633 41 181 222
1634 41 151 192
1635 41 292 333
1636 41 480 521
1637 41 44 85
1638 41 513 554
1639 41 579 620
1640 42 405 447
1641 42 94 136
1642 42 409 451
1643 42 524 566
1644 42 586 628
1645 42 308 350
1646 42 403 445
1647 42 274 316
1648 42 360 402
1649 42 481 523
1650 42 50 92
1651 42 565 607
1652 42 488 530
1653 42 17 59
1654 42 437 479
1655 42 311 353
1656 42 324 366
1657 42 152 194
1658 42 569 611
1659 42 284 326
1660 42 67 109
1661 42 369 411
1662 42 425 467
1663 42 400 442
1664 42 532 574
1665 42 24 66
1666 42 589 631
1667 42 116 158
1668 42 37 79
1669 42 587 629
1670 42 542 584
1671 42 14 56
1672 42 103 145
1673 42 340 382
1674 42 344 386
1675 42 377 419
1676 42 564 606
1677 42 35 77
1678 42 379 421
1679 42 75 117
1680 43 496 539
1681 43 85 128
1682 43 552 595
1683 43 456 499
1684 43 342 385
1685 43 512 555
1686 43 557 600
1687 43 3 46
1688 43 164 207
1689 43 332 375
1690 43 369 412
1691 43 219 262
1692 43 149 192
1693 43 151 194
1694 43 110 153
1695 43 413 456
1696 43 324 367
1697 43 520 563
1698 43 430 473
1699 43 368 411
1700 43 349 392
1701 43 266 309
1702 43 377 420
1703 43 38 81
1704 43 64 107
1705 43 252 295
1706 43 271 314
1707 43 406 449
1708 43 563 606
1709 43 290 333
1710 43 587 630
1711 43 76 119
1712 43 174 217
1713 43 273 316
1714 43 423 466
1715 43 129 172
1716 43 289 332
1717 43 564 607
1718 43 269 312
1719 43 240 283
1720 44 215 259
1721 44 101 145
1722 44 283 327
1723 44 491 535
1724 44 48 92
1725 44 524 568
1726 44 308 352
1727 44 208 252
1728 44 556 600
1729 44 76 120
1730 44 563 607
1731 44 323 367
1732 44 347 391
1733 44 303 347
1734 44 528 572
1735 44 136 180
1736 44 36 80
1737 44 452 496
1738 44 372 416
1739 44 38 82
1740 44 29 73
1741 44 427 471
1742 44 167 211
1743 44 570 614
1744 44 41 85
1745 44 538 582
1746 44 434 478
1747 44 188 232
1748 44 202 246
1749 44 238 282
1750 44 117 161
1751 44 133 177
1752 44 518 562
1753 44 125 169
1754 44 272 316
1755 44 469 513
1756 44 201 245
1757 44 56 100
1758 44 369 413
1759 44 467 511
1760 45 342 387
1761 45 363 408
1762 45 225 270
1763 45 9 54
1764 45 14 59
1765 45 500 545
1766 45 33 78
1767 45 168 213
1768 45 259 304
1769 45 565 610
1770 45 40 85
1771 45 235 280
1772 45 86 131
1773 45 536 581
1774 45 177 222
1775 45 35 80
1776 45 540 585
1777 45 205 250
1778 45 214 259
1779 45 453 498
1780 45 295 340
1781 45 248 293
1782 45 502 547
1783 45 518 563
1784 45 380 425
1785 45 332 377
1786 45 401 446
1787 45 75 120
1788 45 199 244
1789 45 185 230
1790 45 192 237
1791 45 304 349
1792 45 436 481
1793 45 485 530
1794 45 372 417
1795 45 23 68
1796 45 499 544
1797 45 21 66
1798 45 107 152
1799 45 442 487
1800 46 351 397
1801 46 347 393
1802 46 75 121
1803 46 430 476
1804 46 199 245
1805 46 526 572
1806 46 506 552
1807 46 577 623
1808 46 563 609
1809 46 513 559
1810 46 489 535
1811 46 460 506
1812 46 482 528
1813 46 169 215
1814 46 274 320
1815 46 537 583
1816 46 308 354
1817 46 576 622
1818 46 405 451
1819 46 552 598
1820 46 265 311
1821 46 261 307
1822 46 317 363
1823 46 15 61
1824 46 46 92
1825 46 468 514
1826 46 364 410
1827 46 237 283
1828 46 520 566
1829 46 454 500
1830 46 214 260
1831 46 487 533
1832 46 343 389
1833 46 148 194
1834 46 393 439
1835 46 447 493
1836 46 55 101
1837 46 113 159
1838 46 8 54
1839 46 554 600
1840 47 55 102
1841 47 313 360
1842 47 387 434
1843 47 15 62
1844 47 332 379
1845 47 346 393
1846 47 316 363
1847 47 50 97
1848 47 213 260
1849 47 83 130
1850 47 336 383
1851 47 122 169
1852 47 67 114
1853 47 131 178
1854 47 301 348
1855 47 419 466
1856 47 348 395
1857 47 238 285
1858 47 27 74
1859 47 187 234
1860 47 516 563
1861 47 587 634
1862 47 374 421
1863 47 309 356
1864 47 300 347
1865 47 430 477
1866 47 539 586
1867 47 472 519
1868 47 75 122
1869 47 203 250
1870 47 417 464
1871 47 237 284
1872 47 43 90
1873 47 246 293
1874 47 229 276
1875 47 249 296
1876 47 404 451
1877 47 388 435
1878 47 215 262
1879 47 155 202
1880 48 306 354
1881 48 368 416
1882 48 1 49
1883 48 314 362
1884 48 454 502
1885 48 509 557
1886 48 174 222
1887 48 149 197
1888 48 31 79
1889 48 379 427
1890 48 447 495
1891 48 567 615
1892 48 350 398
1893 48 525 573
1894 48 501 549
1895 48 325 373
1896 48 114 162
1897 48 299 347
1898 48 561 609
1899 48 282 330
1900 48 439 487
1901 48 11 59
1902 48 318 366
1903 48 88 136
1904 48 503 551
1905 48 117 165
1906 48 513 561
1907 48 225 273
1908 48 271 319
1909 48 381 429
1910 48 236 284
1911 48 55 103
1912 48 104 152
1913 48 527 575
1914 48 526 574
1915 48 523 571
1916 48 166 214
1917 48 132 180
1918 48 49 97
1919 48 69 117
1920 49 223 272
1921 49 3 52
1922 49 63 112
1923 49 433 482
1924 49 21 70
1925 49 67 116
1926 49 56 105
1927 49 9 58
1928 49 35 84
1929 49 550 599
1930 49 347 396
1931 49 340 389
1932 49 19 68
1933 49 572 621
1934 49 216 265
1935 49 480 529
1936 49 204 253
1937 49 272 321
1938 49 302 351
1939 49 563 612
1940 49 534 583
1941 49 257 306
1942 49 239 288
1943 49 187 236
1944 49 215 264
1945 49 400 449
1946 49 61 110
1947 49 244 293
1948 49 568 617
1949 49 463 512
1950 49 36 85
1951 49 339 388
1952 49 334 383
1953 49 416 465
1954 49 122 171
1955 49 16 65
1956 49 576 625
1957 49 189 238
1958 49 517 566
1959 49 95 144
1960 50 189 239
1961 50 223 273
1962 50 230 280
1963 50 180 230
1964 50 311 361
1965 50 100 150
1966 50 60 110
1967 50 321 371
1968 50 149 199
1969 50 64 114
1970 50 453 503
1971 50 153 203
1972 50 236 286
1973 50 44 94
1974 50 293 343
1975 50 352 402
1976 50 59 109
1977 50 91 141
1978 50 205 255
1979 50 233 283
1980 50 122 172
1981 50 58 108
1982 50 207 257
1983 50 55 105
1984 50 118 168
1985 50 89 139
1986 50 225 275
1987 50 292 342
1988 50 258 308
1989 50 539 589
1990 50 432 482
1991 50 254 304
1992 50 33 83
1993 50 257 307
1994 50 199 249
1995 50 333 383
1996 50 358 408
1997 50 365 415
1998 50 465 515
1999 50 391 441
