0 1.3037644393490502 0.01704435792086972
1 1.01039618123811 0.07945149210769702
2 0.9096789387911414 0.011271796657268235
3 1.211208893584215 0.018666995886538133
4 1.7061867490452378 0.10483672510504306
5 1.9046324885345152 0.08134393024570359
6 0.8430204195500839 0.04896459116215857
7 1.1238926099996274 0.060116270740358725
8 2.0137588307943792 0.07087710582973547
9 1.0020578305171102 0.08256425595128195
10 1.199742325813477 0.054569996535173186
11 0.8109885681381126 0.06216490279471181
12 1.7659599404594315 0.006775224005652116
13 1.4697477962433791 0.028710998781529072
14 1.7877255273912345 0.011064464929470965
15 1.1280630340677877 0.013118587368536796
16 1.930076902592693 0.058078149486713124
17 1.5650537678048864 0.011384844008878866
18 1.5659804529781547 0.0566781096638488
19 1.3969309813176598 0.06489121631330311
20 0.7042110408241731 0.03069586351019697
21 1.229583780604241 0.09516238329162034
22 2.065093425879954 0.07792007593015486
23 1.009592030368478 0.010102038118005498
24 2.518832830962682 0.01793485468950774
25 2.6825243801188177 0.053193079354519224
26 0.6472967245279401 0.05520921329302922
27 0.9947515721096637 0.02267646213645328
28 1.9407100591794215 0.10013506990984453
29 1.9532109707728318 0.08119729084703892
30 1.1866638358698511 0.027680857502536974
31 1.1214969431983983 0.08372936123796569
32 1.373131391002049 0.0748220891177392
33 1.5094631902226026 0.026109684801970713
34 0.9798772251093958 0.013962639582188133
35 1.8681000544809319 0.05403008223515955
36 1.52082961606152 0.06920626809341043
37 1.3124506152939033 0.015928121300047445
38 0.6960305665212172 0.027491841568240756
39 0.7633040507268769 0.07084676898091657
40 0.9590354711208405 0.1275351119771123
41 3.4339431518706585 0.10903115032748072
42 2.0496668687200303 0.0324817767419659
43 1.243527670810758 0.035997847036757694
44 0.8715607141068878 0.1138611818316143
45 1.7830276548185338 0.02413727812968914
46 2.4173681925200117 0.09875054962279238
47 2.2429160861210087 0.14425557439222408
48 1.4902773416931396 0.01705082451981586
49 1.4919457522021682 0.03726906982788194
50 0.6138217434850199 0.1163691171164689
51 1.4055529156974274 0.03366142442807069
52 1.7309219961942386 0.01023699672089853
53 0.9169342614799033 0.13366519438743868
54 2.01612731828133 0.0786404081688582
55 1.2297378240112165 0.025594566743493457
56 1.1120786493276458 0.05673509387483303
57 2.1948980248199312 0.058896338094433155
58 1.8177795394234506 0.0069374839061349825
59 2.198840933142684 0.03819226665317119
60 1.9009153023000007 0.040184688289632814
61 1.624058797477108 0.04847743459631461
62 0.8676537959929771 0.02045159579649666
63 1.4242861834784208 0.047579246494678484
64 1.6096169814643093 0.003344204485451156
65 1.1623075967379095 0.08186102982049938
66 1.9641347115157102 0.06216951388800035
67 1.6681090876718565 0.026643579064864545
68 1.7138389885133192 0.04435204346078929
69 2.880457803057127 0.06663370747374632
70 1.5291068000664616 0.025042269045053255
71 2.2485399606430825 0.052342132813189245
72 0.8218019216977711 0.11799390506953804
73 2.1936535328083995 0.03783951079064662
74 1.6013359988726528 0.07695815500275369
75 1.4193032094080456 0.009839955504403173
76 1.489025445491628 0.06053953206915552
77 1.4175983951117919 0.01893749258545968
78 0.9136156898901711 0.07578317346405393
79 0.8334112277013633 0.0516840624972991
80 2.5374139547164996 0.09636373789805568
81 1.3041393659336156 0.02357704185465855
82 1.180871162239481 0.047431788859868644
83 1.4719772979495518 0.04848959996241045
84 1.2623402590934816 0.012778114263294952
85 1.5986734480316873 0.02691899478171298
86 0.9868522238285443 0.02810847367207619
87 2.0013518042659233 0.07905920456550712
88 1.5227934247255743 0.051411762834525025
89 1.0226008236125983 0.05179821741083821
90 0.887581997628815 0.02274482310484567
91 1.3850652098034975 0.025001047289032463
92 1.1398765573426657 0.01004349062066051
93 1.8563657554359472 0.028567522315834336
94 0.6075361568465119 0.018494794034291464
95 1.4671878670299496 0.08562001109188783
96 0.7198408767750518 0.029574784561381167
97 0.6071475132843779 0.06947084302026149
98 1.4903760337185097 0.05489073001821148
99 0.6769994892544217 0.061638845816266635
100 1.0252855732824087 0.05659836479344252
101 1.4095074753829127 0.04279898643049199
102 1.320604626960963 0.015685017445060696
103 1.6467202666585379 0.12136496130763232
104 1.9988857396789488 0.10906276604835675
105 1.9742984998432116 0.04712611148556933
106 1.1592787551534298 0.033052084225963556
107 1.8857524511437211 0.0260066467389275
108 1.7063717610597047 0.03237045066958183
109 1.620289441772322 0.088209123700307
110 1.7196860464570767 0.04871244340187852
111 1.6092629428849776 0.0492388837074232
112 1.2072674401600099 0.04116999713130953
113 1.47950942044332 0.005168253599488037
114 1.0178051836891857 0.05312954211074985
115 2.335860469320375 0.07757581285396425
116 1.3974944309743567 0.022189076109110528
117 0.6540324543311805 0.08008922439431741
118 1.904999607921507 0.01640727045064088
119 1.4920329028349482 0.020161956572029013
120 0.9841868698052482 0.059082233735497355
121 1.0141247282308081 0.02643577267293322
122 1.0545532247905562 0.023715489054860903
123 1.0913639439840954 0.025573894517962766
124 1.5414359701632154 0.03012602606890882
125 2.136012994326064 0.06202229641316489
126 1.089645956473495 0.057485325813812736
127 0.9789100298756883 0.011041948802630267
128 2.121372519430335 0.04932615140682911
129 1.6279505029747023 0.040215138567936445
130 1.1520808585052613 0.07142493757429692
131 0.8629733685350426 0.033351476516323156
132 2.2977151900056914 0.018368829080277503
133 2.302045962214043 0.08061012450096819
134 1.1538863405904207 0.05579065822999976
135 1.0124417157924521 0.027330803543672757
136 1.2202915692191942 0.02939618135643942
137 1.6520916248616204 0.0417853333044738
138 1.4755957863719062 0.03094752657449937
139 1.7223348668234113 0.07260713434407964
140 2.7452519722994464 0.03391851625330872
141 1.3776465856682791 0.022188353372455973
142 1.2822887474026632 0.20987717134103165
143 1.265247405802054 0.032160451270302794
144 1.7427787925360534 0.0265625827741227
145 1.0247664537252534 0.03902942918737976
146 3.3640197469520974 0.09762602728628703
147 1.0143909972903393 0.09061076718383844
148 0.4223266059223078 0.04783579431521741
149 1.7838417315457722 0.06681598663682446
150 1.025401783473193 0.05469316973363793
151 0.9822985829675899 0.039504851189946885
152 1.6456489256016416 0.026161529934003395
153 1.4194038721718176 0.0934921542951232
154 1.15238696684759 0.026132818771881623
155 1.2142954945885522 0.014235355215956771
156 2.0792279861951517 0.10523009243139218
157 1.66209649564086 0.041688366002091644
158 1.2653509792504363 0.014400176942990398
159 0.9375268397694764 0.03086728310888812
160 0.8960511127576103 0.04381682339438521
161 1.6980623285174221 0.053592381291775786
162 0.650507194220488 0.04962833183809153
163 1.209500321741821 0.018834086633471185
164 2.377980282337096 0.06628140105139518
165 0.5466754308322247 0.07484793737599083
166 1.4656546746274686 0.12672833372383085
167 1.3120258273716854 0.06021903310015872
168 0.6754848487082604 0.11577142047255895
169 2.8486701666165075 0.09904268692992017
170 1.9195484430115812 0.03332885179755234
171 1.9019502388290899 0.056353275660225306
172 1.738113064601425 0.01938035748261357
173 1.234281608976765 0.02219440287336219
174 1.8001411046476605 0.04001108457522682
175 3.6685862022326043 0.006857886234927572
176 1.5734044468320485 0.06555824704428917
177 1.2820315445628028 0.025541128929087803
178 0.7773884133580522 0.058777387917553554
179 0.7732440384991488 0.021365836011682522
180 1.6766610717723267 0.02120038941774557
181 2.6015789667307243 0.023599574495358266
182 2.05342012308628 0.04129206848859051
183 1.3179000824619072 0.008435361563981225
184 1.3350546548636497 0.04683696614143852
185 1.7790621631338852 0.05103236341181058
186 1.253189359325715 0.07844718447686258
187 1.2483611460491724 0.023133793684615798
188 2.096947666576141 0.04406898669105023
189 1.5326767223321838 0.06801658741162556
190 2.525956282076728 0.01741392124499938
191 1.8887043418419593 0.04491140107150676
192 0.785815310664583 0.03553112997581747
193 0.7411367245833835 0.050561398570212815
194 1.293787041641324 0.004124657013153188
195 0.9994608645897358 0.013370905848302719
196 1.6005588985828172 0.04105513326383118
197 2.0905549419345406 0.0229183617233351
198 2.720892051196493 0.07425533641526817
199 2.1267731221471506 0.03676527395826101
200 1.3813762550959234 0.06934025089415581
201 1.0429411947084544 0.01569929214104087
202 1.528111726693409 0.09998924635030357
203 1.3054654173493827 0.043779327717555334
204 1.802765462028854 0.09270171494916785
205 2.030594739620793 0.01559050574453129
206 1.2159472249338465 0.01389598205301114
207 2.0782284032811105 0.006122039782285575
208 2.2173686500510685 0.028114651090205087
209 3.595071072763213 0.10859069340534039
210 0.4813585300212823 0.012641734730058479
211 2.178443457604371 0.037547277509113644
212 1.857385199619858 0.0076227472931406845
213 2.651439538157096 0.06401760757243168
214 0.8768129101588253 0.0484439850045345
215 1.261403060490527 0.011789825602393313
216 0.6545887385489585 0.06761819769813489
217 0.8368370569849353 0.038640967745078664
218 1.5732104625220023 0.05401469454480416
219 1.6746481551226755 0.03258659381154328
220 0.8700068880152584 0.021889281449892346
221 1.2602723902135355 0.02695909269132035
222 1.626347643379896 0.022587159299189773
223 5.013481544068929 0.13187385482834693
224 1.01956290943448 0.04370674472611041
225 2.114793163303725 0.007734055869654111
226 2.0830839856833014 0.04541495056120201
227 1.4250872809818376 0.10670237380123689
228 1.161278382901582 0.019874236012334637
229 2.455412004069578 0.09973996198128171
230 1.5450368183564005 0.008078539807518055
231 1.9238693808531275 0.10627084990319233
232 1.7873586456648343 0.01084406407482527
233 1.8371835099355522 0.08148463491472514
234 1.451132620984091 0.015407787870565438
235 1.4471058982105314 0.02663718296101959
236 1.39763357568342 0.03391996318888222
237 0.6737629700358384 0.02020517069589582
238 1.7748407923011635 0.011050515233321236
239 2.7387184443330685 0.019200588885261556
240 1.967824538070487 0.016225523918260362
241 1.2682136672733872 0.029888471560596985
242 1.7399469753855106 0.04556280195607014
243 2.6328837508173377 0.016821054197223143
244 1.8306115756572754 0.07256506737047803
245 1.0530177270423307 0.017753224634264743
246 1.610729332651944 0.008817856390109449
247 2.955315208959178 0.0469128524427254
248 1.0317319346583835 0.05038904363744453
249 0.8542693176914764 0.06974461419100893
250 2.363392246111409 0.11065703587167112
251 1.0175860598163016 0.06989319875875187
252 1.032252997114108 0.06904337841055808
253 2.602816076719944 0.13330616204354703
254 1.202318085951516 0.0705477066259398
255 1.318486675215077 0.15391622868129684
256 2.0351635841317335 0.06667172792897533
257 2.546231125777449 0.04906486164755219
258 1.7935707152329043 0.020777926970223248
259 2.4843071468527382 0.06463159140760963
260 2.2159189823918997 0.053981296335048765
261 0.7954769946997458 0.03390198393732111
262 1.8490513395422175 0.01723530115323436
263 1.2265807644331677 0.04864574313655634
264 1.3200808537098847 0.059132829321759256
265 2.4447285414508433 0.06581800368034074
266 0.9906620528490188 0.005964611359582409
267 1.3921192797151638 0.013715360381047417
268 0.7512477715585466 0.04924510159939733
269 2.420500579760208 0.016861649681368145
270 1.0705684190063516 0.021081283234228615
271 1.033291426631398 0.03134361807561875
272 1.3934558819579057 0.042748145119858326
273 2.4362668060793857 0.11818998746456014
274 0.8889316880304606 0.02528571934256893
275 0.8842116545671025 0.034690979571650564
276 2.5288673875271415 0.047311184637502786
277 0.9315663128610725 0.0416782226483139
278 2.9208362973836968 0.10321355301278307
279 1.2999466637626593 0.0164947736837195
280 2.0712971465230545 0.0219571210570488
281 0.8288700772015982 0.01985454611506418
282 3.6122101751916924 0.02111092285594801
283 1.9164418916024273 0.05045467663126719
284 1.200853023277089 0.03584083048277468
285 3.3656555476257632 0.06256083991996646
286 1.4099344248951622 0.024186472666860234
287 2.002334716112323 0.07514701621090261
288 2.6516850477154708 0.06764837980045325
289 2.3614689787463297 0.08704767306592542
290 2.459263422508507 0.08811471884348873
291 1.9027682344637482 0.01579836092219074
292 1.2040170645681039 0.03756553917973605
293 1.405179148814748 0.03846708314936268
294 2.58867706430493 0.04061517024186451
295 2.3702472114156468 0.0979555511567012
296 1.2935109989077376 0.05878634735183653
297 2.2161156625921996 0.036988607173549556
298 1.2934187524412535 0.1131028217585358
299 2.8198165284423986 0.026871568089252805
300 1.476026999190802 0.09413702230852038
301 0.7845892827695643 0.07079137479039853
302 1.4080037521081548 0.05169654226521655
303 1.6718161759919068 0.10041221659584483
304 1.7450996301147028 0.00941488263963201
305 1.1228046188856073 0.04749838051292676
306 0.9769423724516453 0.02907054499235482
307 0.9138017389709496 0.05896199488996869
308 1.0827636409306982 0.041398193489886104
309 1.713562124200693 0.05535423806584306
310 1.5693842710578079 0.03034200368458453
311 1.4611071818819799 0.011016839407620337
312 1.0360918699323733 0.1556054336498851
313 4.843184497958095 0.08740946624021843
314 1.7675896354585587 0.11646008354141538
315 2.406978443540077 0.024756941946413282
316 1.2670204184275744 0.03688881461174384
317 1.475229286557071 0.059453123478524314
318 2.2447785969223206 0.0722761128765378
319 3.453169692268899 0.09884402922961055
320 2.1098201630538744 0.04318656770957669
321 1.6745416513864606 0.06246245038617878
322 1.4273150348557413 0.028027821480536588
323 1.6523878157846903 0.12649139392266806
324 1.1333991564871593 0.030071124634364895
325 0.9510359370750817 0.030655645242273794
326 1.5420060157930928 0.07462067864046443
327 1.2372003149333488 0.011431726306581564
328 2.075300945249006 0.04365114649781739
329 2.2712186086569166 0.03887426773133715
330 1.340190571789535 0.014742100183347475
331 1.9082701329960239 0.030424094485554477
332 4.7099044948675886 0.037419872651185716
333 0.21924145262054645 0.10511896467391127
334 0.8466655369098688 0.13355966902965596
335 1.3471543883964778 0.003966798355260625
336 1.1922654727321582 0.01102625659752624
337 1.9986449781429703 0.018756664341743005
338 0.8352142762662247 0.0549797493781491
339 1.6034869978323252 0.010383507048558314
340 0.43114641653523833 0.036231245803223
341 2.44658469713482 0.01183348029209818
342 2.5194362740745238 0.035546309671324786
343 1.5344707259441694 0.018307059288180723
344 1.228682185511918 0.01385223830358687
345 0.9428736758921117 0.0744309703879374
346 1.3882754059558788 0.047609324186788864
347 1.6862912592058734 0.00762948946616799
348 1.9135278156131412 0.044698574926699146
349 0.920567073367126 0.06235668258587139
350 1.9397719293750457 0.023692615832772487
351 0.3667987121885001 0.03846051298479098
352 1.369895637245362 0.0566137672085081
353 1.3060434763737392 0.02506151267606142
354 1.1678468862669393 0.0792802708698632
355 1.115117365194265 0.006996056318076398
356 2.222970597702973 0.02561731703581989
357 1.6696752439434313 0.007907733356633194
358 0.8901740998979516 0.11603744314325018
359 1.79634461412821 0.038213586042230324
360 1.0072547924527702 0.04749900755924315
361 2.7553535129718245 0.05577967514340661
362 1.0487920856542676 0.07976702889032126
363 1.132814636622477 0.02262116052179672
364 1.0366196735575437 0.035314768666193326
365 1.3589341688290701 0.0199340609646904
366 0.8257621760470819 0.040229844463692994
367 1.7407379159047365 0.04858869618326558
368 2.247083693414357 0.03389252886390191
369 1.6239289120746299 0.03103210809939384
370 1.6388077227154123 0.026015754510719843
371 1.540344649116998 0.015035102245268989
372 3.1311565018265495 0.05216670036788852
373 1.8008299646163897 0.08602746483655224
374 2.0104582665585933 0.02383655726060305
375 1.7987666000232698 0.02494388542093362
376 1.3942025336265294 0.0524705778157679
377 0.8297731514698626 0.07282894012534404
378 0.8044667377588496 0.00873299149566742
379 1.1398968348550413 0.057931232545876815
380 2.242249045700546 0.03412627452248779
381 1.6031043090499317 0.016796596640919485
382 1.197862768910871 0.012560013935108975
383 1.6822002664234692 0.01067986625020903
384 0.8160382161261064 0.013715311638220342
385 5.043598323193347 0.04574944845348051
386 1.7170810763567903 0.04049612089707389
387 0.9760551942972054 0.03398606834266195
388 3.7185910337303807 0.0096830555732166
389 1.9161962067919798 0.06513412801391792
390 3.5348369496891694 0.03942809780078096
391 1.0914793543480994 0.05251117897095147
392 2.6910236446249827 0.1295988559840075
393 1.5886568134558068 0.013750053478215628
394 1.2896967736191853 0.013364764156730859
395 0.7388820593612325 0.0740430984097771
396 2.414135863438001 0.03128454841697633
397 1.9294866155606871 0.04434039643710091
398 2.6514430638643223 0.10293940042335774
399 0.7749273246557353 0.02840786347712299
400 1.0127002889361725 0.044945688898492805
401 0.40989744964664215 0.055174190766840846
402 1.828891192258722 0.012639860572521373
403 1.2915615860798255 0.024645977015529716
404 1.432210194381444 0.022966631512823625
405 1.5290553688007966 0.07182269351180476
406 1.5450447727708843 0.08633117036241739
407 0.7189024650872259 0.01557875615296483
408 1.1598439499524151 0.024959228973688134
409 1.1790197845998343 0.10029614382675221
410 4.8174718326961905 0.11360556207866222
411 2.9005980531349724 0.03865372652618647
412 1.079200865089082 0.03491039611604144
413 1.3627611089628786 0.09969917596693721
414 2.183224275983747 0.026352928508407487
415 1.6948062387871095 0.012390101016303912
416 0.9800756479830682 0.018503696288598746
417 2.193215907725672 0.038122512346751514
418 0.7943099933825296 0.06343962627514543
419 2.001761547959498 0.060570489768531244
420 2.203834060033737 0.04786183554919243
421 1.3745638611637079 0.04115592468731784
422 5.563464567391408 0.08296780170887763
423 1.8691185042162006 0.03332710995629128
424 2.823063062421938 0.04218587341356732
425 1.0554648846916765 0.03932804113488077
426 2.310254663715761 0.009149207535910413
427 2.2791188170059073 0.045476823839881074
428 2.1595279949416977 0.028778967766392445
429 1.1434239840410767 0.0434099475703824
430 1.8007785621214318 0.01586171646318243
431 0.9094182021719174 0.030532368491835257
432 2.617231096004954 0.04508206013966814
433 1.700774794008123 0.014127805392205655
434 1.3053126633214147 0.046497820853280455
435 1.7120739236529081 0.0748057959149189
436 1.180760494240227 0.027377391349199073
437 0.962037975247792 0.041410382152894686
438 0.8067031816312129 0.05132597226276364
439 0.8580696514721667 0.04817663160015183
440 2.485706489974894 0.04051978829365816
441 1.9652450924068063 0.10829545925253044
442 1.427282951152556 0.02709073013693064
443 2.401973789835967 0.022169071877723132
444 2.141881597460556 0.013787302110002534
445 2.7016886881221094 0.07136180365158246
446 3.5063724243252077 0.0697671326932072
447 1.213888755259545 0.03641651064382059
448 1.3972723322874152 0.02221832517830642
449 4.946910838436854 0.10893453621098206
450 0.655804643090991 0.07781941606861394
451 1.6230929834641545 0.02571558382685665
452 1.4472611539602085 0.0678834843288233
453 2.143678793285211 0.007135989329745884
454 0.5669332531468185 0.03129225366926974
455 1.0386968591655013 0.04236452805914218
456 0.9797735707006989 0.047509302388116244
457 1.6701278461771862 0.06432284238563594
458 0.7285077978515402 0.046841501569445464
459 2.0350812265030265 0.061876427810335116
460 0.9887586466077508 0.06527431961192005
461 2.4086808159411297 0.14132127604041023
462 1.3886594147424371 0.0067161707006687405
463 2.5570837572372267 0.053895233754483546
464 2.283908842072618 0.03532239579897363
465 1.0251806304551982 0.022765787248579927
466 1.1827803776858354 0.02246425278025535
467 1.6645836472000304 0.004243620417242449
468 2.8177527313041386 0.05141212255644816
469 1.2055104939424568 0.04071685407234748
470 1.4575224022069153 0.03079161621736172
471 2.0115025351033777 0.09005072151119396
472 1.0834892485275154 0.034210211821400126
473 3.3431150111793855 0.03508432220649511
474 2.081402986266553 0.03073244805471935
475 0.8272002729635287 0.03224495582505312
476 1.9841668357899367 0.022030424912095954
477 2.9533315544295475 0.021025116403006697
478 1.2601462864153252 0.0178726387620265
479 2.916995402260208 0.07127395487636372
480 3.0645148992320848 0.04511349229263049
481 0.8360200029203344 0.029004821413518716
482 2.6546332753810598 0.033262491808315635
483 1.8742068973411599 0.007589451803063321
484 1.619639784095989 0.06965641490082657
485 1.328360536816804 0.05295839354624044
486 1.337884999528246 0.05562850240158764
487 2.3313224122331566 0.10224336695084438
488 3.5427250201291165 0.028559954670503204
489 1.147121960193471 0.09911842310673452
490 0.7592775181607929 0.015200423932826846
491 1.2957842137237294 0.03916397509440955
492 3.4887686011414902 0.07408957098569091
493 1.2998609032483193 0.025516319175379356
494 0.7598270208032307 0.05350571559358581
495 1.4234597389037873 0.025869304718397414
496 1.9713658889970627 0.06971837676547765
497 1.304274793255707 0.05114634294528296
498 5.782914742078453 0.07188634875640915
499 1.4894860935048464 0.03258322263034445
500 1.9889876544973975 0.03135100395580143
501 0.9040794991785707 0.06290535804098907
502 1.3217599124827417 0.011994739944556389
503 2.330644052807802 0.0385611212765692
504 2.8043646390720167 0.07395880286383455
505 0.7090795174467702 0.0533181671761394
506 2.4603791926879177 0.025762909129372305
507 1.7156408786740205 0.021552987599030814
508 1.0222208125977055 0.024387243218405165
509 3.127019558673186 0.03861255220882144
510 1.3019010421324637 0.10426430714424323
511 2.1447136797310167 0.008578078213472881
512 2.3493745702072535 0.03086440561547744
513 1.2298122884618259 0.057245266196570305
514 1.121083139836806 0.04905934457428037
515 3.034045270247387 0.05751819759349014
516 1.4686940459665767 0.04895166720153966
517 1.316728407410469 0.04329637461715675
518 1.1690817920678354 0.02871200384070865
519 0.7174220114523887 0.08611524750369266
520 3.3174766300517424 0.049810538478585076
521 1.974759402672539 0.04963292785797713
522 2.176659777230817 0.007948304325618596
523 2.2911171695673964 0.06367580001401185
524 1.1866806529972092 0.06584272944525682
525 3.7165557212304092 0.024351112791601858
526 2.1815972979603617 0.04283143490596391
527 1.927699172890008 0.0346669715503465
528 3.9808856845962195 0.1101912814599192
529 0.4356855180220496 0.014699582467010938
530 3.308022855320442 0.05706407665602004
531 1.3982536995594463 0.03944080594497858
532 1.8138862821202715 0.025008990577812012
533 1.2301319462555427 0.003169034090023763
534 1.6521674661637256 0.07012107206021548
535 1.0349317404907308 0.01844603158227665
536 1.4368319768109539 0.06893222183562744
537 1.9523023340970274 0.10072049865540676
538 2.240772691270932 0.04020363654971405
539 2.2632979870744387 0.039089316260325954
540 2.4331542239213846 0.009883298346056859
541 2.958205396499629 0.021520602666165553
542 3.4368987858954094 0.07523477526789561
543 0.4150941296296795 0.01551728647707779
544 1.2423735477260676 0.12177249711949627
545 2.2638875592955783 0.03716054253216988
546 2.884175756289135 0.04463307104875033
547 1.5698087479830718 0.03135175939509402
548 3.13378922668529 0.021021562471678214
549 1.5332569480719438 0.025819285191766374
550 1.675046261839081 0.043505830435107994
551 0.7155429123867014 0.08358592236404228
552 1.6513606713969857 0.02041223559397938
553 0.5490018548126042 0.04709408124712148
554 1.7473349089338153 0.02710767817810121
555 1.9560858452789056 0.012511315704873297
556 0.9168295780887409 0.08198888017302616
557 2.073239473121082 0.11594517066770857
558 1.9845069369016506 0.008424041787774365
559 1.7761958047408777 0.012759129789532985
560 2.6917738963094022 0.06617571832724983
561 1.4322431577303356 0.046968263610524995
562 2.1522817440668955 0.03268280702806119
563 0.9896966010513999 0.03635829132969698
564 1.9995330243376728 0.13011841697288967
565 2.753022473197892 0.013462528030280717
566 1.6677777226012032 0.019573912510743457
567 1.2632350960180094 0.07614318133032688
568 2.7272846309019543 0.04821441505002099
569 4.1413715899092045 0.06155168485069853
570 2.1215437733750657 0.037988795361152766
571 2.0938584855890903 0.04444017944957809
572 2.022837008267765 0.02724571289899682
573 2.157760644005595 0.026282600879989564
574 1.3985330981160424 0.03172986992126532
575 2.8741081184752173 0.03913442739025663
576 1.2967106465305613 0.06491148023220697
577 1.4147312192615293 0.02614571323557618
578 0.9460495501358892 0.057966984982124034
579 1.5164127124590778 0.07674100442841411
580 1.148492833033069 0.027354815094422006
581 3.255109891087133 0.07206055576346353
582 2.367962718695235 0.026671304446661315
583 1.943502413045008 0.06814965054839542
584 1.6934374281944233 0.0453028158448138
585 1.3772436830040549 0.015895341184138358
586 2.2538816804844712 0.037278582094299476
587 1.5659590651813184 0.031647328972110554
588 2.3169140974149163 0.12224034149820066
589 1.1598420622327203 0.018892272853193812
590 1.0610970150123957 0.02594031689705098
591 3.6017290756589477 0.07461626131313494
592 3.75692510533246 0.041980073201225106
593 2.307515216699632 0.02770401739513583
594 2.202545291296821 0.025923487865900808
595 2.078766663206706 0.05082042423112497
596 0.7094378184449608 0.08184754313486875
597 0.35549137641054185 0.05272593920454677
598 1.1546136050678506 0.05920712300091527
599 1.7121554158246866 0.021841447643985535
600 2.18104192985233 0.09795243367217309
601 1.5197408380890656 0.09295139423926696
602 2.247002569801157 0.062192976112181
603 2.0135648603949474 0.020858151401592005
604 2.4702341537251207 0.033494010672517345
605 2.9834645168070644 0.026574857792866443
606 1.9621545476767122 0.04501236564629132
607 1.6695914270544507 0.019361150549330873
608 0.8298131672100237 0.016208443887770926
609 1.3958687325191184 0.05913101441445961
610 1.6266194337052158 0.08585167255281465
611 0.865795830769276 0.0805476205456665
612 1.025731707330431 0.011899104519409969
613 1.8671146379868413 0.02837329038533719
614 0.9571264358575683 0.0271801391375862
615 1.4811050830932488 0.030948621752590274
616 1.1672206156809932 0.03153582868602313
617 1.9775035351979247 0.026208952570329572
618 2.553696678124962 0.09621170055777566
619 2.459192764118814 0.17025375556523972
620 3.153254949847403 0.03263427175837422
621 0.9869885157300377 0.15284125142934943
622 0.9672910191161866 0.06266552275762535
623 3.1929338178065696 0.04388089708129364
624 2.028798049438932 0.03910378112339832
625 1.5292009617403715 0.02459491427218302
626 1.123669554809474 0.051471632792788546
627 2.8123901672136804 0.037860847476484355
628 3.1698181863191475 0.024856991670553656
629 1.6416246828744556 0.03591670633378929
630 2.3073120805535283 0.139697131694189
631 2.0716037219363863 0.03633659279255829
632 1.0365949499381866 0.023840785458101237
633 4.380627665649136 0.07457167268537361
634 1.3603817069976403 0.054863108239247005
635 2.3689522922491935 0.061887988748387725
636 0.8549973977710946 0.02476514108019068
637 4.456923171323129 0.05411138186076705
638 3.034672804292111 0.07497448580394887
639 2.059980761352173 0.03714969740677085
640 1.8954366448588427 0.059353081030284555
641 1.7139954313781747 0.042544338130995334
642 0.9273331392803161 0.10548967614329853
643 1.761361390153791 0.04409537566525051
644 3.040916451725663 0.05347563600882906
645 1.3219308501447604 0.08395661105720315
646 0.8558291097482497 0.08148077427083987
647 0.43037316511057944 0.0211296895936602
648 1.2879028591478292 0.03941863278735294
649 0.18365179801414275 0.06563858222404438
650 1.453918870824707 0.04937858806704998
651 2.526862875872677 0.009584024966798043
652 2.4277884100750877 0.02302137001198352
653 2.179098302745416 0.04427414379133463
654 1.8814683047456406 0.02158733484901556
655 2.1496908579701284 0.06619974497666709
656 3.065647813990945 0.015984173693824846
657 3.1209457117685666 0.013404305443156484
658 3.4256075015635656 0.022827623080986556
659 3.0067320285389947 0.05663481851358398
660 3.0075204802176794 0.02260349197290899
661 3.0176961836538343 0.025558281873739642
662 1.0080472732985792 0.033255832645203064
663 3.5444642487881812 0.03658201804092554
664 2.222027660398162 0.05867669998311546
665 1.6545280105009772 0.02433715589690775
666 1.7539519569855262 0.02930036743039973
667 1.7007410771737197 0.04595562344840001
668 5.1700688715008685 0.09290881502908702
669 1.2044116648617929 0.14992284597005517
670 2.2631067743666744 0.036670400738955396
671 1.6714574059721907 0.021357510673145903
672 1.2051550956264534 0.01741008094291289
673 2.3388737082814295 0.0517221957221292
674 2.990913550372619 0.02661492368091735
675 3.9027984066728547 0.06952949300735933
676 1.2853034337417222 0.01949863456639877
677 2.910379447347623 0.09572430395693023
678 0.36820614463970214 0.07030965119067059
679 1.6133961543061157 0.04504001948492334
680 2.402974745503553 0.021205475540867748
681 2.6218379081530676 0.08150268208730614
682 1.2317785460230926 0.034096929354414524
683 2.314631264613937 0.06049838327819042
684 2.6066990644820964 0.01707212369579315
685 2.610791952810654 0.03374228167650922
686 3.835801838601499 0.05022246419973694
687 1.6799532038711218 0.016968690980924354
688 1.1933668569569378 0.05231778048375806
689 2.0380085112850046 0.0050876635212222234
690 1.624609433479701 0.03040346797105863
691 0.6544118019027585 0.05393256512347298
692 0.5701756043525572 0.030462151438568428
693 0.9380095978296946 0.05036389208473736
694 1.2762305532073153 0.011274451218194597
695 1.4955468059554304 0.015401423997557893
696 0.869521584271675 0.11312614725781676
697 1.9052501582668007 0.03312491080652784
698 2.4457155214381103 0.029095328281197735
699 1.4626222716794517 0.01626282863663686
700 1.2558598710257718 0.036735170203728476
701 2.6868664028098608 0.06824723721781224
702 2.288492445783975 0.025925458412592327
703 2.3247539434479583 0.020917777008660345
704 0.721789161554224 0.025098508745367107
705 3.607718665874587 0.08191968715597674
706 2.432732530282815 0.021252620907521617
707 3.3744405073580737 0.05807309908562367
708 3.1239306637610222 0.06233797333098451
709 1.8191584559030403 0.013511616851849517
710 3.287968529980525 0.05145510555481858
711 1.735060402900331 0.05793928130792271
712 0.49500848927557295 0.06288812293784307
713 2.743899447753631 0.17669563551979534
714 3.4718786000099833 0.06116800203320726
715 1.5015046548883528 0.023664716336824553
716 3.1440168504090744 0.041102383906979297
717 3.2067618304366765 0.02468045444072633
718 1.8721554234180522 0.007353823782808216
719 1.1535262565132771 0.040845172799743736
720 1.6273450126384743 0.024514534977297293
721 1.048911957351505 0.052666517800839426
722 2.619959133577061 0.05170932229999597
723 1.561155978528324 0.027524829892831282
724 3.0407299891022905 0.045328425362606686
725 0.47342920940682176 0.04342411559171214
726 1.4186603362048962 0.014119893446778546
727 1.3479299351956102 0.062164041865251915
728 1.2582680294270396 0.045354848724003506
729 1.8615147603607143 0.08023573355663072
730 0.3781725146109324 0.03791358504172962
731 1.1066970269945684 0.015583960602569228
732 2.453394347807825 0.03185016785759392
733 3.1247893180212114 0.046669828600922864
734 0.9148073211257227 0.009231548634034045
735 3.6760960737141333 0.028535015979896
736 2.6254749833566735 0.08717394779252705
737 5.280236454230665 0.09388756009171885
738 2.5076538424564623 0.09697840533253248
739 1.6411222694901808 0.09126865138497363
740 3.554548034225452 0.037522416897028836
741 2.028882537517492 0.01754366448030713
742 1.7646789680890407 0.01599560593440536
743 1.022375726143976 0.05157709413191213
744 0.649238982446636 0.05187303956547944
745 2.1864910271539286 0.04872762201606691
746 1.7204677102499084 0.03852125293145252
747 1.5065906049166742 0.027603584376746686
748 1.5982614314782004 0.012292136908137583
749 1.8226562247489422 0.00739564611575185
750 2.5204801353458 0.04365338159397816
751 1.8767660357225118 0.02830224204445842
752 1.8983673894987707 0.01834146059941503
753 1.7782006951767677 0.015701427275321134
754 2.2504535422937937 0.04951450547754327
755 1.4166031226798261 0.09123737395245743
756 2.7328984483261283 0.1508772286999711
757 2.6524265207017743 0.02446916233675671
758 1.067143594568441 0.05260806616353044
759 5.0090886831496855 0.10602771621791332
760 1.434603020785008 0.03660346911302486
761 1.222073533745281 0.06224305438759967
762 1.5095842345031156 0.030953037384638303
763 1.6330500679480222 0.021459424302720638
764 1.115452056636891 0.01970696558876335
765 1.0923058813930149 0.07274687636491531
766 4.446271731069041 0.1606230212251305
767 1.0105404667887181 0.06631296834556571
768 3.396970236745949 0.022815904342363635
769 2.8691413121040545 0.013885902651251725
770 2.3636636306662826 0.05936976661294215
771 1.79150655537566 0.024801685240766504
772 1.6685926889680511 0.010820456634138942
773 1.826880028197185 0.04757782789610831
774 2.8603690558946164 0.037896866781186964
775 2.431813095144316 0.11349924828107788
776 1.2327054208754737 0.10911823129953684
777 1.784270079845577 0.03671769462880187
778 3.659837165248796 0.05153888197298171
779 2.4286341551683 0.07597353995435768
780 2.985137510213934 0.041270481732763535
781 1.3787318922807743 0.054017152054839764
782 2.5397663147751763 0.03689700052587278
783 1.2539744719313777 0.0975208718155219
784 1.420304027618822 0.08319795525279235
785 2.6657151889466864 0.039455200948096666
786 2.3335086619750176 0.038396391287702454
787 1.1267143094098986 0.09936324848265611
788 2.9906712013272876 0.10170580595585821
789 1.7308584108065126 0.05082749035586854
790 1.039587315520893 0.080712065351909
791 1.7730088069315022 0.020724241602477544
792 2.0996556734987935 0.03150496040806658
793 3.313331774739014 0.07876721126353965
794 1.3095501150860545 0.14321733200533662
795 2.834688950555731 0.04770583926273058
796 3.102022479102461 0.14693724353713988
797 3.813083920224365 0.056291207842973985
798 2.69406871442224 0.03002689355331805
799 1.4010344746429813 0.01928599011767423
800 1.1560333082969956 0.04853495395331373
801 1.4682896537697114 0.07354534476067985
802 0.8565174747825712 0.06065974132824309
803 1.618281703713557 0.026084636332141236
804 3.095496565707449 0.04303338693247177
805 2.3421600311212427 0.05585303766989792
806 2.797046945789392 0.07457397280871447
807 2.0979897901677433 0.022613165418794177
808 1.1457002137681667 0.03381079826270307
809 1.7841207729837618 0.005700500730051278
810 1.658043027997073 0.060848427811447094
811 1.2406241886341864 0.03074706482835481
812 2.6288541374742445 0.0415078898237503
813 1.821180603293113 0.04317443137789334
814 1.2116553434537178 0.030919434015518717
815 1.6112770499219715 0.026663537493379626
816 2.971744108313094 0.03881815929561865
817 0.9206045865976505 0.03716966642564236
818 1.6964793205164956 0.03185352701644714
819 2.0358736891121265 0.05947833927155768
820 2.629912810152042 0.014640586961919859
821 2.6484465327732947 0.06075661222098484
822 1.8854709480732945 0.02835372308569505
823 1.5941374139936284 0.09589600579738372
824 3.076159076401065 0.05593338405822931
825 3.30146386843339 0.047977950968477026
826 1.0381190286926012 0.16055908967447038
827 3.0287964327255232 0.11138588809463885
828 0.3296685625374833 0.09661292632668661
829 2.75533209261768 0.12600855307586906
830 1.50187306066207 0.16244995084438765
831 2.243947086384118 0.016110986742450012
832 4.195071595324864 0.057811391985188816
833 2.2839830528741905 0.022116402353200986
834 3.257840661607988 0.05044789691668436
835 1.3217614454532491 0.04886163017945158
836 0.7195178649050669 0.04365860872970726
837 1.8898061431947595 0.0384338734111179
838 2.7051772786768025 0.05860500878528111
839 2.498447822627046 0.031893547753857866
840 2.0912316528454244 0.040343376226393356
841 2.348202071784084 0.07104031095575579
842 2.8455154775130307 0.043552896342883014
843 1.109951451572432 0.04227123695437887
844 0.7704715981032663 0.06084691495642438
845 1.8385151153544925 0.058764469135322815
846 1.4879940960027798 0.08607578633823007
847 2.7189256017672334 0.046402688404881494
848 2.4783976954968687 0.0919681909837278
849 1.5067347129646607 0.04549042104098436
850 1.7297697871479545 0.007043647822220277
851 5.211022301203868 0.07819263962806401
852 3.999963754003805 0.07991161599569195
853 1.5667037074304007 0.06548983664844335
854 6.050482929175902 0.09043340372600613
855 3.47574292731273 0.048046979790883106
856 2.8336977073280893 0.0751338168996264
857 3.8324213205194586 0.12481189340967581
858 2.341164796795494 0.017950029730787725
859 0.7513165082116469 0.04020929795079236
860 2.9717714040290235 0.11893839000514402
861 2.8936259775914563 0.048325569266628905
862 1.1993554193999696 0.06460845862558161
863 1.5314417209572886 0.051185743481030596
864 1.649737689105868 0.011762835320470464
865 2.1874901799263147 0.02661474517448687
866 1.7316146218957382 0.03006403313911742
867 151.2521234643591 2.7782334504027517
868 1.7611070832786861 0.050993532070390354
869 2.1646222677654867 0.07196088332496972
870 1.8084475895178416 0.06137331439351682
871 3.4086889054129954 0.08651661012709852
872 1.8704967970958026 0.07638966838407282
873 1.8167024274699255 0.08028089993172764
874 0.4603307193219617 0.04494867289531793
875 1.526540646893008 0.033451406744318124
876 0.23983607381513108 0.05159386118930622
877 2.267954451657504 0.03497300554490415
878 1.4887598831791058 0.03380596959552427
879 2.0872538119905246 0.05051389389019968
880 1.4552019439355304 0.012350254012999213
881 1.6067499310146056 0.07380384504718367
882 1.4177717666251572 0.021285356878514624
883 1.326940534012729 0.03192313869720169
884 2.1997788918763823 0.10773688424322753
885 2.015013945260691 0.05633825298836282
886 2.8202036626067137 0.05757774711984032
887 1.1931595354058309 0.02771411937926201
888 1.831062428732522 0.06415905788793622
889 3.225395015739655 0.08734464504715815
890 1.1243891374421402 0.041791386460746933
891 2.6015255763501126 0.1088327070500619
892 1.2647772578569838 0.020789805776205653
893 2.4775669030415357 0.05689959942402469
894 2.0471488234224897 0.06770226581870034
895 1.7149685314094787 0.15049157673114866
896 4.513893661514286 0.09821294510507313
897 2.6268220930811466 0.13803878288794158
898 2.4413756975718157 0.07930164168441145
899 2.326852176410591 0.11360588065807153
900 2.3131336139370164 0.0849997802867096
901 0.8921568210512556 0.049747666210103805
902 2.6233187063589147 0.07266738069935684
903 1.4130926546550526 0.0090037068248741
904 1.806614363663858 0.017630310692164603
905 1.8175524330994668 0.07593181640765014
906 2.3388990409135864 0.040056602008765055
907 3.9933636151646397 0.07497510837184528
908 2.3321742790864466 0.05476691967079046
909 2.762538170111442 0.03283393472958704
910 4.873958867872781 0.062060810190198
911 2.0714770905820385 0.02054756377456412
912 1.0327887147362194 0.10811838712037515
913 2.117462639533466 0.011892063328498481
914 1.710700302945328 0.0816319553487044
915 2.3211997079750373 0.008956572682845816
916 1.114294356817633 0.03623878480521929
917 4.471113455790061 0.07757892144849296
918 2.228109652581141 0.014052395217283343
919 1.3546567161335017 0.003698392967180648
920 1.9266822188184494 0.06487129350803426
921 2.5914295045396902 0.05272005728892798
922 1.2784933414063813 0.01215165035570148
923 2.738987928469082 0.07124935948935969
924 2.149821475984241 0.04654924870372949
925 1.9253323790925403 0.0930777565344257
926 1.2236280362887473 0.04428910059432197
927 1.7867821380881495 0.045721047572090764
928 1.2071336386970966 0.0334789463649062
929 2.1968072210019582 0.05561582525115487
930 3.799912609101362 0.04236510799292961
931 1.1844775580934828 0.04933825410137671
932 2.205349323012385 0.021100631068658973
933 1.4593504201189709 0.020925532509631917
934 1.035558349816586 0.0700982029530919
935 3.078643292194039 0.03542323885102747
936 2.0353496309088404 0.05889367114136401
937 2.2821156046799564 0.04468881035904339
938 2.7931993240546613 0.027285896470204934
939 2.1456124093309348 0.0774496663897991
940 2.218208581362129 0.04196655063271322
941 2.3862610933202606 0.06721658468996428
942 3.5743549985855014 0.12076472557588207
943 1.8630175617400266 0.054165459432444954
944 2.7334879463578754 0.036760956640917115
945 1.3812017489175632 0.04888270171663934
946 1.976043568158243 0.03663922276976242
947 2.4952122433393535 0.06389550777193843
948 1.543450551647064 0.03757814552707872
949 3.4498413732494155 0.028882191948298955
950 2.535046325090208 0.05887997241197505
951 1.4779093638412129 0.027227712388189943
952 1.858566636549255 0.009133324005744643
953 1.4243024342317958 0.1405691369328215
954 2.02882218221862 0.04050987848233506
955 1.6835092672126153 0.10779150791966434
956 2.2634025379095566 0.08453407236777018
957 2.329427543607574 0.06847003123625635
958 3.4364155299187655 0.07424939927100048
959 3.3561526284803547 0.014083734482337093
960 1.5858512066324268 0.06409416509691941
961 1.4146068032569759 0.04919173404499149
962 2.924041219614695 0.04461507755728639
963 2.4780280000698722 0.05859203869225128
964 1.4392540988273725 0.12007557321993934
965 0.963249109831678 0.05171727395985041
966 1.8387900922408675 0.0443088898421821
967 1.1867907880973638 0.0503241545162359
968 1.53733544173679 0.034924552099889976
969 2.8320562984763225 0.1303560507919483
970 2.6391178136273323 0.031499523561372894
971 1.2252283418367127 0.09074359023833392
972 1.4636291923343767 0.06097334872496417
973 2.289724423003189 0.06537147164364701
974 4.261193820530749 0.04928509678960908
975 2.9081230241983156 0.05095061984675588
976 2.5480153887732495 0.06359462280040837
977 3.0050679386975863 0.042053502949865325
978 3.427396604809592 0.04356498321212365
979 1.5916752826519927 0.07865054322724999
980 0.8084960517880835 0.059178864310349306
981 2.030369663260521 0.08491571714362754
982 1.5900857819959668 0.11800915877399708
983 4.98547549070452 0.03597922626133914
984 2.143433178542879 0.03071782473746203
985 2.943690840700831 0.08553442588312744
986 1.4884926378759176 0.039205469541711654
987 2.3613702311351004 0.05750071327660013
988 1.1882982092175787 0.027374843948806283
989 2.392437641510479 0.07926988825142722
990 1.8169670342085478 0.029392088040114575
991 1.6930093612749837 0.015107861072819511
992 2.4860048450693673 0.05140143942559416
993 0.577447835276582 0.06654889370666052
994 3.230051106739651 0.06339130046060866
995 2.729702635884178 0.12417255987572053
996 2.1012456727267548 0.06219365768225635
997 1.6551525019765065 0.01828451716816159
998 1.824094736473013 0.07682827646606237
999 1.5098082228719045 0.05959327703841087
1000 1.6948191465759528 0.07467073395216772
1001 1.0072185282384176 0.060370878931775195
1002 1.561270826554838 0.12052798569606626
1003 1.8220818753946297 0.046981045240109987
1004 1.3080717051293138 0.09438512385222253
1005 1.839497331253904 0.04801878240938924
1006 2.20314602253349 0.04373566568528846
1007 1.3138773138535111 0.011793226937917924
1008 1.9234528171267418 0.06883777316810072
1009 2.2865387206781573 0.007658018375367104
1010 3.0653220000098704 0.06016542297074081
1011 2.205061198053422 0.029863403901983696
1012 32.60855144818304 0.6266510065772808
1013 2.868401625902212 0.0765422874187389
1014 0.6696142052367059 0.06600428782455785
1015 1.2271699535755773 0.04898438529245668
1016 1.855972278349514 0.07174392316749931
1017 2.499459425243571 0.018624411127294467
1018 1.2573340270152615 0.06257151263812333
1019 1.4781732510668661 0.11013748500503838
1020 1.6416220303229119 0.08716355029131452
1021 1.9036522802043812 0.0033548378348729345
1022 1.8510589835257416 0.08506598967678274
1023 1.4891321341849029 0.035560266148212186
1024 2.6070294708801085 0.09285910043849611
1025 2.063684130031863 0.05011497815254282
1026 1.5128794464221096 0.013673436012788186
1027 1.971109198245078 0.05205483070100289
1028 2.384110533987192 0.07701615373417217
1029 1.662436539096232 0.04500204367091667
1030 2.670979066907553 0.13068371149018404
1031 1.4025003552139061 0.05292579166741523
1032 1.4574241225912155 0.07151405899339369
1033 1.3991039307902944 0.05896070354949212
1034 2.474364728951778 0.021824301348247456
1035 1.3193670812400262 0.06135377884558722
1036 3.6441855516421913 0.038547586506527
1037 2.096924409064638 0.07304536294344673
1038 2.699993448401975 0.0435368219177958
1039 2.1200809264853375 0.04131164455079231
1040 3.476078579064735 0.033937648103984926
1041 1.6653956828999523 0.01147269492705727
1042 3.2765897257662746 0.0646422689255448
1043 1.7009106714871318 0.05400530191445369
1044 2.7610723624177296 0.05880481757490023
1045 2.656831098375194 0.03494248597189462
1046 2.546798633141569 0.04931794987124316
1047 95.79851248634958 0.46736644328041044
1048 3.14800715455647 0.09396111429291698
1049 2.0039652554268708 0.03290489004504969
1050 1.9558716617083003 0.05414780435470014
1051 2.18941191306767 0.03318580570662891
1052 5.199262124232141 0.05087762194583221
1053 1.9031883944203256 0.09444209302723797
1054 1.283228199384367 0.07090367000651157
1055 2.762648105871287 0.07014749677456261
1056 2.8746774528565022 0.027034786551116644
1057 1.6179882239758498 0.11857047606091886
1058 2.374841348218309 0.025434009027496533
1059 2.2469432648948997 0.04421121386858384
1060 1.861656253472884 0.01845761852123931
1061 1.1872859397143556 0.04321422124941865
1062 5.90844789608268 0.11450662894268519
1063 1.5863260438316877 0.05754946410743915
1064 0.7564521931704025 0.07931506338756242
1065 1.6417767987261305 0.011581057481414709
1066 4.391650152842249 0.05059512029352405
1067 3.66639294121331 0.031221367934409334
1068 2.503371813518404 0.10102379602716366
1069 2.027168007068238 0.039158205492907744
1070 0.4971574857716284 0.03676278427152366
1071 2.4151845314655658 0.05177508042273547
1072 2.636963223742946 0.06646400157518753
1073 3.46577919724577 0.10207726903053402
1074 1.9163038118360813 0.043710042965483024
1075 1.927857212172869 0.15091185687807096
1076 2.6763823034454433 0.1224080886946061
1077 1.7180049566770443 0.07532698627795548
1078 1.6908493734050807 0.06979084208691566
1079 1.944414357627769 0.021122200814963587
1080 2.5950741727855076 0.05204865358378421
1081 1.4109801433597557 0.03001813594897076
1082 1.7264627256797414 0.03850732356847833
1083 2.1689535774143858 0.11107879358531217
1084 1.6994793703334723 0.060221367326532424
1085 1.685481915406157 0.03612149963157016
1086 1.9693904757390928 0.037491181799320886
1087 1.5224960096537141 0.07210236785375967
1088 3.527917797315357 0.04381328225820707
1089 3.479314912779536 0.0755764113843672
1090 3.108183047673649 0.08689164709118868
1091 1.52511192117192 0.07918480197332162
1092 1.8532177931243714 0.049525264253984604
1093 -1 -1
1094 2.731449433070096 0.11037066624766768
1095 1.931909201523968 0.07732175112783744
1096 3.3104802319770568 0.06581844082637611
1097 1.8304519512464514 0.01895001773395889
1098 1.578885461392343 0.043780245752798264
1099 3.094310310160172 0.10778661060656981
1100 2.776205841706277 0.12596536269166098
1101 0.8507317042912537 0.02493748978718137
1102 0.9814772768068498 0.053622725443099414
1103 1.3455842319768452 0.05325292748096212
1104 7.2604128977932785 0.09390508801077022
1105 1.6261043026152315 0.019335453598078402
1106 1.137473718475632 0.07606089703097864
1107 1.6833244782581707 0.12020461840269196
1108 2.371768796703454 0.012731582235609355
1109 -1 -1
1110 1.071102023378597 0.04419551582393821
1111 0.43675983387589246 0.032917170913324655
1112 2.297024857913679 0.023387682783128548
1113 1.2787984620905788 0.09588628195736824
1114 2.2916147748739193 0.03651544537501575
1115 2.609883991023729 0.00623827033654977
1116 1.426689525304762 0.03553474240185854
1117 3.7256404435314887 0.11531203656689475
1118 1.4006196988318869 0.0456231691596843
1119 109.6601391973522 1.5506658528855284
1120 1.6184782555218828 0.07166813593591469
1121 1.1587076716234646 0.045959155085986386
1122 2.3698908446338303 0.005245408268606583
1123 3.6083496123319767 0.1266201473653814
1124 2.986545933594758 0.07475502916913389
1125 5.278491903802677 0.047503667477846546
1126 0.7748710031471746 0.08122980995585855
1127 1.7363778163248358 0.017031146242056806
1128 1.5849593888183076 0.11743298178975574
1129 2.1009271697555376 0.08810314282524104
1130 8.26271167806659 0.14019516189311268
1131 2.09803728296397 0.101323777912703
1132 2.2141431516084817 0.034380932010406366
1133 2.625782539742512 0.07183796654910159
1134 2.2183464978811007 0.0817055250900836
1135 2.427198332553303 0.07084720793291209
1136 1.0027285460500286 0.14305690406495086
1137 1.005068018410627 0.08732602533949181
1138 2.362125728130043 0.06744002939568366
1139 2.5315652561569344 0.06590847157727628
1140 2.71711569586644 0.09043895692124922
1141 1.287674905034978 0.05400621182584914
1142 1.4866794205247735 0.026833745366705512
1143 3.7260035210313682 0.13368752644920084
1144 1.5436762919636855 0.08267142964777957
1145 -1 -1
1146 2.5385052862318993 0.03083615806415934
1147 1.6065689859869032 0.03000263156310867
1148 1.7732032715876813 0.09752331117159307
1149 2.7738340289971397 0.030863849392324012
1150 2.031739483473187 0.00916619369835837
1151 2.3988344895925637 0.09616916875141789
1152 1.89040447836789 0.04115273447611996
1153 2.4631624187005445 0.007793643517271964
1154 2.7676697238439627 0.020201044441163062
1155 1.8289045069522696 0.035707740608531206
1156 1.7182243880949553 0.10064190170087244
1157 1.5019469151908205 0.03572189670720395
1158 2.9465343630134857 0.07205504548862764
1159 2.09386809122346 0.09842355926612657
1160 1.5262106668932713 0.08180145429027397
1161 2.2572772028974364 0.07824263845549355
1162 2.129646212342469 0.03486648902515786
1163 2.566761889356356 0.05970935546876262
1164 1.5662260873743692 0.12766627368085207
1165 2.699502880747077 0.13044209228726925
1166 1.8581063636413742 0.06285492964216373
1167 2.342883046799121 0.08842477809597657
1168 2.8125591930028584 0.021505067800154855
1169 2.0334032492068457 0.026271923488734746
1170 2.246151604078544 0.1060507048615741
1171 2.0771467658571368 0.028287276787268174
1172 2.071526821121327 0.025099188294375872
1173 2.3213220097747973 0.08417471192301107
1174 2.794770401645208 0.11615711950192821
1175 2.7697779312975728 0.0747967830868405
1176 2.085802741963052 0.08626675527418418
1177 0.4727446025931541 0.06542691297127051
1178 1.007625262826771 0.04935668657621266
1179 1.702944533040535 0.0558267827799994
1180 1.6424523743188388 0.014772276891389793
1181 2.5725682281866087 0.03234978089665756
1182 1.9934256947127693 0.02258949423075782
1183 1.6475236825710944 0.03379090759790335
1184 1.6691064606567545 0.1448022981204038
1185 2.2419676418107226 0.03932044710288553
1186 3.3836210571386176 0.099784414711593
1187 1.5029528136571442 0.015759770000021784
1188 1.6861074222984005 0.10883650358125913
1189 2.835644210115845 0.06951499080741994
1190 4.158678977486678 0.11709455102812848
1191 1.4009260786635125 0.024179429897077612
1192 2.754159916001258 0.08043180658100364
1193 2.1420275505586694 0.0492960879440492
1194 1.2815801466700134 0.07960035538979163
1195 3.2187930739168915 0.08466368166093821
1196 4.344905048612926 0.05221077758766645
1197 2.4215594149089323 0.09957145740621064
1198 1.2128016382262736 0.02047055150696896
1199 1.2104505019170664 0.07464401759154825
1200 2.1746740003821783 0.09735796458879131
1201 6.716448104603829 0.11616345682171286
1202 2.77782717040478 0.05771794107545409
1203 1.3468906772840086 0.02502959282755443
1204 0.4712440545887864 0.0722620194900778
1205 1.3794285059053408 0.022644796948508593
1206 2.6675413543213033 0.17612677619694292
1207 3.7356942110370404 0.10539638420341241
1208 2.9991674142879217 0.022383638975498093
1209 1.940678803697875 0.025104267543562857
1210 2.5043887432047782 0.026905745996778575
1211 2.0894961430067167 0.05339121946460331
1212 1.3022480068784066 0.018365774627192237
1213 2.1106878446040365 0.07150129968720757
1214 1.9876101362483627 0.03191032333095745
1215 1.459164228780541 0.03376985233634544
1216 2.3146586662531523 0.08155470572709732
1217 1.2346345581760905 0.03127436951305981
1218 2.4309517468513278 0.027030291837549212
1219 3.116676499788986 0.08835741689540529
1220 2.9403775666532708 0.018165247370897374
1221 2.1821265397952465 0.052130803625715136
1222 2.6352292838378895 0.060662618902547795
1223 39.808293703880565 1.5458771058611227
1224 2.185621252296603 0.08753488518434295
1225 1.841968368961378 0.04106647713527154
1226 -1 -1
1227 4.040793937561563 0.06176522550535956
1228 0.2465326740662648 0.11849028237894067
1229 2.034618907445616 0.07265782860458443
1230 2.5100549780270063 0.03208005924735582
1231 1.7027690670050426 0.03251960981135399
1232 3.788379532458714 0.070475021350102
1233 4.11643528151774 0.05405894492317959
1234 0.7635729544716532 0.01903550496913018
1235 2.7122459114612396 0.10864475355865635
1236 2.524638523819299 0.027610609950802497
1237 1.5517600968916412 0.04074187234158824
1238 2.287477072780526 0.023117122560849412
1239 2.3699227657807174 0.15141611594349777
1240 2.1824209264206096 0.054380682267582914
1241 4.599942910255767 0.04489206084122136
1242 129.4635606308112 2.8137231872758695
1243 2.3812851109116253 0.03976786232643184
1244 4.581206347024094 0.05475306121253629
1245 2.6509641801149897 0.06820362151390907
1246 2.370773223140612 0.11806117784522643
1247 1.149528558282331 0.061593791883622226
1248 2.094823481876456 0.06120462823510277
1249 1.874682412254238 0.023947810930402172
1250 1.9367349126179556 0.020057927122523467
1251 2.138599731281821 0.06671661109023713
1252 2.061129482678161 0.08567835749165531
1253 1.5146760445648793 0.052036278196678186
1254 2.1702964680691483 0.14030507980971374
1255 3.277866939910997 0.05632725308291569
1256 2.624236051163701 0.07669945526257091
1257 2.872072902346275 0.03444432555094209
1258 1.7934964315579445 0.03528407728500775
1259 1.080351859234633 0.02896650398268991
1260 1.435353356604534 0.029067006946305075
1261 2.354457662168579 0.13307492371779378
1262 1.332405312784066 0.023423010783333264
1263 3.3987753539163346 0.06420915205986244
1264 1.7169476764090958 0.02697867115903169
1265 2.034352265751931 0.15325972648385527
1266 4.276114350748072 0.12420572388610465
1267 2.158123858819245 0.023077021536895986
1268 1.3397432575400825 0.08543410677992735
1269 2.564802422023188 0.021495637739923086
1270 0.9382658072098541 0.022396428227306246
1271 3.2749808897824595 0.10642081649363233
1272 4.1552372404351114 0.06362980528634131
1273 3.517371724221662 0.13466553987063165
1274 0.9665733071099065 0.10500591478114998
1275 0.25326840802484923 0.04707684954959959
1276 0.7799069491573527 0.05380100113693329
1277 2.2064959404722972 0.11765358863505816
1278 3.1988904007629437 0.0368239664930994
1279 2.5586697901456112 0.005469849002619058
1280 1.8808836560694229 0.05968260670682375
1281 1.1895281314407213 0.09001302681659745
1282 2.2540169847455136 0.09026757208540973
1283 2.323313895013047 0.09452012127018944
1284 2.901203026813332 0.039429849100634816
1285 2.3979920084657502 0.14073951394462153
1286 2.533597472080832 0.035762607544254074
1287 0.7612778853344954 0.007214318633743188
1288 2.6948630925306722 0.06076472622575061
1289 1.108447893787971 0.03395907123242649
1290 1.8341299181440256 0.10143657418817685
1291 2.5316374380571722 0.08889683394590511
1292 3.610567161192628 0.047064398125616184
1293 2.7175765121409814 0.029547594293665515
1294 4.800678408807956 0.053492583900171746
1295 0.7335459860673332 0.028477049240523196
1296 1.5810578995949809 0.08135104504615477
1297 1.9754293277929347 0.014505369986072941
1298 179.01940249900167 2.043909892999784
1299 1.850836249745148 0.041690437311209104
1300 1.6830687235462891 0.020349928765075714
1301 3.7387530182082886 0.12055047269766767
1302 4.082104038496216 0.09713710221392814
1303 3.1336113676629913 0.05677605650477755
1304 1.7765065165087344 0.01582031252645316
1305 2.571854885922685 0.021347698863287145
1306 3.0612677149873346 0.12386981186832849
1307 1.3913191641072595 0.015202786433961392
1308 2.262154812896849 0.06402639217483286
1309 3.5019877259696157 0.06677642831010319
1310 2.582717220443526 0.009891624026237878
1311 3.987346591158395 0.1293514676939473
1312 2.679821095103989 0.08460623773170509
1313 2.359382737779185 0.03652788615867137
1314 1.380164866149518 0.060119928660694724
1315 0.4407063348891724 0.1291630165997497
1316 2.1342333112971423 0.027358007665737122
1317 3.0711467559942105 0.037913185280679794
1318 2.559155662093992 0.05680913660333393
1319 2.525098773418151 0.10204655965448646
1320 3.0249171151836864 0.12773851420629043
1321 2.413407587029388 0.05876852673504455
1322 3.5377170080961013 0.10879650533600647
1323 4.052586673587263 0.09080589227450798
1324 2.937897653528418 0.027184988877876435
1325 0.6237223824062453 0.08262793078734006
1326 0.707224489874562 0.08851103867462441
1327 -1 -1
1328 2.2294711140228034 0.09288611849667654
1329 1.9432661345322786 0.02717762257318516
1330 2.0914422762507994 0.011169014715300607
1331 2.358473292307571 0.07065857794168487
1332 1.9735989791444375 0.03908226220669078
1333 1.5507031532608413 0.06907577154250966
1334 1.4311921332602533 0.12083146480171084
1335 4.122488864057565 0.03895237689959662
1336 2.9573285932589206 0.08706980412209976
1337 0.6007367698602023 0.01812942798699592
1338 35.678341849848444 0.8118194239113028
1339 1.2479846134555028 0.010451391557019867
1340 6.087614929523709 0.13057090140254568
1341 2.0800563220684776 0.15803173501349665
1342 2.9514349230707593 0.014240561890740605
1343 2.5380498469435273 0.12222783246555728
1344 2.601612733598033 0.131506303055153
1345 3.5509966750042055 0.05921449850061666
1346 0.7072243021418958 0.024071117205295974
1347 2.6775569842444664 0.03141059724631331
1348 3.321992994107662 0.044191230090422466
1349 1.6102506470885027 0.015143374431403359
1350 1.973814289645524 0.02086486112074204
1351 1.2630902700665778 0.03744490736814942
1352 1.1219179825621153 0.08032642933667086
1353 4.653870462343763 0.062784391759762
1354 4.4834652747019 0.15759435212797718
1355 1.569063188921788 0.1077820502179295
1356 13.910837942922125 0.45981948148964136
1357 1.4294350549848367 0.028346279797133538
1358 70.96572430598266 1.1756562195082472
1359 2.5161111341902345 0.05753990158414299
1360 3.2367192033962664 0.08869172201078691
1361 3.473767550688802 0.043946458551914
1362 2.176436455238619 0.03167298806044102
1363 3.0476609005071884 0.05732933717758516
1364 4.222008544202666 0.05551533328730101
1365 2.8478799792826317 0.02459585619854914
1366 25.25325818589311 0.5035194928719553
1367 2.2237741333718573 0.04097498733233942
1368 1.687394902013393 0.049031718290971624
1369 1.7830229358109986 0.053089652701446624
1370 4.09604076706699 0.06327380389929868
1371 1.3613096347209857 0.11659106461496367
1372 2.4910690202497423 0.10607745151598785
1373 1.8332098173286973 0.0266376073468401
1374 2.7418674122649183 0.033466577519116116
1375 2.6414869057404995 0.08214544237833245
1376 2.946522838522531 0.106588403385817
1377 2.231187047373902 0.036760996476678354
1378 44.564704495097715 2.7545289192846796
1379 1.8671402635525571 0.031765894341145844
1380 6.012743423815151 0.14909938298733844
1381 170.41293199109697 1.4380407116574307
1382 1.6152658248967922 0.03842315746073395
1383 2.1666823362208376 0.055571877420857146
1384 1.652910207483742 0.03123189629318602
1385 1.0767921479695701 0.06160315781979442
1386 2.749590627750806 0.08393602128100622
1387 1.6564861825941843 0.03843432385011479
1388 1.9054442519387307 0.030030660862169906
1389 1.9363034720800594 0.02838337397019112
1390 1.3654393675490841 0.11217497406311012
1391 0.506506059193433 0.016301961281672356
1392 2.76477607831253 0.08033416938785885
1393 2.7259731782801264 0.1162939276099466
1394 7.201980843653238 0.20161003150075682
1395 2.8310993554442927 0.09763548443901647
1396 2.021738324472372 0.07054399410784033
1397 2.712738093461537 0.02156157991405758
1398 3.328842186757952 0.13568375417656772
1399 1.636779575587304 0.02645866049225626
1400 1.994575607397506 0.07450640100439206
1401 2.752741388063065 0.030030430703783566
1402 3.8134056415800157 0.11294353202840873
1403 4.010944211546221 0.014823782252205318
1404 3.5005058159784297 0.05371679855546085
1405 1.8010014787683828 0.08049060921293909
1406 2.140890404168689 0.01680907845227432
1407 2.045709000349307 0.12965995964640908
1408 -1 -1
1409 2.8856596112753605 0.0488970807068006
1410 1.267186614921747 0.056958419895077064
1411 0.6389577168075142 0.06950184476010074
1412 5.133673464271864 0.07778804070412353
1413 3.5269952066214634 0.11096680730964986
1414 1.3499650093483127 0.04487434263732836
1415 4.579621743799915 0.1441823102488952
1416 2.9275727827645044 0.08836793162952301
1417 2.2324871375990254 0.10332040002839975
1418 0.878356378798231 0.07458376441012966
1419 2.491910540805208 0.02626192225927537
1420 104.0537084133358 2.162264903764918
1421 1.4095879850533024 0.10759099625134937
1422 1.6887319803313472 0.04599732301628357
1423 1.6889865089136618 0.033669197906311316
1424 2.3114080538947754 0.08787556256441077
1425 89.62098491711131 1.6028488469271813
1426 1.5242303371348431 0.0844858554152937
1427 2.1902108154150364 0.05159696478357892
1428 2.5635922373762745 0.10797860159277257
1429 2.503626598323193 0.035246263222900344
1430 5.404671710637533 0.2250264687540465
1431 2.3860076554469893 0.10430461132397154
1432 69.54460666129351 1.3042062369011826
1433 1.7727247748508852 0.058883651706814324
1434 4.688479165561181 0.12093831953547445
1435 2.3155942069842452 0.12194311977388902
1436 2.2643170972992377 0.01862251830277065
1437 3.815532684015816 0.11319389330912506
1438 1.6357374314644368 0.02937640140761377
1439 0.4950177631817455 0.026635433504771905
1440 -1 -1
1441 1.7043928190239885 0.07039229101168597
1442 1.2962264904049923 0.08305630986492941
1443 2.489681243937948 0.060318511065088135
1444 1.5721406090841847 0.05468663333545692
1445 50.8501735638989 0.39057948036110607
1446 1.5236996835507564 0.06946969417178171
1447 0.8693428645713012 0.06659449816660304
1448 2.6083411751565513 0.09807285141418598
1449 2.5643541561900025 0.12155471079777802
1450 2.2151538415430605 0.04278373125561613
1451 2.7452014062595507 0.1066025569942468
1452 1.7823531471220855 0.052379481363708506
1453 0.8659096199624782 0.08724283016082655
1454 2.131876872042689 0.14288710685781159
1455 2.665346989860694 0.03912745322906619
1456 4.5110451557660545 0.1254706450503345
1457 84.34228669926758 0.605702963506041
1458 1.101437020138189 0.04487238428748845
1459 2.6854987586009393 0.03815014324606283
1460 1.2675271231037992 0.05977869236933867
1461 1.796923747181287 0.029608908298105585
1462 4.8964077850015855 0.1374785894195467
1463 1.46106643622961 0.05188687707999016
1464 2.037238206385264 0.05930241788155801
1465 3.799370898328802 0.085000840889355
1466 34.18451201796599 1.0815723588468265
1467 1.6874097868039062 0.026738324687908866
1468 0.49679630199008196 0.08366544629870795
1469 3.3985125465288646 0.061314665693946085
1470 2.0050063330288626 0.034484962760680714
1471 3.792772583814876 0.053119971339472945
1472 5.362476529102687 0.0891885464833567
1473 2.9076574226290077 0.020868086313855966
1474 1.1367146280303804 0.0556206420895479
1475 3.2006993638290693 0.13274035389948297
1476 1.7018345194659539 0.09045970431670132
1477 4.174762061659678 0.12661108613287791
1478 0.9568215226826804 0.03801064067013433
1479 1.4411627774612874 0.009510240867305127
1480 4.433068748205586 0.05428284021686243
1481 3.1570584884463773 0.08205509609568551
1482 101.00245888835889 2.036116974252607
1483 2.6528505386678756 0.1026951948368553
1484 2.903190476904344 0.10324983848946546
1485 2.907532739378698 0.07938981992787214
1486 4.014045104810102 0.06792201415686021
1487 2.9386254331341046 0.05483299831075599
1488 1.6022803537084391 0.04274579850830736
1489 2.3028042478267907 0.01763268846145954
1490 2.258659382028568 0.09703805387136841
1491 1.6535520467352205 0.023666633450165647
1492 2.906909785959283 0.08109308644628824
1493 4.813842389279474 0.06905550271149623
1494 1.5085206264770954 0.035534133145908774
1495 3.5227750356250214 0.037606081102681294
1496 2.3736108654318846 0.06495957395034538
1497 2.125012032318079 0.04560572998657397
1498 2.641435334939382 0.037196940800562586
1499 9.610613061542086 0.2705928995875156
1500 178.28349020402044 1.3068628997630392
1501 3.003989857726131 0.05957728152283074
1502 0.48790010879249385 0.05562723168132783
1503 2.8915305158369984 0.06523996640533976
1504 3.154491293361467 0.013649064912677934
1505 4.461230957777554 0.10586872373870902
1506 1.4614704361514224 0.04527530661208641
1507 0.4996587179055151 0.10256521437063468
1508 4.52652948065696 0.06465948058095336
1509 1.7355015999666419 0.013388121956799613
1510 2.6635778162685257 0.07976886297653753
1511 4.564659260483404 0.16475184530356346
1512 2.354320146928077 0.042570001568759744
1513 2.2062800050371933 0.07844448775277155
1514 1.499552415687826 0.027923043508704032
1515 1.427114358812017 0.022734630946455146
1516 3.0076683653397827 0.04352687684938686
1517 1.4894894248340687 0.009269859558705679
1518 0.638386064133351 0.08290341893059244
1519 111.7434050612146 1.9039833318645585
1520 5.205215977365739 0.17057636627983483
1521 3.7834979781807414 0.11323168945379325
1522 0.4697001689244762 0.03508841946412932
1523 3.229004991622248 0.09139705829904513
1524 2.749318324717939 0.09984313263062729
1525 -1 -1
1526 1.9209312674861443 0.04637002528131052
1527 64.0744681733443 1.61376722035729
1528 1.269634179754072 0.032039405586866895
1529 2.608161403358161 0.01967044616406457
1530 5.583445779981678 0.11845327044047042
1531 2.7664927154799615 0.032697091778703335
1532 2.4750713014923593 0.03764500347085437
1533 3.0986632641475236 0.0779084325554486
1534 1.5283169222288333 0.048166865345272855
1535 -1 -1
1536 3.3020245495014047 0.047454983313269763
1537 1.4005412906553911 0.04876144821062789
1538 3.759762099490097 0.10275891662548108
1539 0.8027037879978712 0.05156562487053203
1540 5.4424357593279815 0.07943315103392411
1541 1.348109495045092 0.05939401416158524
1542 1.2109362783442195 0.02541184961337783
1543 2.2074513809128296 0.03546218089908621
1544 4.579099377032312 0.08797890026158993
1545 16.008232534188416 0.3302929567264988
1546 1.971429747844534 0.10747761746532676
1547 1.9316772935797608 0.07197767988959293
1548 1.7410415119950888 0.027658515340422254
1549 2.343842199765974 0.07300589544089131
1550 1.4267873392083334 0.07791476414520349
1551 2.535786307518124 0.014157087218617494
1552 7.690467388551028 0.1834228460370399
1553 0.8155812662192409 0.11172836170037405
1554 84.24282244970549 1.2978153717037326
1555 1.7830477004651486 0.0290033932518487
1556 1.6512288579303376 0.08373634439751827
1557 1.6040145922488167 0.09037480687015374
1558 2.041096129229561 0.026803280493117487
1559 1.6874444060017157 0.02751082559064562
1560 3.047009535078182 0.1002985827035532
1561 7.471201397134674 0.15897231158635072
1562 1.8485165041827638 0.04748197405853434
1563 3.194528661125415 0.10942310430537396
1564 5.353684108931522 0.10177606983979944
1565 1.5304254773515311 0.0778776598762722
1566 2.735927928790898 0.1758340706592262
1567 2.6489009969218458 0.0266759511051617
1568 2.3525942537331566 0.07349200652282731
1569 3.928319625936006 0.11150685469008147
1570 2.714215759830159 0.09371069184809197
1571 3.2010067473716477 0.1164520476955472
1572 1.3496199769190964 0.03720086290270187
1573 2.9442309282566916 0.13395353295729348
1574 4.5186488778456155 0.11627252767319705
1575 75.19774768121411 0.7842734503491866
1576 1.1694918296291477 0.048877279250856644
1577 4.058728006750118 0.024021676912682945
1578 1.5950317585845109 0.014836179388161636
1579 1.8195517352073958 0.022363129155111613
1580 0.6121234054036017 0.05114335901728528
1581 1.9240230732054133 0.11947047354208476
1582 3.1241304367454736 0.10347027260874456
1583 2.921674538161161 0.06825302207208912
1584 81.22584935730032 1.0071534793453207
1585 2.044937097893025 0.03521326591065768
1586 2.9986397566084193 0.049905635543183335
1587 2.5466157424454328 0.05788700138622827
1588 3.020794270794425 0.03932428354197813
1589 -1 -1
1590 3.803447912939486 0.05561500646451976
1591 1.0819281957471305 0.019094060052864216
1592 3.751771004991904 0.12691742855859028
1593 1.8986582231772156 0.0524081907092302
1594 2.0357165680526186 0.01763244209530614
1595 2.412116843411448 0.01132428621657757
1596 2.4660543830650328 0.023619374802999783
1597 0.9615758305424791 0.01833750513355818
1598 3.2388848879300434 0.03846733990656038
1599 1.7700914681344153 0.08207406477189713
1600 2.4633631166608914 0.09310155291835118
1601 5.609232170957528 0.14244707383456762
1602 1.9983168881126918 0.13836389248304398
1603 2.808643925455542 0.020422498144328453
1604 44.6235533972401 2.847211048437768
1605 0.7069419182832923 0.07734804560456959
1606 2.6218355119675905 0.04277588560003921
1607 1.7063765209531165 0.08103973981614004
1608 2.779362083611544 0.0718366589446345
1609 2.7014396086418593 0.0854574899695829
1610 2.0306786202225156 0.06265917677850091
1611 3.251374400366317 0.09923168251239364
1612 2.705566512077323 0.08109694480116052
1613 1.4701022477179306 0.07801145236180937
1614 1.936497458746234 0.09398170108316904
1615 136.1729956672868 2.9509447069775416
1616 1.9637843438431353 0.012454888510264585
1617 2.862568563496834 0.042785050706904075
1618 5.5695083696085845 0.1872919509757198
1619 2.2888217536319932 0.06062230540382277
1620 3.269437186222431 0.09675145181941132
1621 6.306997475148887 0.137832434603245
1622 1.8056060912086762 0.10314773126205602
1623 104.74175132705737 1.874635458617581
1624 2.062541314252316 0.11025387906966545
1625 3.5878602603764214 0.08755739068022021
1626 1.2704002216641372 0.08660073101032212
1627 1.9276121939030426 0.05937582807623696
1628 4.077987424789369 0.06510546693336233
1629 4.290126344804192 0.04177263495232216
1630 10.678417026994564 0.247701408291742
1631 8.197230276792284 0.12954518996897174
1632 0.2395916429360369 0.06521333809626807
1633 2.287704163490801 0.09582840318703734
1634 4.175270592753485 0.04583391148522898
1635 1.2432949045699913 0.05009004742402322
1636 1.5138612092574655 0.08344308171727735
1637 2.969566510118997 0.09844258548487249
1638 3.660176314610524 0.12346338412513079
1639 2.483681939019871 0.0532825881673148
1640 1.2306969596923476 0.04937459773712324
1641 2.3970685137467918 0.08999169476078273
1642 0.8609223902571549 0.032179008972930176
1643 0.9277207911454828 0.06032007366422897
1644 1.7425399093510348 0.023773143525471038
1645 2.2739966709991197 0.03760880705238007
1646 2.130549534716261 0.10361330180270606
1647 2.4338941649926635 0.03789640731439706
1648 4.529029703900332 0.09005335794292238
1649 0.8755448215906597 0.032960434300267474
1650 19.927386797414226 0.44148817494543996
1651 1.0793150191006657 0.03672339462221319
1652 1.0986150153360825 0.017486145016855102
1653 54.41566697096781 1.9155834596125216
1654 2.8490156565735787 0.04362512394431777
1655 2.0061249816642013 0.05362363233398172
1656 2.4850565698595513 0.078911222367997
1657 2.727699176769657 0.051310164352826634
1658 1.7649669340888006 0.01609135745270183
1659 3.3092521728672737 0.050462359633616234
1660 4.969391303572475 0.1008627565997668
1661 2.897305899410029 0.061734432612153105
1662 2.050108540977216 0.020389398379171083
1663 28.60418092241078 0.5656201116919599
1664 1.9579321941279046 0.09531891620348916
1665 -1 -1
1666 1.9716876206541447 0.021740979348587923
1667 0.6150898812005525 0.15357118704526773
1668 165.95594729699647 1.3754035234988593
1669 1.8150908792943656 0.0354032097364661
1670 3.928539650101008 0.12336620407492828
1671 63.99086469608221 1.230605178544845
1672 1.0487374641044833 0.05316854700459884
1673 3.3851104465106983 0.025656973073794977
1674 2.5717809709423944 0.09872682591539729
1675 1.6708905166280936 0.051517574952135554
1676 0.8604767364071246 0.017713809708682686
1677 61.79612163641565 1.0643875400770393
1678 5.336649706018139 0.1176976633569027
1679 3.742441975688594 0.08903883762857724
1680 3.4185345608259157 0.11373337374131189
1681 1.9578167527546482 0.07894000995140589
1682 2.935664922865198 0.0542000472045297
1683 2.1815616964070634 0.07542618551830556
1684 4.278921844872159 0.04548296905647544
1685 2.992525461395602 0.08983485200589207
1686 3.6931482291861557 0.04951096924460946
1687 1.3029031161327274 0.019870679288728453
1688 2.683458538166542 0.04951829027841789
1689 2.520604707163705 0.06968449155966432
1690 3.243444780322639 0.0411717882488645
1691 2.7616919836161573 0.07339146634397865
1692 3.9450526894524467 0.03926613794004472
1693 2.837583462520643 0.019959543280286197
1694 1.3129247628085803 0.14916543793931547
1695 1.7266050245289002 0.060369806005853004
1696 2.7186268471479096 0.07671179973592973
1697 2.475530427012234 0.09261371916705247
1698 2.2676783067172415 0.038064898619286566
1699 3.40466228854187 0.06452066273271446
1700 15.1151403239296 0.32153523782596816
1701 2.365800152419392 0.0199108378509634
1702 2.3275068054465575 0.05337897044578499
1703 101.14008186064012 1.1881934490625194
1704 2.591322708833354 0.026230011704252498
1705 3.026559474463534 0.07340929546591664
1706 2.9833132668612468 0.04623142005619355
1707 0.9410268508893359 0.06756547486169212
1708 0.773236577028022 0.022738513784581006
1709 1.3043639411511039 0.07624535842816862
1710 1.7798934700843823 0.034392931700335846
1711 2.3428656244974757 0.08158659368146483
1712 4.019251118583584 0.04953664222199646
1713 2.636586251252749 0.05437569119327814
1714 2.034042910949153 0.02499896234135095
1715 10.138586532444863 0.17623500964384017
1716 1.513556591295691 0.11163403710093532
1717 1.5882398452046549 0.008791517408467169
1718 3.0666435830832497 0.028586496330639817
1719 1.8175897915462593 0.055393705736689766
1720 6.488076284790011 0.16501976460444906
1721 1.5885513666579154 0.06018134421491658
1722 2.730547949995551 0.06099016112182977
1723 2.125291995990894 0.04644685615319966
1724 14.87369910856839 0.44651917861437873
1725 1.059068596959678 0.07630406403087499
1726 2.2094246556949413 0.018471754268546126
1727 2.7107779460555994 0.1121357044077989
1728 2.911734044184634 0.025995570506693665
1729 1.9763443641798317 0.05982846446929351
1730 1.370783666980024 0.01635952347387374
1731 3.0386536399702244 0.08979055523313662
1732 3.2293537719130865 0.11836351939638813
1733 3.3153466277132195 0.06787810439266005
1734 1.107165459526279 0.07367230269319493
1735 4.1186170832086955 0.07510366578187726
1736 151.7315493864662 0.9874260764216571
1737 2.6903606878169057 0.023594249503033123
1738 2.407123191071198 0.019223705680587982
1739 149.11139236125675 2.0249863488292372
1740 -1 -1
1741 1.3792875162548455 0.020655362095984862
1742 1.912679179334572 0.04426470533217081
1743 2.190603364028172 0.015292969780007395
1744 -1 -1
1745 4.51923317569845 0.13019496749215062
1746 3.0862894285377007 0.06257552153694201
1747 6.995711242528256 0.15665561530763544
1748 3.491799795541067 0.10238391070907552
1749 2.0589493407818336 0.03797985287601782
1750 1.0915331430488615 0.08662473946185256
1751 5.353350903010809 0.1246441614579434
1752 2.856564196447357 0.11650838430603218
1753 138.82258133070312 3.491543677819554
1754 3.0335261365610147 0.07207517834993957
1755 0.9061573484955031 0.07784094539599017
1756 2.083303732753312 0.09779443860198897
1757 4.555498596657827 0.07926938773361822
1758 3.1981917899284302 0.040529776872167224
1759 0.8660637829419479 0.08489463246696105
1760 5.8447420166861175 0.0820210275632411
1761 4.283422032591053 0.08613224884830584
1762 1.8331444551217937 0.041438475847228366
1763 96.39999425282534 1.7188115933390853
1764 54.55560133231729 3.009361239632152
1765 3.2542134522669093 0.1209348112662212
1766 -1 -1
1767 0.9745270226707281 0.0686362173706383
1768 2.030973482976674 0.013760882518823386
1769 1.6150606499886169 0.03914533676983854
1770 103.05128594507481 1.5013897586411753
1771 1.9523260806112412 0.05045487823627091
1772 2.137824868013849 0.08779431594097845
1773 4.541293704271951 0.135224533120625
1774 1.8859055799514663 0.07634694134507813
1775 47.890153052414064 0.717464828406243
1776 2.440345181283504 0.09417944873509078
1777 3.37204128254936 0.14125780693143827
1778 7.470389522607033 0.15659947433628899
1779 2.0809702240797154 0.012686575143965874
1780 2.0139285427789 0.0378950966411346
1781 2.3370623073379058 0.0723484649752679
1782 2.7609907399048317 0.09432742740215325
1783 1.9805973203041793 0.08777773775262189
1784 135.01464015913245 2.1382657832278014
1785 1.7787032753522005 0.03184001799234898
1786 2.7810328056376683 0.06516379593498764
1787 1.8566314515166706 0.06441694389775414
1788 10.561849795231165 0.19509675287597897
1789 4.91682124956703 0.10571961343295518
1790 11.23058993122785 0.21491881170756205
1791 2.000586256763076 0.046852192932967565
1792 2.7791703649689654 0.04360205562807461
1793 0.8611148519503157 0.014531722360431508
1794 1.9137356696833934 0.023253842085627377
1795 -1 -1
1796 2.6521645423292974 0.10710977222368302
1797 -1 -1
1798 2.3146291449762684 0.10679809142589368
1799 2.5874951745352655 0.07512166397781146
1800 12.8692079369273 0.26627321965894774
1801 3.1787789243287325 0.10898520032694008
1802 1.9014560321611307 0.05679347920837644
1803 2.416918191444423 0.03347896820886886
1804 9.31255892224884 0.21461155645698057
1805 0.7367094570247377 0.04717503056280759
1806 3.477417561345718 0.11976808333933096
1807 2.4483294093032693 0.06887964776268979
1808 1.4458356409168553 0.013593382155564323
1809 3.59099656856073 0.09881580026317223
1810 2.0441006648971802 0.04112999257720009
1811 1.2014413295165307 0.09785951101324042
1812 0.945811380873795 0.011298681232641921
1813 1.6688522154955658 0.03386861073474357
1814 2.827766056341038 0.03496199206038953
1815 4.166324174392637 0.13469491240640372
1816 2.1806356382358323 0.030000439607439332
1817 2.3129715181224513 0.05894596899572255
1818 1.9342742777309414 0.11564726638536856
1819 3.5301489347655868 0.0581460781321678
1820 2.265092648076898 0.04093582991453674
1821 2.317564653499272 0.01538498561192457
1822 2.439218633929103 0.07203018559820518
1823 62.39192673663234 3.6243629411613743
1824 8.229142108434592 0.19426341833830954
1825 0.6925919498489744 0.03309249963081477
1826 4.120153731310561 0.1216177070615076
1827 2.3275450888634786 0.04193016688643273
1828 2.0330547418273137 0.07689427537553793
1829 2.35600166903236 0.017715256970228882
1830 7.962162402917279 0.16821909147856004
1831 1.4773363385047364 0.02004852813579145
1832 3.9470447730921774 0.0648016988873608
1833 3.4518983679982305 0.03126552049615704
1834 95.07989306088821 1.5300193854193316
1835 2.244830438354731 0.030211066055978897
1836 3.7356270178526976 0.052615783309047454
1837 3.3449754446146573 0.19268657621278382
1838 8.610681433577616 0.1537588779766038
1839 3.3420715372400074 0.07269174529948715
1840 3.860764898798877 0.08106470298141744
1841 1.6840729610306293 0.07653478068451337
1842 72.87222614292398 0.8728112452749904
1843 112.10345737106547 1.9139645662278049
1844 2.7053070176760854 0.03705229307845547
1845 2.64078191190336 0.12934424583896512
1846 1.8551711132975868 0.07643135422829739
1847 6.863947421744456 0.1586877610515267
1848 7.292053898390972 0.13360111745814288
1849 2.5565308740533967 0.0778051861419292
1850 4.991342766234615 0.060673914959964076
1851 149.2753597779769 2.418141931499786
1852 5.75851758814406 0.1554617815010361
1853 5.260390140844916 0.1638560475312918
1854 2.804780320348717 0.05423918425083533
1855 2.268565414966486 0.015673983632273996
1856 4.769203422577283 0.09936762959791687
1857 2.2079630977055436 0.033572152782628616
1858 75.57329725528233 0.5941337475686765
1859 -1 -1
1860 2.68842680342406 0.09207517851192071
1861 1.6596969682619553 0.033313355319659003
1862 1.8944298521566192 0.031227352541401812
1863 2.270160283111308 0.046286561576134214
1864 3.773220414809276 0.0666389013793977
1865 2.44906409236032 0.03567436929522911
1866 3.3722656759501297 0.09814585076175544
1867 1.3225525087900973 0.10992383981419943
1868 2.55678837402027 0.05822710849098471
1869 4.484355995402601 0.14991746369655026
1870 1.9738115699338832 0.03856712143430692
1871 2.6563365663086205 0.036241586449354504
1872 13.682367645100125 0.13479452986501628
1873 2.560065542316952 0.07278948054052836
1874 1.757832070602657 0.04090150114657388
1875 2.8963529508705137 0.05498531450692118
1876 1.6502829440814517 0.1500833030550023
1877 90.29987790336956 1.3292838683449564
1878 7.828208916660625 0.22760015491964863
1879 1.322432473035605 0.05013689038371561
1880 2.3699658689610894 0.012456072499662098
1881 2.973332750157116 0.020387274594173915
1882 1.6455443560888237 0.02632158091050788
1883 1.5866308946180914 0.09115220275730827
1884 2.0991873873849047 0.008692122936926828
1885 3.514959678252897 0.10659518596697333
1886 4.225407845962122 0.10153164344900903
1887 3.109375207394992 0.02617518799804118
1888 -1 -1
1889 155.87135583883543 2.8397221730133726
1890 1.9129257950151173 0.024448971719780336
1891 1.5534320936177397 0.021833314122371203
1892 13.298296217456944 0.30206008580164784
1893 0.8973811115361037 0.05548375061282955
1894 1.2354956565420026 0.10096243295848668
1895 2.9783805690640093 0.08604339782592896
1896 2.866365637165285 0.20967938347871587
1897 2.7894376247352994 0.0586764634824701
1898 1.9943085822395912 0.006569271798071618
1899 2.864288580588054 0.07233932492562758
1900 2.1626470929380073 0.06114671073791247
1901 69.63432415972545 1.8777694536460758
1902 3.2121077393123136 0.09746606188160432
1903 2.0200169869738613 0.0880524338597177
1904 0.5454036104284687 0.09698112929673129
1905 2.971974019414032 0.03645687965623087
1906 2.829487623485515 0.08462721983566457
1907 1.8086793018003509 0.04530670025430255
1908 2.68369284383249 0.05837704499912384
1909 103.6483989977177 3.565752868041635
1910 2.7840626711215144 0.053060167781804425
1911 2.9427184110120184 0.08418817847693465
1912 2.872033493831599 0.08112813308835369
1913 0.9838895956332998 0.06431097913181284
1914 1.1781307017822606 0.0481254996775577
1915 1.2766953741513702 0.07171037672729841
1916 1.196259958637493 0.02697270512139662
1917 4.67736028892406 0.17385483739275526
1918 6.804357850942659 0.10824394891487067
1919 5.714291077008401 0.1664311221070162
1920 1.8436226406545206 0.07436534963288118
1921 2.302206975052007 0.0768261910167568
1922 2.388469616686341 0.04266599271406979
1923 2.237416116092401 0.04910405458704764
1924 -1 -1
1925 6.227334275338339 0.17416357034806837
1926 4.8248790357656315 0.04749422826655768
1927 32.592208113758865 2.060760733459984
1928 -1 -1
1929 3.7257082989841086 0.07159497096401075
1930 2.6396740608434675 0.10194752506095937
1931 4.4081774681961 0.0568072544982997
1932 -1 -1
1933 1.8035939615449863 0.024426273028872323
1934 5.950019545187437 0.10979996193601865
1935 0.24659068302543696 0.028474922852046707
1936 4.1486924268128025 0.1830592576785458
1937 4.7385677942920434 0.08723621178632646
1938 2.313412350178393 0.04569611341217404
1939 1.432612353678859 0.021023332250870184
1940 4.605126014896998 0.12335944621575877
1941 3.0041369779857376 0.024959212707642613
1942 2.158879320884847 0.057014662319349846
1943 -1 -1
1944 8.511174461695223 0.2281557899862811
1945 0.5105114464379004 0.07280480313007823
1946 3.098727783228551 0.04549295805163333
1947 2.3546053099182487 0.06518978131713958
1948 1.040333652408045 0.022551247701379493
1949 0.7940338455226701 0.06619163171642639
1950 134.27516057280647 1.1492778402670183
1951 4.103718761431305 0.013767746882495806
1952 4.614159728319564 0.05832923130830897
1953 1.9395403240108307 0.018495121445845038
1954 157.04412867022737 1.7162491983931083
1955 -1 -1
1956 2.0406942388127773 0.05264853318853239
1957 6.4052958185862465 0.24263332081476452
1958 2.611105672529101 0.10634835083396407
1959 2.0057916432055802 0.07057134944189936
1960 81.08287130677047 1.1032712635435928
1961 1.7147824402093812 0.06318727514296238
1962 1.4972854685482249 0.043681399587162606
1963 5.930813263230289 0.078528027806166
1964 2.1296643280917147 0.07815387897820125
1965 1.697204996236389 0.06448200349417048
1966 3.5279188800993566 0.05348819809735637
1967 3.01357435316382 0.0862628307611587
1968 2.4922039614434794 0.03391980746335356
1969 3.3831232681123753 0.07322671901779475
1970 1.9653834694155832 0.016261160964834657
1971 2.2100866354476594 0.020948123027760952
1972 2.321528072348145 0.04180476417473563
1973 6.086954694020936 0.11185337137202957
1974 2.20052338086178 0.039657156017344784
1975 6.3519457779914115 0.23639111233104726
1976 3.364396480233793 0.025838931983077747
1977 1.678435870843603 0.12149130861972235
1978 3.273071035707778 0.16291419657647907
1979 2.157993268651956 0.05456022503420526
1980 161.87843107660896 4.214404302482768
1981 2.3926406617067206 0.0531897946352642
1982 3.3929721344601567 0.12916925736873563
1983 4.268570871279099 0.04200804187146833
1984 3.134292125524604 0.17234738664495527
1985 0.6204575858644625 0.07869209978203193
1986 2.141299860330365 0.03872502236641497
1987 1.8024230709999323 0.04106933943767128
1988 2.6436848650978098 0.026444369640832608
1989 4.1289539322462865 0.1134391716850734
1990 2.732602259664327 0.02279729339675553
1991 3.1920313021751783 0.03759129848360144
1992 -1 -1
1993 3.0038816731183853 0.02762538156485773
1994 8.88468375700474 0.19804186313904631
1995 4.550413174898589 0.06761679161549491
1996 2.997073681362708 0.13534107959357794
1997 3.2464778035436264 0.07395499806060132
1998 0.8262495991616073 0.055451741833265095
1999 70.1408820663303 3.2985118113943384
