0 1 137 138 0.5137495493639785
1 1 582 583 1.2520187625905344
2 1 64 65 2.1315767685032
3 1 261 262 1.3109680653555877
4 1 120 121 3.1782060897250473
5 1 507 508 0.29258977680596654
6 1 460 461 1.97416406512523
7 1 483 484 0.5024913745024557
8 1 388 389 2.3434323158597317
9 1 214 215 4.07612200121268
10 1 96 97 1.307177965750219
11 1 499 500 1.1108573133519344
12 1 29 30 0.8506153083123303
13 1 399 400 1.8198229673984947
14 1 443 444 1.889340130918193
15 1 622 623 0.3675826447414157
16 1 2 3 2.7982669460398846
17 1 456 457 2.31227500647718
18 1 272 273 0.7081192589244512
19 1 234 235 1.2186505589216483
20 1 605 606 0.24265656620089224
21 1 104 105 0.9779844985889116
22 1 325 326 1.3273615232372962
23 1 31 32 1.4297748131443275
24 1 22 23 0.0
25 1 26 27 0.0
26 1 554 555 1.4982073674490393
27 1 9 10 1.91408372294349
28 1 390 391 1.3768582385535775
29 1 221 222 2.219753738616573
30 1 432 433 1.444517546711301
31 1 540 541 0.6233098399058932
32 1 227 228 0.8007070406938227
33 1 448 449 3.6050262815751246
34 1 566 567 0.06155631560277887
35 1 238 239 0.82832321453105
36 1 353 354 1.3850729269225919
37 1 236 237 1.2697239899303079
38 1 224 225 0.8284022669228857
39 1 470 471 0.5323145985983812
40 2 296 298 1.726530153954328
41 2 22 24 0.0
42 2 426 428 4.193236425430987
43 2 569 571 1.9810840963437761
44 2 102 104 1.5345372694400503
45 2 190 192 3.8206366667902385
46 2 303 305 2.237034016165159
47 2 123 125 2.312173206325647
48 2 340 342 3.4887211411826535
49 2 512 514 1.5092343415894012
50 2 432 434 1.3094355299669085
51 2 519 521 4.481478816651555
52 2 194 196 2.2988156750604105
53 2 310 312 1.8600898385557891
54 2 290 292 3.922813802886121
55 2 601 603 1.0091597104529006
56 2 511 513 1.5076648080580568
57 2 517 519 3.6178197034008734
58 2 402 404 4.178370407977927
59 2 603 605 0.7386104056260573
60 2 35 37 4.342014777531183
61 2 491 493 0.8842919307680649
62 2 248 250 1.7823385624063863
63 2 413 415 3.6748002068469963
64 2 424 426 5.694503597704705
65 2 177 179 4.1022736659072345
66 2 375 377 5.290882933778389
67 2 561 563 3.2553314402146096
68 2 383 385 2.50482477321828
69 2 88 90 2.932683429433861
70 2 449 451 7.323811514568847
71 2 520 522 3.860234872650628
72 2 110 112 1.8093854055642022
73 2 167 169 4.028414003321508
74 2 533 535 0.9339575092308569
75 2 379 381 5.804752846777307
76 2 501 503 1.6941168575533978
77 2 30 32 2.445205018415464
78 2 480 482 0.5764665025421709
79 2 44 46 3.987347718824641
80 3 315 318 3.987368805180858
81 3 629 632 0.16957730702602702
82 3 607 610 1.2947489369833587
83 3 592 595 2.7113343501503344
84 3 403 406 6.119063620532146
85 3 174 177 3.563290923873556
86 3 172 175 4.787165676169273
87 3 514 517 2.8331245326537764
88 3 232 235 2.8610451999772217
89 3 12 15 3.4225285571264985
90 3 204 207 4.132702842690321
91 3 552 555 6.864930834360945
92 3 561 564 5.652415651341723
93 3 237 240 2.420786236102728
94 3 414 417 5.993286487746669
95 3 526 529 5.019752474180809
96 3 352 355 4.549218033934942
97 3 591 594 2.900100100695021
98 3 361 364 6.304331112356907
99 3 470 473 2.3780196444683543
100 3 275 278 4.946970124204453
101 3 623 626 0.47103954101672135
102 3 5 8 7.326703941872
103 3 392 395 6.332520666254685
104 3 524 527 5.804752583729103
105 3 132 135 6.548597005252626
106 3 531 534 2.2597855421106585
107 3 574 577 5.908087894109083
108 3 210 213 2.1153334423540473
109 3 436 439 4.428412169863894
110 3 57 60 4.928193749777174
111 3 492 495 2.699669316231988
112 3 373 376 7.177235536727067
113 3 583 586 4.274749795696902
114 3 567 570 1.4200480341263908
115 3 516 519 4.538912305256881
116 3 423 426 7.962555915007533
117 3 496 499 2.338393042577955
118 3 365 368 3.4505380367100025
119 3 424 427 7.4803610701201615
120 4 354 358 4.639774251100751
121 4 1 5 10.4896187472534
122 4 551 555 8.474926814740666
123 4 553 557 5.986332468010031
124 4 627 631 0.3802201172900977
125 4 339 343 5.735609921331008
126 4 469 473 3.1874444231837624
127 4 614 618 1.3233706971824248
128 4 28 32 5.203864500508889
129 4 235 239 4.3463202511649826
130 4 181 185 7.290272507558599
131 4 563 567 5.858125802050353
132 4 598 602 0.40235277425641885
133 4 185 189 8.115080743301954
134 4 93 97 5.870747766955218
135 4 564 568 3.7022260387321726
136 4 261 265 5.11025143313759
137 4 33 37 7.65524270496822
138 4 72 76 11.862942080033276
139 4 85 89 5.280017878942273
140 4 17 21 2.8453266143605513
141 4 463 467 5.2321138383058
142 4 14 18 1.5813204730341586
143 4 287 291 10.142810915530067
144 4 255 259 5.033532098392707
145 4 275 279 6.702231657109729
146 4 112 116 9.197347034448482
147 4 189 193 6.846109946479778
148 4 352 356 5.75171790668006
149 4 297 301 1.0072830580778285
150 4 71 75 12.34768890266073
151 4 171 175 6.647936564140106
152 4 163 167 10.353118014584714
153 4 540 544 0.8281148762400946
154 4 172 176 5.390325937898904
155 4 279 283 8.934781529718812
156 4 301 305 3.673870924161353
157 4 465 469 2.641917325444213
158 4 329 333 5.3428495590186
159 4 508 512 1.4206341430672353
160 5 485 490 3.6556534942931425
161 5 116 121 16.953974264717463
162 5 24 29 9.994667882967821
163 5 319 324 8.737779922077126
164 5 395 400 6.42071202558215
165 5 351 356 7.094325942835191
166 5 431 436 2.437213664345595
167 5 192 197 6.1029116489585915
168 5 264 269 2.5803468587561977
169 5 111 116 9.913145857422439
170 5 259 264 6.638445428582323
171 5 522 527 9.26990225373625
172 5 214 219 17.57271497803089
173 5 620 625 0.32207861215711936
174 5 442 447 12.559237077551414
175 5 21 26 13.538989742981961
176 5 230 235 5.183262442045564
177 5 18 23 8.227387582770714
178 5 406 411 10.215945271489675
179 5 149 154 2.3114488645852576
180 5 36 41 13.670630397869429
181 5 164 169 10.90720283473615
182 5 456 461 10.697041328535196
183 5 518 523 8.841002793054695
184 5 436 441 7.880696847197256
185 5 557 562 9.34717172821994
186 5 225 230 3.6956013286358536
187 5 528 533 5.968456318401684
188 5 461 466 6.833563139370793
189 5 228 233 5.464782923646109
190 5 536 541 2.5085917193630927
191 5 31 36 7.916621633560393
192 5 404 409 9.306886849611328
193 5 589 594 3.58015058456292
194 5 328 333 7.037835410049739
195 5 60 65 7.835212226939976
196 5 305 310 3.5509397882362004
197 5 128 133 11.266719633442197
198 5 217 222 14.158479192702195
199 5 48 53 17.300231652849064
200 6 313 319 7.914790347425653
201 6 72 78 16.76483499129383
202 6 78 84 4.525093619212842
203 6 317 323 10.336189194903238
204 6 305 311 4.534331148215761
205 6 162 168 14.833508258803619
206 6 426 432 9.715056834781212
207 6 578 584 9.56732387631228
208 6 258 264 7.827530143212392
209 6 133 139 7.720895909190142
210 6 8 14 9.970940543133164
211 6 574 580 10.472898935799728
212 6 38 44 15.376206201842795
213 6 604 610 2.2333487368297735
214 6 222 228 6.04416410368921
215 6 583 589 6.891794427247202
216 6 471 477 5.039987803747523
217 6 175 181 9.367267675870377
218 6 521 527 10.54286368646024
219 6 387 393 11.075282601835225
220 6 205 211 9.549294541649093
221 6 355 361 10.009725802072024
222 6 101 107 4.804465378495963
223 6 210 216 9.134849884566846
224 6 587 593 3.983128831526474
225 6 443 449 15.76429320222383
226 6 605 611 1.8256629922779712
227 6 198 204 6.901772498165097
228 6 504 510 3.6739110739189305
229 6 106 112 5.428615711130337
230 6 399 405 10.913503801270279
231 6 303 309 5.23232483729491
232 6 516 522 10.237741746414724
233 6 511 517 4.222094951397656
234 6 17 23 9.306538703863312
235 6 333 339 6.102705493038717
236 6 626 632 0.5909946864664196
237 6 411 417 11.778527948877269
238 6 288 294 11.930623013937232
239 6 18 24 8.227387582770714
240 7 160 167 18.2849271397951
241 7 205 212 10.776998217047794
242 7 335 342 7.590926568944616
243 7 576 583 11.122935480849918
244 7 138 145 5.962368143445748
245 7 347 354 11.49087679653736
246 7 439 446 15.617861699234503
247 7 218 225 13.950412019209717
248 7 272 279 9.317113459417799
249 7 98 105 6.662288183528894
250 7 388 395 13.77759531938191
251 7 560 567 12.483468119838411
252 7 352 359 9.773861527729546
253 7 547 554 10.039738016489249
254 7 496 503 5.148636183186674
255 7 545 552 4.916989751193479
256 7 240 247 4.841878913503466
257 7 66 73 17.065116491338642
258 7 41 48 17.39127248620157
259 7 86 93 10.138005467706465
260 7 136 143 3.2518995944008364
261 7 173 180 8.519020016626135
262 7 170 177 9.090317091588874
263 7 551 558 12.938047248751703
264 7 274 281 12.391998768753034
265 7 340 347 10.528020020262629
266 7 614 621 1.3838554611917826
267 7 518 525 12.72586793028552
268 7 261 268 5.787319891048379
269 7 376 383 18.11551607678694
270 7 346 353 12.546735731553186
271 7 348 355 10.828471146926358
272 7 116 123 22.314841282925222
273 7 298 305 4.1497578027929745
274 7 618 625 0.33722118925133304
275 7 500 507 5.538253088843717
276 7 593 600 5.360965112499176
277 7 564 571 1.8861084083798674
278 7 106 113 6.950618841465751
279 7 328 335 9.528732382362584
280 8 40 48 20.773375803896332
281 8 416 424 18.679892426706264
282 8 74 82 11.436635957688646
283 8 389 397 14.283507669315018
284 8 150 158 7.412831079127683
285 8 128 136 17.38011710397233
286 8 349 357 10.615860180277975
287 8 117 125 21.39477729796798
288 8 601 609 2.9699831688616816
289 8 387 395 15.303287660495359
290 8 78 86 6.027164006158522
291 8 584 592 6.541014774354225
292 8 563 571 3.816157369909662
293 8 229 237 7.787469119929233
294 8 579 587 11.05795211045034
295 8 83 91 9.36561741946817
296 8 273 281 13.293658969184634
297 8 373 381 21.118527753241374
298 8 302 310 6.045250055092872
299 8 577 585 12.147914480846909
300 8 547 555 11.446975054346984
301 8 468 476 5.330594913537916
302 8 283 291 21.644628115411678
303 8 110 118 16.86827914728077
304 8 46 54 26.579750213343768
305 8 12 20 1.8819895332328396
306 8 14 22 9.403259622652227
307 8 93 101 12.17406151217385
308 8 423 431 16.010801996671834
309 8 192 200 9.177768862807735
310 8 245 253 3.3242599354736075
311 8 600 608 2.5906175325963785
312 8 431 439 3.918489846258194
313 8 165 173 8.182848298080046
314 8 118 126 17.948786136986975
315 8 461 469 7.59364376997991
316 8 171 179 9.700163759023884
317 8 247 255 7.156996113169765
318 8 162 170 17.54371191547078
319 8 105 113 7.7262652981404445
320 9 445 454 29.7754167267329
321 9 387 396 16.715360619230758
322 9 555 564 14.278335544254022
323 9 301 310 7.006446100735037
324 9 563 572 2.8640645567478606
325 9 259 268 8.091483316087796
326 9 488 497 5.566348275080075
327 9 322 331 12.313817034177164
328 9 102 111 7.369785091378939
329 9 212 221 26.469806970145314
330 9 325 334 12.590566017331092
331 9 40 49 23.147623008260762
332 9 27 36 11.838314807765125
333 9 10 19 4.461491744724431
334 9 302 311 7.063048136845099
335 9 610 619 2.76951706670248
336 9 327 336 11.747103291158087
337 9 460 469 9.445450461767628
338 9 400 409 16.11807935164958
339 9 320 329 13.354737199889426
340 9 408 417 18.159769037874337
341 9 64 73 19.353532882904258
342 9 65 74 22.225056561515387
343 9 324 333 12.211383921491597
344 9 615 624 1.2107941759875485
345 9 466 475 3.8398138544190172
346 9 114 123 27.830228344267297
347 9 256 265 10.422241645495482
348 9 220 229 12.242956922597267
349 9 480 489 4.0557026048813
350 9 364 373 10.51743800336266
351 9 265 274 6.112235300524319
352 9 187 196 14.466086979035607
353 9 554 563 14.174517711558307
354 9 314 323 13.975484608870019
355 9 203 212 12.43702182759372
356 9 252 261 11.954524892721354
357 9 369 378 18.009730239554575
358 9 83 92 11.278019907685572
359 9 287 296 15.992160329344511
360 10 91 101 14.846400311880679
361 10 458 468 12.586181419974668
362 10 92 102 14.267032556418966
363 10 588 598 7.678393084734336
364 10 347 357 13.56537837204992
365 10 232 242 8.845107335481591
366 10 399 409 17.497144907072688
367 10 314 324 15.183330572514597
368 10 42 52 26.599876966925528
369 10 335 345 11.363080975978614
370 10 191 201 11.524601989383124
371 10 324 334 13.553688049951191
372 10 592 602 5.76368203757777
373 10 310 320 12.302970222127653
374 10 251 261 12.540868309106113
375 10 342 352 16.68806900589631
376 10 103 113 9.413679952898521
377 10 557 567 15.386558494362532
378 10 610 620 2.6923406172843167
379 10 94 104 12.695674236610419
380 10 250 260 11.852381644884218
381 10 225 235 8.658072931299989
382 10 20 30 17.067301364325118
383 10 249 259 11.531887514835452
384 10 411 421 20.076223838729135
385 10 74 84 12.281351170882086
386 10 274 284 19.80574162697997
387 10 564 574 3.8641986058082396
388 10 72 82 17.847102546676528
389 10 76 86 9.561506204538995
390 10 22 32 12.91500316163478
391 10 10 20 4.10302493834195
392 10 297 307 4.940865681901339
393 10 367 377 17.023383380277544
394 10 505 515 3.273261322709289
395 10 480 490 4.928413568144204
396 10 157 167 23.983626083409323
397 10 513 523 12.97574317500059
398 10 78 88 7.49116773108643
399 10 521 531 15.004433325056052
400 11 177 188 19.068403564968058
401 11 183 194 19.87949876954277
402 11 153 164 21.510380410935564
403 11 144 155 6.446556589310228
404 11 327 338 13.715669652010636
405 11 312 323 16.186706024222392
406 11 109 120 25.71538538418618
407 11 526 537 8.783604826813459
408 11 616 627 0.5283530789776044
409 11 300 311 8.615945497678391
410 11 129 140 15.774782715000233
411 11 211 222 26.735985736404
412 11 145 156 6.981741063840755
413 11 558 569 14.11155123160078
414 11 32 43 23.956360041558
415 11 323 334 14.499847251225326
416 11 566 577 12.390844238368864
417 11 210 221 24.089811383489447
418 11 182 193 20.117652213381955
419 11 306 317 10.27837453728205
420 11 443 454 33.719533076007295
421 11 550 561 19.91600784554193
422 11 161 172 18.182485065317557
423 11 49 60 30.00770416696698
424 11 253 264 13.852025399158206
425 11 258 269 8.933794030793651
426 11 65 76 26.888670918763477
427 11 457 468 15.597229606353176
428 11 440 451 29.157826208897173
429 11 562 573 3.3798194294570463
430 11 256 267 10.790365640954278
431 11 554 565 16.474770136030656
432 11 449 460 30.431955042060366
433 11 464 475 4.997148757908445
434 11 11 22 5.514539895928157
435 11 405 416 22.206763521174704
436 11 346 357 15.628111840503555
437 11 175 186 18.039262902335636
438 11 264 275 6.3842995633066595
439 11 497 508 7.486393407478277
440 12 24 36 17.533615646747627
441 12 426 438 8.538541080647416
442 12 584 596 9.25726563107463
443 12 19 31 18.49739865763695
444 12 63 75 26.228928139360942
445 12 363 375 16.567382655936743
446 12 593 605 4.009640315591041
447 12 141 153 8.291604809118805
448 12 607 619 3.6180522660603174
449 12 128 140 17.745692028759347
450 12 265 277 9.424086484155493
451 12 283 295 26.34260326007943
452 12 407 419 24.032503998991043
453 12 577 589 15.132447797130032
454 12 410 422 24.802272732166994
455 12 176 188 20.564290061444304
456 12 91 103 16.239914570744254
457 12 239 251 7.75452397358229
458 12 497 509 8.062696541276214
459 12 7 19 10.097101062497622
460 12 181 193 21.585832620764705
461 12 541 553 8.580627287415972
462 12 324 336 15.540956866572374
463 12 512 524 14.826691365364232
464 12 448 460 33.9914535943411
465 12 231 243 10.667482663547187
466 12 244 256 7.9038895913202
467 12 320 332 17.17338347385269
468 12 506 518 3.5479294186856016
469 12 490 502 5.47842362868477
470 12 230 242 10.392874281317772
471 12 422 434 21.350764956590545
472 12 345 357 16.966801150316925
473 12 573 585 18.64820961476341
474 12 281 293 29.26104778259975
475 12 224 236 10.61507248037458
476 12 49 61 30.3444875533335
477 12 73 85 16.20191814507426
478 12 523 535 12.667264237434164
479 12 377 389 22.27106327344022
480 13 163 176 14.398469743429429
481 13 523 536 12.421610761556183
482 13 208 221 20.63081336340215
483 13 319 332 19.091657947222156
484 13 305 318 12.140141262802267
485 13 306 319 12.99529973778337
486 13 565 578 12.275195341129065
487 13 380 393 21.39839723021713
488 13 169 182 12.996830574185749
489 13 475 488 4.64036827783806
490 13 608 621 3.3073621135580744
491 13 87 100 18.647266109258016
492 13 126 139 22.286125627690982
493 13 620 633 0.8644756580330134
494 13 526 539 8.313671236337132
495 13 584 597 10.065462383302666
496 13 386 399 21.647894288984386
497 13 180 193 22.70121136657578
498 13 159 172 23.163049483426278
499 13 256 269 10.871236183059214
500 13 436 449 27.658632006908338
501 13 222 235 12.84245377913985
502 13 583 596 11.498310891877338
503 13 53 66 21.759447283181885
504 13 506 519 4.4298787216356486
505 13 403 416 26.325456036841405
506 13 356 369 19.84085279374696
507 13 393 406 15.12436335128176
508 13 527 540 7.733098630969429
509 13 168 181 11.72648216773778
510 13 557 570 14.034518406599606
511 13 41 54 36.148112850268305
512 13 536 549 4.440553350815539
513 13 92 105 15.720819148314062
514 13 261 274 4.814170469398331
515 13 103 116 17.005275063167915
516 13 273 286 25.782343885314802
517 13 85 98 18.529843094343885
518 13 142 155 8.034261707774986
519 13 83 96 16.847187585008598
520 14 455 469 20.102206591594893
521 14 246 260 12.55042666522729
522 14 391 405 17.17114152386533
523 14 443 457 40.51139657411703
524 14 406 420 27.369674428908336
525 14 168 182 13.168079713603941
526 14 333 347 17.012254530296754
527 14 448 462 37.24365299743907
528 14 129 143 13.168551443785434
529 14 499 513 7.427297505417973
530 14 217 231 22.193939636033775
531 14 122 136 19.093943390673996
532 14 441 455 41.61945253046834
533 14 615 629 0.4655946798078093
534 14 546 560 18.421632742705828
535 14 418 432 30.208237328275704
536 14 120 134 11.49358982859396
537 14 302 316 12.02495938300404
538 14 284 298 25.317782826557604
539 14 254 268 13.114085024415635
540 14 387 401 21.577199827618823
541 14 572 586 20.474866503771352
542 14 4 18 18.50097742311142
543 14 194 208 15.652941934981397
544 14 541 555 10.890329544363683
545 14 449 463 34.70950857591351
546 14 592 606 4.970002925638514
547 14 21 35 22.5793567436835
548 14 31 45 28.73126446961566
549 14 620 634 0.8679494630307095
550 14 248 262 15.439733912488308
551 14 266 280 14.775241927443131
552 14 211 225 29.63983848526664
553 14 177 191 25.217498306790993
554 14 291 305 4.893729551919556
555 14 151 165 23.686255399288694
556 14 555 569 16.133681206766425
557 14 205 219 12.919864518809964
558 14 279 293 33.45359185653472
559 14 318 332 20.58305195377345
560 15 599 614 3.91560773402705
561 15 256 271 10.716607890803747
562 15 457 472 16.092859629464698
563 15 172 187 20.621105869588984
564 15 558 573 9.856782259478337
565 15 365 380 27.422267639846602
566 15 502 517 3.2921075166257396
567 15 430 445 13.402595072628532
568 15 124 139 22.487271760219937
569 15 213 228 30.960944214950587
570 15 584 599 10.704699092378572
571 15 392 407 17.34055779677609
572 15 209 224 26.394152048057183
573 15 290 305 6.862021423493701
574 15 110 125 34.59393791128403
575 15 24 39 21.685520106638844
576 15 120 135 13.23875796948213
577 15 582 597 13.404568194007224
578 15 13 28 16.24564512188289
579 15 303 318 14.334495616956703
580 15 139 154 10.567387345530324
581 15 76 91 15.488580791726083
582 15 512 527 20.078726298281676
583 15 382 397 25.42521069627583
584 15 586 601 9.107574268395105
585 15 318 333 21.87349714621663
586 15 447 462 39.88646544922287
587 15 515 530 23.740206026554695
588 15 541 556 12.377471797416153
589 15 331 346 17.589903823295508
590 15 0 15 31.14702304981996
591 15 126 141 20.27093071722037
592 15 452 467 29.036963782341285
593 15 460 475 9.792882242483392
594 15 358 373 23.393256723429314
595 15 312 327 21.04751114274064
596 15 552 567 21.74864650509103
597 15 408 423 31.401690810706118
598 15 347 362 19.596168986542764
599 15 585 600 10.00466274777499
600 16 504 520 4.427671727939968
601 16 115 131 17.62744752636827
602 16 386 402 23.106243128278916
603 16 391 407 19.09487593743408
604 16 208 224 24.581358128489388
605 16 570 586 22.79865135078647
606 16 3 19 21.267497028478335
607 16 284 300 25.796837992772254
608 16 612 628 1.5443400689977693
609 16 523 539 11.20568724380453
610 16 203 219 13.700063436723063
611 16 472 488 6.577265413243633
612 16 615 631 0.3332910924225356
613 16 529 545 7.908750615582252
614 16 418 434 31.504207033099213
615 16 312 328 22.39170090020107
616 16 174 190 25.83521597469539
617 16 460 476 9.935041205353597
618 16 543 559 16.747890930558334
619 16 202 218 11.99520457667887
620 16 368 384 31.553103877054742
621 16 538 554 8.672044838414273
622 16 398 414 28.410332806813475
623 16 593 609 3.454089145891603
624 16 436 452 38.60093993918856
625 16 414 430 35.5185950977631
626 16 344 360 20.55914375780185
627 16 598 614 3.57211077199128
628 16 69 85 27.16726435000343
629 16 253 269 14.713393623106823
630 16 297 313 9.7759576551611
631 16 21 37 23.75627256708894
632 16 416 432 33.80102032738905
633 16 159 175 22.05323553167671
634 16 406 422 32.184835811511725
635 16 276 292 36.90452776251127
636 16 182 198 25.5255625304651
637 16 75 91 17.89475213148176
638 16 10 26 10.577795502732267
639 16 357 373 24.195110863563002
640 17 270 287 31.41147979082654
641 17 421 438 21.88212416139944
642 17 557 574 9.82083611986174
643 17 310 327 22.46094707720063
644 17 155 172 28.970620270575086
645 17 473 490 6.7493257684125565
646 17 265 282 19.91525849506232
647 17 496 513 8.667057210877434
648 17 173 190 26.161187038149784
649 17 478 495 7.998247953509754
650 17 522 539 12.148111855144775
651 17 46 63 40.026379583031186
652 17 277 294 37.93311771496822
653 17 100 117 21.07358637478689
654 17 604 621 4.33830713368718
655 17 432 449 26.99905329500312
656 17 71 88 24.844700436103814
657 17 363 380 30.05954548189033
658 17 68 85 29.152000235813507
659 17 453 470 26.315244641320017
660 17 20 37 23.75627256708894
661 17 168 185 18.618819924979285
662 17 519 536 18.59138239478436
663 17 165 182 17.883734431686328
664 17 95 112 14.545501137910701
665 17 411 428 37.38033263579051
666 17 282 299 30.579391772964456
667 17 311 328 22.949426882422323
668 17 213 230 31.874827293295
669 17 540 557 13.40908972977317
670 17 212 229 32.98535745921244
671 17 242 259 13.18262932206815
672 17 341 358 22.9089252956437
673 17 275 292 38.153032674037206
674 17 70 87 26.929090513661322
675 17 76 93 18.719338860916682
676 17 535 552 4.846351921515064
677 17 377 394 30.235449444446825
678 17 479 496 8.131189158912715
679 17 523 540 11.011264721212122
680 18 571 589 23.34012447154641
681 18 50 68 30.42458952030808
682 18 172 190 26.7568483638228
683 18 304 322 19.889938523813395
684 18 569 587 24.16536077233026
685 18 276 294 39.298891463775
686 18 364 382 32.64101267090802
687 18 237 255 12.152945002122397
688 18 401 419 34.05829482933203
689 18 574 592 21.41261501667649
690 18 409 427 38.53544848835629
691 18 176 194 30.71476858340743
692 18 495 513 8.85188393928498
693 18 265 283 22.060203507282605
694 18 337 355 25.548970804052253
695 18 227 245 14.993856608233017
696 18 264 282 19.23669776763436
697 18 250 268 16.323899938342844
698 18 31 49 39.41611344472181
699 18 412 430 38.60035125842044
700 18 324 342 21.402721151509002
701 18 442 460 49.108724277422475
702 18 254 272 12.43419224158717
703 18 275 293 39.78055379519926
704 18 194 212 20.789058192020903
705 18 74 92 21.768695017128763
706 18 169 187 21.635082760053375
707 18 593 611 2.668289437783161
708 18 454 472 23.958379136414425
709 18 595 613 1.629608951815049
710 18 151 169 32.06904121451095
711 18 268 286 29.77263292203548
712 18 470 488 7.646650193948865
713 18 539 557 13.162961930867105
714 18 166 184 19.40310547278206
715 18 141 159 14.375340917121239
716 18 451 469 32.8784338428265
717 18 369 387 34.22163719612187
718 18 317 335 25.635899945911905
719 18 410 428 38.76611194161432
720 19 246 265 17.616385344759216
721 19 118 137 11.69381108746314
722 19 211 230 32.437769129234084
723 19 312 331 26.31273833028503
724 19 69 88 30.631139207784774
725 19 108 127 34.62411334816665
726 19 233 252 13.314070364685902
727 19 406 425 39.00473091991151
728 19 329 348 23.910269881539115
729 19 504 523 9.216690484225504
730 19 102 121 34.072450747682815
731 19 191 210 22.61587582060985
732 19 46 65 40.98338835181439
733 19 56 75 27.876183039527117
734 19 611 630 1.8359203271252624
735 19 23 42 27.30242959814733
736 19 221 240 18.00674384824763
737 19 35 54 51.46641563659263
738 19 506 525 14.337155034178627
739 19 541 560 17.589365359799714
740 19 452 471 29.23786533562257
741 19 350 369 24.14444660800475
742 19 281 300 33.04490641558586
743 19 120 139 15.81528110310947
744 19 176 195 31.81654894390065
745 19 97 116 20.2565193624083
746 19 227 246 14.705142266898319
747 19 409 428 40.93196196074099
748 19 238 257 13.663723185462825
749 19 460 479 10.12586764681111
750 19 386 405 24.706080942911516
751 19 172 191 29.05376095440078
752 19 237 256 13.392272314142902
753 19 241 260 15.296865103826988
754 19 290 309 5.784589503183029
755 19 473 492 7.753200691713812
756 19 560 579 6.8430915726098585
757 19 593 612 2.360787119800908
758 19 398 417 33.27989593339353
759 19 216 235 28.602171596332838
760 20 462 482 9.09603708015413
761 20 264 284 24.31462093363598
762 20 338 358 26.108157781973944
763 20 508 528 20.34214173754746
764 20 607 627 3.2787133529278707
765 20 113 133 18.276629668114484
766 20 218 238 24.733120298535226
767 20 80 100 23.144197086854746
768 20 47 67 38.18611547300989
769 20 15 35 25.873546804723198
770 20 5 25 9.629132641065016
771 20 491 511 8.525499926549513
772 20 327 347 25.26284226178035
773 20 392 412 23.183640730101253
774 20 594 614 1.6124856836732853
775 20 294 314 8.349391492513087
776 20 200 220 17.624185399540814
777 20 409 429 42.666082457040325
778 20 163 183 24.055123660254562
779 20 155 175 27.36260129536756
780 20 31 51 46.26470429813036
781 20 396 416 32.13924710296148
782 20 148 168 30.68147089519872
783 20 555 575 11.038859783042989
784 20 58 78 35.512240358055955
785 20 578 598 19.801318989276957
786 20 388 408 23.77631652944091
787 20 260 280 10.48149390111672
788 20 133 153 5.488341840982502
789 20 81 101 24.222902648416916
790 20 473 493 8.18171662703581
791 20 310 330 26.547550737776895
792 20 14 34 23.77950884441247
793 20 36 56 55.06309194992547
794 20 549 569 23.77038698861889
795 20 62 82 34.6037489020198
796 20 537 557 12.143672127044606
797 20 132 152 5.25332217206598
798 20 43 63 45.08018966660617
799 20 280 300 35.57571954788611
800 21 120 141 14.432305194931836
801 21 442 463 53.38782286601097
802 21 93 114 20.366454076945605
803 21 194 215 17.96474032509179
804 21 28 49 40.5229307356214
805 21 511 532 24.597112998153623
806 21 133 154 5.6953278052313
807 21 285 306 20.056898708335236
808 21 196 217 15.630379294051787
809 21 458 479 13.151985723709222
810 21 399 420 37.79340886366995
811 21 337 358 27.169013209396667
812 21 274 295 42.26510786023227
813 21 266 287 32.65730572051264
814 21 248 269 18.015566987229125
815 21 251 272 15.748924157381337
816 21 61 82 35.43067609086292
817 21 602 623 4.575308102814661
818 21 604 625 4.236717642719101
819 21 179 200 30.719096726722235
820 21 358 379 37.80023629481477
821 21 438 459 54.271731688729574
822 21 573 594 24.577304652796325
823 21 534 555 8.738991085786713
824 21 62 83 34.444093908069675
825 21 361 382 38.531553720927825
826 21 560 581 9.904042215239587
827 21 422 443 9.226258730073296
828 21 551 572 20.307776734645387
829 21 204 225 23.226407909074158
830 21 549 570 23.30572632918723
831 21 434 455 48.41661270264283
832 21 71 92 30.744045936725417
833 21 273 294 42.49359528859182
834 21 74 95 25.31355341947058
835 21 257 278 8.545971104624574
836 21 181 202 30.0511072177668
837 21 98 119 29.538064228660772
838 21 154 175 28.211870411012796
839 21 60 81 36.04760711052317
840 22 208 230 28.3621241910597
841 22 438 460 55.649869761387485
842 22 45 67 42.90540498335611
843 22 54 76 29.810000024658695
844 22 93 115 22.11785986286582
845 22 525 547 12.005640942322119
846 22 480 502 7.789481425447339
847 22 513 535 24.513296437363714
848 22 379 401 33.190627386806106
849 22 101 123 39.71960459279706
850 22 320 342 27.70767986394841
851 22 41 63 49.2728192732976
852 22 129 151 9.835347501061204
853 22 544 566 23.60814149092553
854 22 33 55 57.041204813627594
855 22 453 475 26.37718302038135
856 22 131 153 5.880383521759365
857 22 404 426 43.33786315480219
858 22 456 478 18.60346321572705
859 22 25 47 36.45700692093568
860 22 537 559 15.22088087108033
861 22 276 298 41.74026728566658
862 22 92 114 21.823755820038887
863 22 256 278 9.455699259738866
864 22 333 355 29.46430823620381
865 22 87 109 24.189663045325368
866 22 309 331 28.292888724542504
867 22 35 57 59.09888849748956
868 22 393 415 28.061518558859973
869 22 59 81 35.841278332643704
870 22 267 289 37.24165357071096
871 22 133 155 6.381982043647696
872 22 266 288 34.804612038525086
873 22 389 411 24.159372363421635
874 22 119 141 12.726023908462043
875 22 311 333 29.463559924774742
876 22 96 118 26.68642216992483
877 22 435 457 52.12265639196251
878 22 251 273 15.549270200432503
879 22 514 536 24.07958044602067
880 23 570 593 26.89950826998978
881 23 210 233 34.286954723226735
882 23 338 361 28.697443624415296
883 23 346 369 25.667997244030268
884 23 521 544 12.727823457336802
885 23 400 423 43.06007246878708
886 23 598 621 4.713185166874723
887 23 492 515 9.050839500565472
888 23 107 130 29.504204633979594
889 23 132 155 6.100792207791058
890 23 459 482 11.700747794028542
891 23 536 559 14.901347002594388
892 23 572 595 26.282479337900735
893 23 595 618 1.7938349803612434
894 23 532 555 8.474996727118263
895 23 548 571 23.164161161483143
896 23 30 53 53.38984244922505
897 23 298 321 20.56453968554282
898 23 160 183 30.999177029814796
899 23 204 227 24.504098388732658
900 23 379 402 32.77029339708205
901 23 398 421 39.99965046352563
902 23 533 556 9.820390405087842
903 23 332 355 30.703114665741882
904 23 99 122 38.89855065988173
905 23 419 442 19.445545273917677
906 23 353 376 35.028160845541905
907 23 129 152 9.248964553132264
908 23 588 611 5.157444665027428
909 23 66 89 36.85808428046321
910 23 44 67 44.07421560971635
911 23 307 330 28.343879408830148
912 23 546 569 23.660328429998046
913 23 321 344 29.077406952929366
914 23 427 450 22.295745567720903
915 23 305 328 26.31745233653823
916 23 326 349 29.957875115451344
917 23 361 384 41.60453172716679
918 23 279 302 36.21886776196774
919 23 333 356 29.930969006906725
920 24 532 556 9.816047119745201
921 24 513 537 23.837762837169432
922 24 8 32 12.500744923890213
923 24 538 562 19.688008999785477
924 24 124 148 16.812164008200938
925 24 152 176 30.07119317834579
926 24 324 348 30.787792549493023
927 24 333 357 30.529094478809235
928 24 335 359 29.909630840463254
929 24 586 610 6.5042533072552375
930 24 70 94 36.640809347052546
931 24 462 486 10.170258420402108
932 24 286 310 15.837110802770907
933 24 491 515 8.716223240986638
934 24 465 489 9.44235351792039
935 24 372 396 44.767846327041795
936 24 389 413 26.795459703534018
937 24 80 104 26.523702028572643
938 24 592 616 2.0277724645487947
939 24 57 81 36.10529441727667
940 24 137 161 20.542367415795383
941 24 49 73 29.846201352828896
942 24 536 560 15.770498141593691
943 24 503 527 16.261992869294495
944 24 589 613 3.8134991377148597
945 24 257 281 12.581894232872724
946 24 251 275 14.935968749103269
947 24 587 611 5.212979656208719
948 24 346 370 26.38977493347095
949 24 370 394 42.952810513668005
950 24 379 403 32.13250297109283
951 24 412 436 41.803860629587376
952 24 314 338 32.095064726157524
953 24 475 499 9.98921527322622
954 24 348 372 27.705712222187113
955 24 544 568 23.349010047822134
956 24 519 543 16.7086489286825
957 24 171 195 34.6846895987904
958 24 29 53 53.73798717358738
959 24 151 175 29.14579612875774
960 25 256 281 12.999906303268354
961 25 226 251 18.326288498801173
962 25 576 601 23.644158204286683
963 25 136 161 19.726741505408665
964 25 115 140 13.02596540036448
965 25 189 214 26.9079748670473
966 25 420 445 10.895807394023944
967 25 51 76 29.894567489549043
968 25 101 126 40.964239677238965
969 25 558 583 14.076754708305138
970 25 272 297 45.29468959260146
971 25 109 134 20.191529531916984
972 25 209 234 33.912533880541154
973 25 267 292 43.67975806189905
974 25 68 93 39.61730669636131
975 25 584 609 8.416886656235343
976 25 539 564 21.232156343861995
977 25 80 105 26.95778399413713
978 25 74 99 29.926585796478665
979 25 222 247 20.335420316425502
980 25 177 202 35.66894523456449
981 25 523 548 13.933207685902227
982 25 442 467 58.27347202521904
983 25 22 47 36.45700692093568
984 25 604 629 3.9641338869440244
985 25 376 401 39.96088025071124
986 25 498 523 8.509377844676681
987 25 290 315 6.397098397008178
988 25 225 250 18.9878765796492
989 25 205 230 26.19433179375387
990 25 505 530 20.703698033279096
991 25 240 265 21.367128873822985
992 25 435 460 58.10284593356393
993 25 463 488 11.256588003858615
994 25 375 400 41.91962085233632
995 25 557 582 14.179858928912672
996 25 193 218 17.645387522357993
997 25 493 518 7.212955795382603
998 25 262 287 29.339212428618495
999 25 417 442 23.89093900774583
1000 26 206 232 29.27301791908055
1001 26 8 34 14.012767240723429
1002 26 544 570 22.309624050213408
1003 26 389 415 29.080408661424727
1004 26 526 552 12.404030086483123
1005 26 498 524 10.738123456713558
1006 26 78 104 26.661478502436125
1007 26 413 439 36.171699605145754
1008 26 522 548 14.687120849823554
1009 26 592 618 1.5017333974020113
1010 26 598 624 4.821525129046575
1011 26 435 461 59.968769602312285
1012 26 41 67 49.92661573943062
1013 26 360 386 44.779927707090934
1014 26 469 495 13.224843110938302
1015 26 6 32 8.291436779680714
1016 26 194 220 20.715543268286407
1017 26 306 332 31.19361497214815
1018 26 5 31 6.366281169581236
1019 26 553 579 15.728463429127034
1020 26 122 148 16.008471037174676
1021 26 309 335 33.2584008075556
1022 26 524 550 13.67172126946495
1023 26 323 349 33.09505444357024
1024 26 556 582 15.400559721424576
1025 26 585 611 7.027973748620814
1026 26 564 590 22.64149633982282
1027 26 289 315 7.0227773498271
1028 26 538 564 20.563020483616413
1029 26 421 447 4.176963458696308
1030 26 555 581 15.510853889424592
1031 26 530 556 11.161258461097095
1032 26 418 444 17.082045882536637
1033 26 595 621 2.057364910225392
1034 26 315 341 33.89767158366302
1035 26 463 489 11.90331456188656
1036 26 134 160 14.93120862644162
1037 26 518 544 18.371365596620134
1038 26 454 480 24.041528870826557
1039 26 600 626 4.746201233526942
1040 27 143 170 35.81698361145481
1041 27 563 590 20.721287004014428
1042 27 166 193 36.12928981599557
1043 27 258 285 20.83186507790507
1044 27 9 36 17.460350869294267
1045 27 434 461 60.21647950513567
1046 27 579 606 16.932650695345668
1047 27 37 64 60.68865660964452
1048 27 377 404 35.24293445413925
1049 27 430 457 48.46976326741569
1050 27 411 438 41.06645198588092
1051 27 288 315 8.456622745610977
1052 27 18 45 34.40630485344029
1053 27 92 119 36.35483162044923
1054 27 4 31 5.88651814074094
1055 27 392 419 32.71431723679889
1056 27 275 302 42.56729439035503
1057 27 475 502 9.89087017099759
1058 27 278 305 36.32317554257848
1059 27 381 408 30.769634147284393
1060 27 492 519 7.145638971791347
1061 27 344 371 28.63163010439447
1062 27 397 424 45.259164237122754
1063 27 467 494 12.000889529902901
1064 27 119 146 13.33337266855324
1065 27 495 522 8.6415774251507
1066 27 363 390 42.44850764805896
1067 27 148 175 29.417083941518484
1068 27 425 452 25.804869673722592
1069 27 151 178 32.29811367535903
1070 27 176 203 38.27655538514193
1071 27 266 293 45.1045617362997
1072 27 376 403 38.43935625251095
1073 27 130 157 9.908051865300214
1074 27 603 630 3.9866644457984357
1075 27 294 321 17.586000881968072
1076 27 422 449 7.411768738097694
1077 27 264 291 41.35854526905918
1078 27 526 553 14.341062267246903
1079 27 280 307 32.42336808983536
1080 28 443 471 55.55657716134468
1081 28 343 371 29.14793432489948
1082 28 497 525 12.211483383585342
1083 28 220 248 27.01859639017488
1084 28 503 531 20.643521130744997
1085 28 411 439 39.70258501712996
1086 28 435 463 62.33138785739992
1087 28 93 121 41.21919437690041
1088 28 65 93 43.04034126146713
1089 28 132 160 13.916400176364345
1090 28 211 239 41.02127086038779
1091 28 153 181 37.2991195408178
1092 28 234 262 24.04941639194318
1093 28 26 54 57.37829283922025
1094 28 105 133 25.142498342127237
1095 28 259 287 26.40804863318934
1096 28 159 187 39.59029057650197
1097 28 491 519 6.74185652248004
1098 28 101 129 36.05738344408527
1099 28 408 436 48.869853772707586
1100 28 191 219 20.816896593975578
1101 28 3 31 6.398816862355393
1102 28 91 119 38.57348430518839
1103 28 437 465 64.37428889422077
1104 28 52 80 33.2275682469961
1105 28 562 590 19.291465208502665
1106 28 223 251 21.78862441777509
1107 28 547 575 21.654574258073207
1108 28 432 460 57.04808629345381
1109 28 355 383 49.51702857671482
1110 28 48 76 31.946387513257324
1111 28 566 594 28.05517770531183
1112 28 429 457 47.38323244776637
1113 28 121 149 14.37788913885964
1114 28 271 299 46.943846035874685
1115 28 285 313 17.0394777923701
1116 28 183 211 38.88665916268893
1117 28 219 247 27.601600005304494
1118 28 89 117 33.58567917529179
1119 28 399 427 51.52783245456275
1120 29 126 155 14.53577526166202
1121 29 458 487 15.292196473472977
1122 29 301 330 32.49767572736939
1123 29 520 549 17.517692026502896
1124 29 509 538 22.287861324827862
1125 29 402 431 55.104552716821765
1126 29 118 147 13.952436432498246
1127 29 490 519 6.5019491478378955
1128 29 108 137 17.89508437733737
1129 29 152 181 37.61762013685339
1130 29 395 424 43.73104803203693
1131 29 206 235 31.978543725134884
1132 29 171 200 39.462140786446355
1133 29 533 562 17.151371146949412
1134 29 263 292 41.85693560328012
1135 29 426 455 37.571999268896214
1136 29 549 578 22.292770767998896
1137 29 295 324 23.12287128818569
1138 29 504 533 21.437944977494112
1139 29 557 586 19.487830063703807
1140 29 219 248 28.908983169429213
1141 29 345 374 33.32422767506
1142 29 497 526 13.865010313230027
1143 29 105 134 22.840762767683138
1144 29 8 37 15.999903817187953
1145 29 355 384 50.87333169919508
1146 29 273 302 44.550902571122904
1147 29 57 86 36.58509821515627
1148 29 553 582 19.502899315278235
1149 29 450 479 35.128120237763206
1150 29 307 336 35.37236725521067
1151 29 103 132 28.272139029364173
1152 29 234 263 25.718540091137157
1153 29 281 310 28.513609994708176
1154 29 276 305 39.83857721611094
1155 29 252 281 15.541410797937276
1156 29 421 450 7.747157887092712
1157 29 151 180 36.302085856527746
1158 29 133 162 19.908972293461442
1159 29 262 291 38.46656580040211
1160 30 199 229 28.76092184557396
1161 30 417 447 11.649249296884735
1162 30 574 604 25.78005912870934
1163 30 59 89 40.10150753573673
1164 30 545 575 21.00451054705445
1165 30 521 551 16.745908118742022
1166 30 152 182 38.69572655258236
1167 30 423 453 24.473606055733907
1168 30 276 306 39.66816346568384
1169 30 286 316 12.377686736606503
1170 30 491 521 7.819388307820774
1171 30 313 343 38.4898572192043
1172 30 273 303 44.35563528952335
1173 30 503 533 20.787370297039804
1174 30 219 249 29.94864711160363
1175 30 510 540 21.57481128133642
1176 30 376 406 37.190766401797475
1177 30 481 511 10.34525737340172
1178 30 247 277 15.247671093019925
1179 30 346 376 37.16879047459109
1180 30 180 210 41.73966325773538
1181 30 185 215 32.51446885650024
1182 30 594 624 1.4716838665329555
1183 30 461 491 14.81037989043727
1184 30 547 577 22.44473353568254
1185 30 153 183 39.82873838936438
1186 30 516 546 22.334113736530103
1187 30 333 363 35.15309486192923
1188 30 541 571 21.305096899450394
1189 30 138 168 36.17935190461775
1190 30 218 248 31.55815790145887
1191 30 322 352 39.779296902617546
1192 30 505 535 20.96552944223667
1193 30 337 367 32.69061403127237
1194 30 121 151 13.358100360258923
1195 30 130 160 15.003922805865624
1196 30 143 173 33.5626302388199
1197 30 262 292 40.05858824162871
1198 30 230 260 24.223518744340133
1199 30 90 120 43.02406511843219
1200 31 551 582 25.034568540376345
1201 31 51 82 32.54738619418151
1202 31 576 607 21.955650657780904
1203 31 176 207 43.43105221710898
1204 31 118 149 14.458619534348792
1205 31 231 262 26.381044831265967
1206 31 204 235 31.55396796476796
1207 31 515 546 22.91189665366042
1208 31 581 612 12.509052831703881
1209 31 315 346 40.053502460884125
1210 31 432 463 61.27006261343639
1211 31 335 366 34.1421368786276
1212 31 4 35 6.222638596700977
1213 31 20 51 48.938611624799705
1214 31 312 343 39.28291279592245
1215 31 225 256 22.387087806677396
1216 31 86 117 36.651484786737676
1217 31 229 260 24.279578233154464
1218 31 286 317 11.686325628362807
1219 31 349 380 46.80893802868728
1220 31 275 306 40.920049065338254
1221 31 530 561 16.687596547773374
1222 31 388 419 33.279051669286034
1223 31 23 54 57.99804756778905
1224 31 124 155 14.829557150699179
1225 31 337 368 33.22024757372472
1226 31 355 386 52.70440187133844
1227 31 142 173 34.22973045167797
1228 31 116 147 16.031605049711565
1229 31 256 287 24.761869394780607
1230 31 146 177 32.56370413269424
1231 31 587 618 3.4629678240111854
1232 31 42 73 38.873451008975785
1233 31 79 110 29.916064415723312
1234 31 94 125 47.40014281275705
1235 31 105 136 20.550944587287365
1236 31 307 338 37.34752878237223
1237 31 324 355 41.42191243738216
1238 31 254 285 19.950063367966237
1239 31 542 573 20.34977754078576
1240 32 50 82 32.398738089748264
1241 32 370 402 47.980677509684064
1242 32 31 63 69.54413870798253
1243 32 80 112 31.441487130638166
1244 32 142 174 33.68336666965297
1245 32 408 440 43.25155948648529
1246 32 380 412 30.833820131713342
1247 32 247 279 14.767654894382881
1248 32 96 128 41.55408805493448
1249 32 336 368 34.0681392011154
1250 32 280 312 30.31788187390138
1251 32 8 40 19.561173873870892
1252 32 527 559 17.872103395832184
1253 32 329 361 38.569898322105196
1254 32 114 146 18.8273005866599
1255 32 360 392 50.493811255535405
1256 32 128 160 17.14587286205734
1257 32 277 309 37.11182797706489
1258 32 414 446 19.331360802739354
1259 32 93 125 48.66386015566317
1260 32 590 622 1.7278294576525386
1261 32 540 572 21.076108040726112
1262 32 486 518 9.156108313891218
1263 32 577 609 19.555221432772733
1264 32 428 460 51.56942273417789
1265 32 548 580 24.726511635643117
1266 32 403 435 55.698703299349546
1267 32 308 340 38.110276952152745
1268 32 224 256 23.124471581205075
1269 32 309 341 38.810750034075646
1270 32 562 594 22.07136727194922
1271 32 136 168 35.43015711588245
1272 32 55 87 35.326429247105004
1273 32 520 552 19.644841602208405
1274 32 112 144 19.663678144299897
1275 32 179 211 44.071220477259274
1276 32 246 278 13.912183268002764
1277 32 220 252 28.332822229300685
1278 32 445 477 49.90355720852623
1279 32 281 313 27.071478665833094
1280 33 559 592 20.803109414802776
1281 33 20 53 55.702020021287076
1282 33 256 289 28.668041794437773
1283 33 551 584 28.288791679456523
1284 33 277 310 36.698541902253695
1285 33 542 575 20.176054592865775
1286 33 268 301 48.88871045772845
1287 33 484 517 10.402532693866881
1288 33 129 162 21.329704785391566
1289 33 412 445 25.579381055659987
1290 33 106 139 19.296642688466846
1291 33 382 415 32.66413176556986
1292 33 70 103 45.82489546350491
1293 33 557 590 22.591771239988113
1294 33 371 404 44.54172884703665
1295 33 568 601 32.213792734287104
1296 33 519 552 21.704851616760497
1297 33 594 627 1.2687127071484054
1298 33 31 64 70.07450976978896
1299 33 315 348 43.69559529461851
1300 33 456 489 22.10759550187893
1301 33 135 168 34.79749665664831
1302 33 159 192 48.93445247257595
1303 33 76 109 32.405413777470066
1304 33 593 626 1.229377350800491
1305 33 145 178 34.89159733009339
1306 33 221 254 25.960712281198788
1307 33 495 528 17.72311582967645
1308 33 343 376 38.32785480890492
1309 33 373 406 41.928572010683304
1310 33 299 332 35.001145773218155
1311 33 163 196 45.10476584479017
1312 33 390 423 37.03973928578956
1313 33 450 483 35.647427363829856
1314 33 415 448 12.861422071517092
1315 33 120 153 12.74239215553444
1316 33 148 181 38.04751351630789
1317 33 276 309 38.524980831738105
1318 33 302 335 37.47478784151748
1319 33 8 41 21.687376589981785
1320 34 550 584 29.605132143445893
1321 34 9 43 26.431570428102535
1322 34 135 169 36.184873231210375
1323 34 388 422 36.00042984199167
1324 34 575 609 23.23320713711309
1325 34 103 137 21.800887804526813
1326 34 470 504 13.253280877566457
1327 34 31 65 70.41121647889636
1328 34 442 476 57.19697867682987
1329 34 432 466 65.57479443155846
1330 34 282 316 22.488994644437017
1331 34 379 413 30.688610113136473
1332 34 418 452 11.568961846472618
1333 34 415 449 9.692246467339892
1334 34 473 507 11.501522823481942
1335 34 54 88 35.34883800970734
1336 34 101 135 24.25656378299073
1337 34 482 516 10.765193888500615
1338 34 38 72 49.303330865759065
1339 34 0 34 8.32654092171149
1340 34 43 77 34.296961854095564
1341 34 113 147 20.720582392034256
1342 34 142 176 34.40811410368163
1343 34 543 577 21.606326423236535
1344 34 520 554 23.26979769041579
1345 34 364 398 53.12653477014964
1346 34 564 598 28.808756430177837
1347 34 277 311 36.242253869426314
1348 34 581 615 11.84617578944601
1349 34 485 519 8.271691079105027
1350 34 251 285 20.40557687174511
1351 34 245 279 13.210982133084853
1352 34 108 142 20.618349676297374
1353 34 366 400 51.63468085055568
1354 34 162 196 46.882009043538766
1355 34 119 153 13.015603506389311
1356 34 41 75 38.40547909709526
1357 34 321 355 45.750244612548066
1358 34 354 388 55.322693740241036
1359 34 259 293 38.26292517905078
1360 35 57 92 42.88816052378824
1361 35 445 480 49.61789563491863
1362 35 424 459 40.582172121394485
1363 35 385 420 34.45428449073906
1364 35 367 402 49.68777354505745
1365 35 300 335 38.84248884872786
1366 35 349 384 53.96734015117033
1367 35 451 486 33.32229233610903
1368 35 243 278 14.710296937335261
1369 35 531 566 18.007074357004374
1370 35 147 182 39.7103224208944
1371 35 116 151 17.302491294704463
1372 35 525 560 21.25791790338306
1373 35 176 211 49.317494534538596
1374 35 556 591 24.274627952293937
1375 35 499 534 18.92637940624348
1376 35 124 159 17.300629900814837
1377 35 596 631 2.5104367842632667
1378 35 22 57 66.2681429664222
1379 35 491 526 14.43593723963333
1380 35 214 249 45.04772071610897
1381 35 392 427 44.81635123115614
1382 35 178 213 46.66847719442621
1383 35 406 441 44.390941829958315
1384 35 233 268 28.16153549585582
1385 35 102 137 22.22764792924007
1386 35 254 289 27.7431943677646
1387 35 343 378 43.812580290414175
1388 35 336 371 36.07102689240307
1389 35 251 286 21.937489662311393
1390 35 472 507 12.570128187488876
1391 35 482 517 10.188290004129687
1392 35 378 413 30.91635743349514
1393 35 504 539 18.84601420114707
1394 35 198 233 33.50430279868186
1395 35 442 477 56.91138296574377
1396 35 408 443 36.87471065181626
1397 35 555 590 25.407427107815618
1398 35 123 158 16.55675597703626
1399 35 585 620 5.40511853893764
1400 36 499 535 18.60338402849118
1401 36 272 308 42.44040803569182
1402 36 128 164 27.361136483416555
1403 36 153 189 49.79768204921307
1404 36 12 48 38.5497889297768
1405 36 385 421 35.148474129638146
1406 36 424 460 41.95944285064541
1407 36 111 147 22.719485426312964
1408 36 26 62 70.73538462123568
1409 36 76 112 34.69721025779856
1410 36 187 223 29.593477346514426
1411 36 469 505 13.618599920703593
1412 36 386 422 36.104469762250886
1413 36 514 550 25.292436208632218
1414 36 295 331 31.552893054515025
1415 36 159 195 52.197068739118706
1416 36 157 193 52.93568653929779
1417 36 537 573 19.12268618012115
1418 36 108 144 22.132087275934456
1419 36 260 296 41.32075035403115
1420 36 19 55 61.778268821461815
1421 36 475 511 11.456677263667125
1422 36 406 442 42.61921196865167
1423 36 233 269 27.807270912335227
1424 36 550 586 31.714819954427988
1425 36 400 436 59.09609735133781
1426 36 5 41 16.722920691371034
1427 36 557 593 24.31097653703833
1428 36 255 291 32.28298773464801
1429 36 433 469 67.77563662788214
1430 36 162 198 48.62824910890189
1431 36 183 219 31.06100735463872
1432 36 350 386 56.05584431791944
1433 36 244 280 13.684236788591488
1434 36 77 113 33.85914705513705
1435 36 549 585 31.409335744257376
1436 36 571 607 28.80526290494016
1437 36 164 200 45.83858943213351
1438 36 179 215 40.835529026934935
1439 36 384 420 34.494838015578544
1440 37 22 59 69.49315164049011
1441 37 525 562 22.730392394364387
1442 37 222 259 28.260320781425737
1443 37 437 474 65.90758113419308
1444 37 241 278 15.720998521256378
1445 37 41 78 37.08664680481586
1446 37 528 565 18.13993806429292
1447 37 194 231 32.95523702388591
1448 37 516 553 28.82374068825072
1449 37 549 586 32.37008457254499
1450 37 79 116 38.91015118308433
1451 37 253 290 29.571064580499975
1452 37 407 444 36.44084049560882
1453 37 476 513 11.944077949975247
1454 37 121 158 16.404233931837894
1455 37 580 617 13.496076845552151
1456 37 49 86 29.940508128262202
1457 37 396 433 59.4313406499208
1458 37 91 128 49.02383003200544
1459 37 573 610 25.720185371375333
1460 37 96 133 32.73231879015811
1461 37 490 527 15.415298270393022
1462 37 46 83 31.939371060998187
1463 37 530 567 18.249887730031617
1464 37 244 281 14.11918418269017
1465 37 12 49 40.79930362362389
1466 37 21 58 68.87772797187957
1467 37 319 356 49.74944096058635
1468 37 477 514 11.790531494658756
1469 37 284 321 12.683096523448222
1470 37 425 462 48.191098020414934
1471 37 170 207 47.73814102711378
1472 37 136 173 35.65518073955822
1473 37 575 612 22.400131747979685
1474 37 325 362 45.02757000357212
1475 37 547 584 31.29254598335463
1476 37 459 496 18.35757014536928
1477 37 513 550 25.303722134546508
1478 37 427 464 55.61323267576115
1479 37 567 604 30.93757566493577
1480 38 171 209 50.104955942119105
1481 38 404 442 44.75555608132704
1482 38 398 436 59.81347851366211
1483 38 205 243 36.8233035412045
1484 38 507 545 21.060843370832053
1485 38 285 323 10.770672670844313
1486 38 368 406 45.584924209925774
1487 38 155 193 54.77903806086166
1488 38 265 303 47.94628910086528
1489 38 580 618 13.245690320544004
1490 38 286 324 11.181131049772116
1491 38 179 217 37.05479583159717
1492 38 85 123 56.55482768790862
1493 38 369 407 44.492116554315764
1494 38 344 382 52.42770669354324
1495 38 146 184 43.53493039511609
1496 38 264 302 47.34700647838747
1497 38 261 299 43.56158849192929
1498 38 258 296 39.428163469219264
1499 38 357 395 61.248544684061464
1500 38 393 431 52.170013982895284
1501 38 579 617 14.65478621099218
1502 38 478 516 11.194217508863465
1503 38 13 51 48.04733419849336
1504 38 152 190 52.02296569257044
1505 38 133 171 36.157326869786566
1506 38 231 269 29.392823178982244
1507 38 201 239 35.865243697516384
1508 38 72 110 42.87000515707282
1509 38 593 631 1.4037215975646782
1510 38 550 588 33.54047956098815
1511 38 203 241 35.8426104717879
1512 38 556 594 26.13552672938948
1513 38 439 477 62.293918628568
1514 38 245 283 15.087164768154782
1515 38 591 629 2.43093119769276
1516 38 142 180 41.063159979982025
1517 38 567 605 30.34379005827522
1518 38 471 509 13.287790481229383
1519 38 400 438 56.80907774834572
1520 39 200 239 36.530592994830094
1521 39 84 123 57.4596705942885
1522 39 79 118 44.34311186036797
1523 39 156 195 56.24950069988546
1524 39 58 97 47.5004572006917
1525 39 30 69 69.1879682570507
1526 39 415 454 13.498575870890594
1527 39 391 430 48.43082717795291
1528 39 427 466 57.79685940432522
1529 39 140 179 41.065964217447565
1530 39 132 171 35.973430272252195
1531 39 551 590 33.62405214213538
1532 39 559 598 24.77226005001543
1533 39 75 114 39.07319753349194
1534 39 247 286 20.145559400478035
1535 39 390 429 46.41928953084602
1536 39 142 181 42.337715401666664
1537 39 292 331 28.406193873448505
1538 39 207 246 40.113797636257246
1539 39 406 445 35.58311639105854
1540 39 365 404 47.83580459637336
1541 39 182 221 32.730275169416664
1542 39 230 269 29.720719913068272
1543 39 304 343 43.73949623328882
1544 39 147 186 46.42250119843564
1545 39 356 395 61.86889898522909
1546 39 503 542 17.681273694943688
1547 39 548 587 34.2057320495827
1548 39 298 337 40.35446334005696
1549 39 90 129 48.810555859548096
1550 39 526 565 20.86468294813491
1551 39 306 345 44.860562752020606
1552 39 213 252 47.88575188681634
1553 39 474 513 12.947760548360835
1554 39 22 61 71.12196404175444
1555 39 297 336 39.21491535803948
1556 39 105 144 24.29078304127006
1557 39 381 420 32.7885380635376
1558 39 454 493 29.408658904102985
1559 39 261 300 44.02127304857594
1560 40 59 99 50.101629176318475
1561 40 53 93 38.02008420710269
1562 40 323 363 47.541911736409084
1563 40 163 203 50.52011033557824
1564 40 135 175 34.45799560541349
1565 40 105 145 25.164610167065618
1566 40 115 155 20.25583248184901
1567 40 445 485 50.63166955356478
1568 40 251 291 30.96602998214586
1569 40 212 252 49.363044038659645
1570 40 516 556 31.79508188665771
1571 40 519 559 30.734364553118553
1572 40 406 446 32.55932216519973
1573 40 124 164 28.18008396344485
1574 40 217 257 40.41646087567696
1575 40 393 433 54.72370005877206
1576 40 529 569 17.263697707046845
1577 40 137 177 37.75514593673103
1578 40 592 632 1.7745391974117595
1579 40 260 300 42.83629532678911
1580 40 3 43 18.948156740647885
1581 40 123 163 26.38097716376491
1582 40 206 246 39.49071496727492
1583 40 576 616 19.808168333633834
1584 40 387 427 42.056403720954094
1585 40 493 533 19.17021379474669
1586 40 558 598 25.835088298987696
1587 40 236 276 21.210128903596463
1588 40 274 314 38.186599374965155
1589 40 38 78 42.02331769604224
1590 40 171 211 52.83589690951377
1591 40 567 607 30.220291284156662
1592 40 514 554 31.119537912704054
1593 40 238 278 17.438049456887143
1594 40 420 460 31.870728610341075
1595 40 280 320 22.950540813233243
1596 40 431 471 65.22279620587848
1597 40 408 448 25.046394145977107
1598 40 278 318 28.78709677959774
1599 40 505 545 19.132460658341458
1600 41 100 141 26.01042112861255
1601 41 132 173 34.262791779590316
1602 41 191 232 34.98889158037155
1603 41 572 613 25.919456383674714
1604 41 16 57 67.68166503209665
1605 41 464 505 13.975963151222393
1606 41 45 86 30.644685943815187
1607 41 500 541 16.338094721846424
1608 41 219 260 36.161016664666406
1609 41 403 444 41.9767110582477
1610 41 551 592 34.53433710123205
1611 41 344 385 56.905211373289866
1612 41 249 290 29.1940489675149
1613 41 96 137 28.39864155286634
1614 41 78 119 48.952080662373085
1615 41 43 84 31.58954973786754
1616 41 432 473 66.45879878919787
1617 41 452 493 33.79945815921909
1618 41 193 234 34.867407613648005
1619 41 177 218 37.74000913934302
1620 41 514 555 32.030205196150426
1621 41 194 235 36.73943353291177
1622 41 521 562 28.867082903711406
1623 41 394 435 55.366700129027244
1624 41 534 575 17.27385457204331
1625 41 369 410 40.56322010683263
1626 41 201 242 37.23330618141664
1627 41 238 279 16.7788853048223
1628 41 368 409 42.30242293583943
1629 41 66 107 53.130099212611114
1630 41 349 390 60.04800018686887
1631 41 53 94 38.72120669715918
1632 41 469 510 14.001438573148247
1633 41 181 222 34.860409171146955
1634 41 151 192 55.52905336071174
1635 41 292 333 30.84983582893747
1636 41 480 521 6.706796172118025
1637 41 44 85 30.508001822700294
1638 41 513 554 31.28259843179784
1639 41 579 620 14.22616407648568
1640 42 405 447 31.534395222013835
1641 42 94 136 31.94695784482263
1642 42 409 451 13.973739648341017
1643 42 524 566 24.601021830807895
1644 42 586 628 4.724854916493548
1645 42 308 350 51.39254103793305
1646 42 403 445 39.80349498756115
1647 42 274 316 36.703542432782434
1648 42 360 402 56.56511563621092
1649 42 481 523 7.687213255280938
1650 42 50 92 32.755551156429085
1651 42 565 607 28.636589221540877
1652 42 488 530 16.804840225546346
1653 42 17 59 71.29843171606272
1654 42 437 479 64.75579185290663
1655 42 311 353 54.84703435359424
1656 42 324 366 46.982323508146145
1657 42 152 194 57.82165779370086
1658 42 569 611 29.34232346500378
1659 42 284 326 11.976375604931464
1660 42 67 109 53.55582608596699
1661 42 369 411 39.4456759322801
1662 42 425 467 54.22379357298222
1663 42 400 442 50.506895480410535
1664 42 532 574 16.26527501684354
1665 42 24 66 74.36208188799544
1666 42 589 631 2.8982057540308586
1667 42 116 158 20.847069050694568
1668 42 37 79 44.47851463375461
1669 42 587 629 3.7223521881391406
1670 42 542 584 31.111138493728774
1671 42 14 56 64.74713213232543
1672 42 103 145 26.929508280825864
1673 42 340 382 54.8610767656032
1674 42 344 386 58.385357921190916
1675 42 377 419 28.62610816136066
1676 42 564 606 27.655926524161877
1677 42 35 77 48.15832837351734
1678 42 379 421 29.669126590276232
1679 42 75 117 45.91207747460915
1680 43 496 539 15.817660216122182
1681 43 85 128 55.27986887192729
1682 43 552 595 34.539010410015095
1683 43 456 499 24.876748135944222
1684 43 342 385 58.16265367824947
1685 43 512 555 32.11306155287069
1686 43 557 600 27.378869825020303
1687 43 3 46 25.163195910047506
1688 43 164 207 53.31321115069953
1689 43 332 375 46.752675523721166
1690 43 369 412 38.26567122355622
1691 43 219 262 38.64936403720318
1692 43 149 192 55.95757579775135
1693 43 151 194 57.94445594756104
1694 43 110 153 26.03081146620402
1695 43 413 456 14.329058300297623
1696 43 324 367 47.19695250193674
1697 43 520 563 31.190580859601795
1698 43 430 473 63.85328929254312
1699 43 368 411 39.68307794303687
1700 43 349 392 62.936336838914656
1701 43 266 309 45.302300303595466
1702 43 377 420 27.98387460510116
1703 43 38 81 41.501195621823406
1704 43 64 107 54.06628124774376
1705 43 252 295 35.318137292159776
1706 43 271 314 40.82645768246607
1707 43 406 449 24.789522362302794
1708 43 563 606 25.58153957720998
1709 43 290 333 27.238516223642744
1710 43 587 630 3.7111984357509553
1711 43 76 119 51.456000244570674
1712 43 174 217 43.59397187671391
1713 43 273 316 37.50567728836184
1714 43 423 466 48.30477937716712
1715 43 129 172 36.172033026499065
1716 43 289 332 23.224265588903943
1717 43 564 607 27.54250643768732
1718 43 269 312 43.40484506442052
1719 43 240 283 15.198779010633356
1720 44 215 259 48.165835899702486
1721 44 101 145 28.201292157162904
1722 44 283 327 13.009368783424183
1723 44 491 535 18.069358084364275
1724 44 48 92 30.54657150852521
1725 44 524 568 24.311119633725664
1726 44 308 352 54.482272029565166
1727 44 208 252 44.27881854800915
1728 44 556 600 28.508314139108716
1729 44 76 120 54.65521085967914
1730 44 563 607 25.473643596020327
1731 44 323 367 48.379626223776455
1732 44 347 391 62.476190037341624
1733 44 303 347 50.0662435056346
1734 44 528 572 17.787823422416437
1735 44 136 180 42.67966665510369
1736 44 36 80 46.1489255748773
1737 44 452 496 33.91651194933819
1738 44 372 416 32.783245006486304
1739 44 38 82 41.01765514940394
1740 44 29 73 61.15760714231841
1741 44 427 471 58.76651645675966
1742 44 167 211 54.21892140713003
1743 44 570 614 27.89711715145623
1744 44 41 85 33.124550601277875
1745 44 538 582 26.73797704602914
1746 44 434 478 66.51501667812065
1747 44 188 232 35.44422031011104
1748 44 202 246 39.21091897669439
1749 44 238 282 15.558957209567572
1750 44 117 161 25.82856054469543
1751 44 133 177 35.56198290179763
1752 44 518 562 34.95475074427482
1753 44 125 169 38.42276752199432
1754 44 272 316 38.049313681390636
1755 44 469 513 15.635017505895098
1756 44 201 245 40.01355546849437
1757 44 56 100 48.45110270328911
1758 44 369 413 37.13667133242861
1759 44 467 511 13.769138918041554
1760 45 342 387 60.951020674448245
1761 45 363 408 45.73754793176014
1762 45 225 270 31.81730666205267
1763 45 9 54 54.79047854271004
1764 45 14 59 70.2740336203434
1765 45 500 545 16.831631117090165
1766 45 33 78 51.63937038122557
1767 45 168 213 54.35344911348828
1768 45 259 304 40.58854551428584
1769 45 565 610 27.898476333518303
1770 45 40 85 35.110241409072565
1771 45 235 280 18.95627978763506
1772 45 86 131 48.880444822383424
1773 45 536 581 24.63830551012634
1774 45 177 222 37.070998644244646
1775 45 35 80 47.890153052414085
1776 45 540 585 31.862457609184897
1777 45 205 250 41.38467099365699
1778 45 214 259 51.93818152009279
1779 45 453 498 31.87930872348521
1780 45 295 340 40.873752546507575
1781 45 248 293 32.555795792209544
1782 45 502 547 18.66889952531947
1783 45 518 563 34.795887224511006
1784 45 380 425 33.11394335235287
1785 45 332 377 51.341213475333355
1786 45 401 446 39.80094401956576
1787 45 75 120 56.197573160204065
1788 45 199 244 40.36076855663358
1789 45 185 230 35.83787894228723
1790 45 192 237 37.48583027380846
1791 45 304 349 52.35438537272183
1792 45 436 481 65.7723400267862
1793 45 485 530 15.224365372526604
1794 45 372 417 31.61362296921928
1795 45 23 68 74.05812792056291
1796 45 499 544 15.832442349916722
1797 45 21 66 75.85525504365569
1798 45 107 152 27.897592256675342
1799 45 442 487 58.561483515904726
1800 46 351 397 69.79565223170086
1801 46 347 393 66.02423210293297
1802 46 75 121 59.34431375730238
1803 46 430 476 62.978370170448564
1804 46 199 245 41.35053296580055
1805 46 526 572 20.708807410893748
1806 46 506 552 25.00597087316036
1807 46 577 623 17.275974095707134
1808 46 563 609 25.049954404024103
1809 46 513 559 36.87120538225492
1810 46 489 535 16.905528332880298
1811 46 460 506 17.98012289359485
1812 46 482 528 13.35528735017475
1813 46 169 215 50.58153554887125
1814 46 274 320 32.360989945201965
1815 46 537 583 27.485276138354095
1816 46 308 354 57.45781194083358
1817 46 576 622 19.064698174400675
1818 46 405 451 20.12369484994077
1819 46 552 598 35.94894748076121
1820 46 265 311 44.71820718630637
1821 46 261 307 41.476711652787856
1822 46 317 363 57.62380543135907
1823 46 15 61 72.62790679709939
1824 46 46 92 28.535813807581548
1825 46 468 514 16.090265561585607
1826 46 364 410 41.825584694889685
1827 46 237 283 15.980860958935837
1828 46 520 566 32.00542442718415
1829 46 454 500 29.978533217824157
1830 46 214 260 52.98410694853766
1831 46 487 533 16.596672950516087
1832 46 343 389 62.30139195731418
1833 46 148 194 58.74274747289974
1834 46 393 439 50.05672118730733
1835 46 447 493 48.64373204465176
1836 46 55 101 47.40025878660494
1837 46 113 159 26.355972465940493
1838 46 8 54 53.77800660377331
1839 46 554 600 31.081756997115633
1840 47 55 102 47.54466692638642
1841 47 313 360 60.289633405303135
1842 47 387 434 49.398291304710135
1843 47 15 62 73.64859060942783
1844 47 332 379 55.594761988602905
1845 47 346 393 66.7722142867985
1846 47 316 363 59.02448558242649
1847 47 50 97 34.24862888687336
1848 47 213 260 55.1732057734529
1849 47 83 130 53.97575112688459
1850 47 336 383 60.32338808935941
1851 47 122 169 40.75766479268269
1852 47 67 114 57.23174710395274
1853 47 131 178 36.138270373337235
1854 47 301 348 52.9844763306811
1855 47 419 466 38.30364955661101
1856 47 348 395 69.2451406076888
1857 47 238 285 16.085577898443308
1858 47 27 74 60.99495024453657
1859 47 187 234 37.383474513072706
1860 47 516 563 37.51465978166359
1861 47 587 634 3.9456067585605283
1862 47 374 421 26.421281864157105
1863 47 309 356 59.24200527026924
1864 47 300 347 51.665206384701875
1865 47 430 477 62.74802157501671
1866 47 539 586 32.5400346613569
1867 47 472 519 12.679475455589017
1868 47 75 122 62.976441009602176
1869 47 203 250 41.82697965418667
1870 47 417 464 31.77492036642745
1871 47 237 284 15.982097126130622
1872 47 43 90 29.15703878327296
1873 47 246 293 30.73662792700072
1874 47 229 276 25.086123726028003
1875 47 249 296 35.835017916893946
1876 47 404 451 21.857882252736008
1877 47 388 435 49.23215325305006
1878 47 215 262 51.6734004251631
1879 47 155 202 60.83059382976048
1880 48 306 354 58.5401431053617
1881 48 368 416 33.79268257641785
1882 48 1 49 32.874569862125725
1883 48 314 362 60.43846217056265
1884 48 454 502 29.99657263409116
1885 48 509 557 33.772671513450625
1886 48 174 222 40.54692977201776
1887 48 149 197 60.6724196239291
1888 48 31 79 53.749389225569566
1889 48 379 427 31.74524886737553
1890 48 447 495 48.261799895659486
1891 48 567 615 27.839980486450482
1892 48 350 398 71.2403261533202
1893 48 525 573 22.38012994489353
1894 48 501 549 19.210004521714843
1895 48 325 373 50.29375216415874
1896 48 114 162 31.220482282116837
1897 48 299 347 51.333094812973115
1898 48 561 609 22.983471889824354
1899 48 282 330 13.032625884621806
1900 48 439 487 63.95648709530829
1901 48 11 59 68.18272364756125
1902 48 318 366 57.00106986854513
1903 48 88 136 40.17805664637335
1904 48 503 551 21.769421712767873
1905 48 117 165 35.63211697489588
1906 48 513 561 38.92402017044253
1907 48 225 273 29.919327025222955
1908 48 271 319 36.32555577956131
1909 48 381 429 38.9752885510828
1910 48 236 284 16.59209325297438
1911 48 55 103 47.875537339206346
1912 48 104 152 30.18754179164133
1913 48 527 575 19.795672929334582
1914 48 526 574 21.236143972861477
1915 48 523 571 25.848797191794322
1916 48 166 214 55.3801715450842
1917 48 132 180 40.262509345269756
1918 48 49 97 32.15565561265352
1919 48 69 117 60.06912465079295
1920 49 223 272 32.52677388891183
1921 49 3 52 42.91533774541313
1922 49 63 112 56.88766684775242
1923 49 433 482 67.09425740246577
1924 49 21 70 74.05137678549323
1925 49 67 116 60.41148365882737
1926 49 56 105 49.52103228561524
1927 49 9 58 64.8380698075754
1928 49 35 84 45.03075064564931
1929 49 550 599 39.008626143240356
1930 49 347 396 71.47967576305416
1931 49 340 389 64.73257743725569
1932 49 19 68 76.01842139920049
1933 49 572 621 24.415240158016754
1934 49 216 265 52.16244740614131
1935 49 480 529 13.54282254580461
1936 49 204 253 42.20414023786036
1937 49 272 321 32.643377842248746
1938 49 302 351 56.20079237885164
1939 49 563 612 24.139581841329548
1940 49 534 583 26.688699306276106
1941 49 257 306 38.184319531058016
1942 49 239 288 19.303827043888564
1943 49 187 236 38.85900423484381
1944 49 215 264 54.51167053314721
1945 49 400 449 34.005096771602624
1946 49 61 110 55.404509729074164
1947 49 244 293 29.794583261743192
1948 49 568 617 27.73025395060161
1949 49 463 512 17.628178744479936
1950 49 36 85 42.414616877230394
1951 49 339 388 64.03522060131134
1952 49 334 383 62.145032392111325
1953 49 416 465 31.567757129138023
1954 49 122 171 41.03187761677787
1955 49 16 65 76.19307780425552
1956 49 576 625 19.338698733604563
1957 49 189 238 37.11303908052162
1958 49 517 566 37.21098437078176
1959 49 95 144 33.900506345639215
1960 50 189 239 37.54115346685767
1961 50 223 273 31.99102992285392
1962 50 230 280 20.434246195223274
1963 50 180 230 38.83615878589406
1964 50 311 361 62.04422833025701
1965 50 100 150 32.52932250796825
1966 50 60 110 55.47038681469468
1967 50 321 371 54.2417481440185
1968 50 149 199 61.88948123720699
1969 50 64 114 58.59221342868804
1970 50 453 503 32.43178000093122
1971 50 153 203 62.768614970322304
1972 50 236 286 17.29064649972111
1973 50 44 94 26.78580595251659
1974 50 293 343 42.485313826506314
1975 50 352 402 67.57379221312388
1976 50 59 109 54.17833436936263
1977 50 91 141 37.918226591740755
1978 50 205 255 43.5591897930357
1979 50 233 283 17.43970124521586
1980 50 122 172 39.67105253587406
1981 50 58 108 52.82523340292399
1982 50 207 257 46.912757209884234
1983 50 55 105 47.45607348006723
1984 50 118 168 41.82592930131972
1985 50 89 139 38.41222889626732
1986 50 225 275 28.25426365173532
1987 50 292 342 39.36327482882885
1988 50 258 308 37.9336809341445
1989 50 539 589 34.87086460796667
1990 50 432 482 65.66687663606196
1991 50 254 304 37.44351922929568
1992 50 33 83 49.69943064064883
1993 50 257 307 37.886294131954195
1994 50 199 249 43.56747697332145
1995 50 333 383 62.92078075555709
1996 50 358 408 53.20926657619072
1997 50 365 415 35.505241688815715
1998 50 465 515 16.0868090787604
1999 50 391 441 44.36919730669519
