0 1 974 975
1 1 2427 2428
2 1 2229 2230
3 1 534 535
4 1 1515 1516
5 1 2473 2474
6 1 1941 1942
7 1 2562 2563
8 1 2379 2380
9 1 268 269
10 1 2480 2481
11 1 53 54
12 1 1921 1922
13 1 1062 1063
14 1 2256 2257
15 1 959 960
16 1 785 786
17 1 2937 2938
18 1 1926 1927
19 1 2215 2216
20 1 2251 2252
21 1 1951 1952
22 1 1626 1627
23 1 2617 2618
24 1 616 617
25 1 949 950
26 1 2600 2601
27 1 621 622
28 1 2142 2143
29 1 1597 1598
30 1 3036 3037
31 1 62 63
32 1 2750 2751
33 1 3183 3184
34 1 262 263
35 1 652 653
36 1 3105 3106
37 1 2421 2422
38 1 175 176
39 1 1233 1234
40 2 3195 3197
41 2 127 129
42 2 3373 3375
43 2 1103 1105
44 2 1936 1938
45 2 2436 2438
46 2 2944 2946
47 2 1587 1589
48 2 2925 2927
49 2 3228 3230
50 2 1748 1750
51 2 1617 1619
52 2 2982 2984
53 2 3280 3282
54 2 2363 2365
55 2 1821 1823
56 2 549 551
57 2 1497 1499
58 2 399 401
59 2 146 148
60 2 556 558
61 2 2027 2029
62 2 888 890
63 2 1056 1058
64 2 2752 2754
65 2 1786 1788
66 2 3190 3192
67 2 2566 2568
68 2 1233 1235
69 2 1725 1727
70 2 2077 2079
71 2 1580 1582
72 2 2351 2353
73 2 1437 1439
74 2 2187 2189
75 2 2396 2398
76 2 1669 1671
77 2 2393 2395
78 2 951 953
79 2 1379 1381
80 3 2793 2796
81 3 117 120
82 3 1145 1148
83 3 2481 2484
84 3 2749 2752
85 3 2849 2852
86 3 668 671
87 3 2861 2864
88 3 1336 1339
89 3 2219 2222
90 3 2342 2345
91 3 2331 2334
92 3 426 429
93 3 2923 2926
94 3 2684 2687
95 3 864 867
96 3 2592 2595
97 3 2349 2352
98 3 1093 1096
99 3 1167 1170
100 3 509 512
101 3 259 262
102 3 1974 1977
103 3 2616 2619
104 3 1980 1983
105 3 362 365
106 3 1409 1412
107 3 3279 3282
108 3 272 275
109 3 1681 1684
110 3 617 620
111 3 82 85
112 3 1203 1206
113 3 1749 1752
114 3 3148 3151
115 3 1700 1703
116 3 487 490
117 3 181 184
118 3 2478 2481
119 3 2517 2520
120 4 3119 3123
121 4 184 188
122 4 1547 1551
123 4 2942 2946
124 4 2401 2405
125 4 1355 1359
126 4 2256 2260
127 4 1143 1147
128 4 2070 2074
129 4 966 970
130 4 147 151
131 4 1268 1272
132 4 29 33
133 4 315 319
134 4 442 446
135 4 2456 2460
136 4 2193 2197
137 4 128 132
138 4 808 812
139 4 1670 1674
140 4 1194 1198
141 4 2500 2504
142 4 1078 1082
143 4 639 643
144 4 2825 2829
145 4 173 177
146 4 1391 1395
147 4 1285 1289
148 4 1475 1479
149 4 566 570
150 4 1543 1547
151 4 1885 1889
152 4 2130 2134
153 4 1581 1585
154 4 2637 2641
155 4 2439 2443
156 4 2789 2793
157 4 2290 2294
158 4 420 424
159 4 2540 2544
160 5 3323 3328
161 5 2076 2081
162 5 1111 1116
163 5 1766 1771
164 5 2598 2603
165 5 2950 2955
166 5 2931 2936
167 5 973 978
168 5 1233 1238
169 5 1791 1796
170 5 1057 1062
171 5 2134 2139
172 5 1241 1246
173 5 2246 2251
174 5 1388 1393
175 5 46 51
176 5 3229 3234
177 5 1700 1705
178 5 2375 2380
179 5 1289 1294
180 5 82 87
181 5 1542 1547
182 5 2522 2527
183 5 2413 2418
184 5 2589 2594
185 5 545 550
186 5 246 251
187 5 2594 2599
188 5 2569 2574
189 5 1361 1366
190 5 1909 1914
191 5 1445 1450
192 5 2782 2787
193 5 1444 1449
194 5 2493 2498
195 5 2895 2900
196 5 1142 1147
197 5 3022 3027
198 5 2005 2010
199 5 90 95
200 6 2414 2420
201 6 248 254
202 6 2768 2774
203 6 87 93
204 6 1512 1518
205 6 1028 1034
206 6 2572 2578
207 6 1869 1875
208 6 1223 1229
209 6 2427 2433
210 6 2463 2469
211 6 1310 1316
212 6 726 732
213 6 1490 1496
214 6 758 764
215 6 1280 1286
216 6 3105 3111
217 6 2439 2445
218 6 1081 1087
219 6 1230 1236
220 6 3224 3230
221 6 1544 1550
222 6 429 435
223 6 3163 3169
224 6 3330 3336
225 6 110 116
226 6 2331 2337
227 6 2800 2806
228 6 3011 3017
229 6 538 544
230 6 1269 1275
231 6 2048 2054
232 6 911 917
233 6 2677 2683
234 6 3292 3298
235 6 1103 1109
236 6 977 983
237 6 1342 1348
238 6 767 773
239 6 2777 2783
240 7 1782 1789
241 7 2660 2667
242 7 2859 2866
243 7 397 404
244 7 417 424
245 7 2460 2467
246 7 1318 1325
247 7 1367 1374
248 7 2764 2771
249 7 919 926
250 7 1795 1802
251 7 3316 3323
252 7 693 700
253 7 327 334
254 7 1379 1386
255 7 3039 3046
256 7 2663 2670
257 7 893 900
258 7 2328 2335
259 7 1847 1854
260 7 1108 1115
261 7 921 928
262 7 3223 3230
263 7 495 502
264 7 138 145
265 7 2169 2176
266 7 781 788
267 7 1290 1297
268 7 3304 3311
269 7 2354 2361
270 7 751 758
271 7 1141 1148
272 7 1393 1400
273 7 3306 3313
274 7 2629 2636
275 7 350 357
276 7 3302 3309
277 7 2536 2543
278 7 1414 1421
279 7 2414 2421
280 8 531 539
281 8 1725 1733
282 8 1195 1203
283 8 2123 2131
284 8 3251 3259
285 8 1110 1118
286 8 1903 1911
287 8 1418 1426
288 8 2597 2605
289 8 1707 1715
290 8 1189 1197
291 8 1719 1727
292 8 2327 2335
293 8 1677 1685
294 8 145 153
295 8 1692 1700
296 8 638 646
297 8 817 825
298 8 19 27
299 8 1955 1963
300 8 2550 2558
301 8 2089 2097
302 8 1779 1787
303 8 2289 2297
304 8 2937 2945
305 8 909 917
306 8 132 140
307 8 3053 3061
308 8 1870 1878
309 8 3085 3093
310 8 2715 2723
311 8 3063 3071
312 8 2125 2133
313 8 1183 1191
314 8 2227 2235
315 8 1397 1405
316 8 931 939
317 8 278 286
318 8 2411 2419
319 8 1175 1183
320 9 491 500
321 9 3318 3327
322 9 1001 1010
323 9 184 193
324 9 143 152
325 9 3288 3297
326 9 2841 2850
327 9 2098 2107
328 9 812 821
329 9 1760 1769
330 9 2363 2372
331 9 202 211
332 9 53 62
333 9 1970 1979
334 9 3052 3061
335 9 494 503
336 9 703 712
337 9 2061 2070
338 9 1228 1237
339 9 979 988
340 9 2715 2724
341 9 81 90
342 9 2150 2159
343 9 2199 2208
344 9 1694 1703
345 9 218 227
346 9 2507 2516
347 9 465 474
348 9 1398 1407
349 9 513 522
350 9 1034 1043
351 9 2215 2224
352 9 1954 1963
353 9 3324 3333
354 9 3204 3213
355 9 251 260
356 9 1441 1450
357 9 904 913
358 9 808 817
359 9 500 509
360 10 2189 2199
361 10 3345 3355
362 10 488 498
363 10 701 711
364 10 980 990
365 10 3242 3252
366 10 1121 1131
367 10 3301 3311
368 10 526 536
369 10 3373 3383
370 10 30 40
371 10 1996 2006
372 10 2574 2584
373 10 2338 2348
374 10 1639 1649
375 10 204 214
376 10 3098 3108
377 10 1111 1121
378 10 1016 1026
379 10 1100 1110
380 10 2531 2541
381 10 2159 2169
382 10 2128 2138
383 10 1732 1742
384 10 208 218
385 10 1936 1946
386 10 1323 1333
387 10 3180 3190
388 10 3356 3366
389 10 7 17
390 10 224 234
391 10 3175 3185
392 10 519 529
393 10 189 199
394 10 510 520
395 10 280 290
396 10 1977 1987
397 10 135 145
398 10 2919 2929
399 10 352 362
400 11 2111 2122
401 11 2056 2067
402 11 2007 2018
403 11 1293 1304
404 11 643 654
405 11 1288 1299
406 11 293 304
407 11 1438 1449
408 11 1580 1591
409 11 2649 2660
410 11 1595 1606
411 11 2402 2413
412 11 1245 1256
413 11 1477 1488
414 11 1085 1096
415 11 782 793
416 11 1346 1357
417 11 1755 1766
418 11 506 517
419 11 522 533
420 11 2275 2286
421 11 14 25
422 11 2932 2943
423 11 2961 2972
424 11 1557 1568
425 11 3257 3268
426 11 327 338
427 11 2321 2332
428 11 731 742
429 11 175 186
430 11 1528 1539
431 11 1887 1898
432 11 2475 2486
433 11 2663 2674
434 11 3205 3216
435 11 2217 2228
436 11 2607 2618
437 11 3281 3292
438 11 177 188
439 11 2551 2562
440 12 1767 1779
441 12 217 229
442 12 1525 1537
443 12 2570 2582
444 12 2032 2044
445 12 3113 3125
446 12 2878 2890
447 12 1290 1302
448 12 1722 1734
449 12 2843 2855
450 12 1713 1725
451 12 1887 1899
452 12 73 85
453 12 1003 1015
454 12 895 907
455 12 2194 2206
456 12 1106 1118
457 12 2847 2859
458 12 2416 2428
459 12 293 305
460 12 3289 3301
461 12 1740 1752
462 12 919 931
463 12 1744 1756
464 12 533 545
465 12 115 127
466 12 1333 1345
467 12 1532 1544
468 12 2289 2301
469 12 3239 3251
470 12 1073 1085
471 12 497 509
472 12 1901 1913
473 12 2828 2840
474 12 504 516
475 12 3330 3342
476 12 2996 3008
477 12 2712 2724
478 12 2171 2183
479 12 3245 3257
480 13 1541 1554
481 13 2734 2747
482 13 444 457
483 13 3005 3018
484 13 1304 1317
485 13 2309 2322
486 13 2178 2191
487 13 422 435
488 13 3324 3337
489 13 2407 2420
490 13 2935 2948
491 13 20 33
492 13 1939 1952
493 13 587 600
494 13 966 979
495 13 3171 3184
496 13 1592 1605
497 13 181 194
498 13 2159 2172
499 13 376 389
500 13 2311 2324
501 13 406 419
502 13 2700 2713
503 13 1539 1552
504 13 733 746
505 13 3356 3369
506 13 96 109
507 13 1398 1411
508 13 496 509
509 13 104 117
510 13 471 484
511 13 2758 2771
512 13 1973 1986
513 13 2852 2865
514 13 1165 1178
515 13 2371 2384
516 13 1226 1239
517 13 3271 3284
518 13 363 376
519 13 148 161
520 14 3143 3157
521 14 2308 2322
522 14 2094 2108
523 14 2166 2180
524 14 2929 2943
525 14 976 990
526 14 437 451
527 14 2271 2285
528 14 3067 3081
529 14 409 423
530 14 2266 2280
531 14 250 264
532 14 2253 2267
533 14 1328 1342
534 14 2310 2324
535 14 739 753
536 14 316 330
537 14 991 1005
538 14 736 750
539 14 2645 2659
540 14 1023 1037
541 14 1860 1874
542 14 2523 2537
543 14 2867 2881
544 14 3086 3100
545 14 1612 1626
546 14 1035 1049
547 14 1505 1519
548 14 2455 2469
549 14 1624 1638
550 14 1434 1448
551 14 2279 2293
552 14 1713 1727
553 14 341 355
554 14 1537 1551
555 14 2049 2063
556 14 963 977
557 14 1690 1704
558 14 3061 3075
559 14 657 671
560 15 1700 1715
561 15 2829 2844
562 15 2328 2343
563 15 3097 3112
564 15 2374 2389
565 15 2760 2775
566 15 2118 2133
567 15 2808 2823
568 15 1981 1996
569 15 639 654
570 15 2633 2648
571 15 1642 1657
572 15 611 626
573 15 665 680
574 15 392 407
575 15 2039 2054
576 15 3064 3079
577 15 1980 1995
578 15 2861 2876
579 15 1814 1829
580 15 2402 2417
581 15 2944 2959
582 15 762 777
583 15 558 573
584 15 1095 1110
585 15 3080 3095
586 15 815 830
587 15 600 615
588 15 2398 2413
589 15 2111 2126
590 15 1289 1304
591 15 951 966
592 15 2830 2845
593 15 2203 2218
594 15 3192 3207
595 15 1211 1226
596 15 2749 2764
597 15 2889 2904
598 15 1692 1707
599 15 2438 2453
600 16 2394 2410
601 16 1094 1110
602 16 891 907
603 16 1258 1274
604 16 94 110
605 16 1098 1114
606 16 1963 1979
607 16 3293 3309
608 16 1567 1583
609 16 821 837
610 16 705 721
611 16 2334 2350
612 16 1476 1492
613 16 978 994
614 16 1319 1335
615 16 1976 1992
616 16 3171 3187
617 16 588 604
618 16 1713 1729
619 16 2857 2873
620 16 1964 1980
621 16 2873 2889
622 16 2453 2469
623 16 842 858
624 16 1917 1933
625 16 2377 2393
626 16 3365 3381
627 16 2672 2688
628 16 2281 2297
629 16 113 129
630 16 1971 1987
631 16 2952 2968
632 16 296 312
633 16 1639 1655
634 16 3207 3223
635 16 3004 3020
636 16 187 203
637 16 1914 1930
638 16 940 956
639 16 961 977
640 17 2655 2672
641 17 2939 2956
642 17 3183 3200
643 17 2766 2783
644 17 283 300
645 17 890 907
646 17 1041 1058
647 17 991 1008
648 17 776 793
649 17 3177 3194
650 17 1059 1076
651 17 563 580
652 17 766 783
653 17 2547 2564
654 17 2886 2903
655 17 2765 2782
656 17 150 167
657 17 1044 1061
658 17 695 712
659 17 184 201
660 17 1283 1300
661 17 750 767
662 17 1733 1750
663 17 372 389
664 17 2985 3002
665 17 3272 3289
666 17 351 368
667 17 483 500
668 17 379 396
669 17 1082 1099
670 17 1195 1212
671 17 147 164
672 17 1460 1477
673 17 1852 1869
674 17 2376 2393
675 17 3006 3023
676 17 1378 1395
677 17 28 45
678 17 120 137
679 17 1371 1388
680 18 1357 1375
681 18 1786 1804
682 18 1555 1573
683 18 1990 2008
684 18 319 337
685 18 860 878
686 18 2639 2657
687 18 2396 2414
688 18 3040 3058
689 18 2006 2024
690 18 1601 1619
691 18 513 531
692 18 2229 2247
693 18 1305 1323
694 18 488 506
695 18 1125 1143
696 18 312 330
697 18 2725 2743
698 18 1771 1789
699 18 460 478
700 18 1795 1813
701 18 2160 2178
702 18 1027 1045
703 18 396 414
704 18 2161 2179
705 18 2870 2888
706 18 1532 1550
707 18 2778 2796
708 18 3163 3181
709 18 1509 1527
710 18 3101 3119
711 18 1844 1862
712 18 1210 1228
713 18 2715 2733
714 18 2768 2786
715 18 2744 2762
716 18 2679 2697
717 18 3301 3319
718 18 3347 3365
719 18 1087 1105
720 19 438 457
721 19 3089 3108
722 19 1386 1405
723 19 2755 2774
724 19 2318 2337
725 19 2196 2215
726 19 2153 2172
727 19 464 483
728 19 2731 2750
729 19 2022 2041
730 19 2083 2102
731 19 1442 1461
732 19 243 262
733 19 2941 2960
734 19 1205 1224
735 19 2779 2798
736 19 2981 3000
737 19 2319 2338
738 19 3040 3059
739 19 745 764
740 19 2645 2664
741 19 2644 2663
742 19 2990 3009
743 19 2584 2603
744 19 612 631
745 19 733 752
746 19 1518 1537
747 19 2684 2703
748 19 1860 1879
749 19 504 523
750 19 443 462
751 19 2292 2311
752 19 579 598
753 19 1357 1376
754 19 2641 2660
755 19 2951 2970
756 19 2660 2679
757 19 2447 2466
758 19 1720 1739
759 19 2272 2291
760 20 1231 1251
761 20 2652 2672
762 20 765 785
763 20 1874 1894
764 20 1975 1995
765 20 1279 1299
766 20 3203 3223
767 20 722 742
768 20 2889 2909
769 20 280 300
770 20 439 459
771 20 2932 2952
772 20 742 762
773 20 3090 3110
774 20 2268 2288
775 20 2224 2244
776 20 2358 2378
777 20 3029 3049
778 20 1605 1625
779 20 1471 1491
780 20 409 429
781 20 1088 1108
782 20 1109 1129
783 20 1570 1590
784 20 219 239
785 20 559 579
786 20 172 192
787 20 1960 1980
788 20 2067 2087
789 20 1111 1131
790 20 1012 1032
791 20 2848 2868
792 20 3149 3169
793 20 2108 2128
794 20 1450 1470
795 20 1363 1383
796 20 1652 1672
797 20 1835 1855
798 20 2217 2237
799 20 3314 3334
800 21 3160 3181
801 21 283 304
802 21 1445 1466
803 21 2039 2060
804 21 459 480
805 21 620 641
806 21 1107 1128
807 21 2417 2438
808 21 408 429
809 21 2791 2812
810 21 461 482
811 21 2311 2332
812 21 3190 3211
813 21 2978 2999
814 21 757 778
815 21 2859 2880
816 21 774 795
817 21 2322 2343
818 21 1706 1727
819 21 2744 2765
820 21 3044 3065
821 21 1602 1623
822 21 3341 3362
823 21 3066 3087
824 21 526 547
825 21 2424 2445
826 21 2489 2510
827 21 599 620
828 21 1631 1652
829 21 3269 3290
830 21 793 814
831 21 2231 2252
832 21 2161 2182
833 21 697 718
834 21 2328 2349
835 21 732 753
836 21 827 848
837 21 1024 1045
838 21 1513 1534
839 21 3201 3222
840 22 1200 1222
841 22 123 145
842 22 3289 3311
843 22 1822 1844
844 22 1668 1690
845 22 3336 3358
846 22 1569 1591
847 22 1294 1316
848 22 2263 2285
849 22 2388 2410
850 22 1268 1290
851 22 2595 2617
852 22 2039 2061
853 22 2167 2189
854 22 2812 2834
855 22 2895 2917
856 22 1226 1248
857 22 2734 2756
858 22 1982 2004
859 22 2463 2485
860 22 780 802
861 22 2977 2999
862 22 2597 2619
863 22 9 31
864 22 440 462
865 22 3155 3177
866 22 3096 3118
867 22 2711 2733
868 22 957 979
869 22 2014 2036
870 22 709 731
871 22 2144 2166
872 22 2560 2582
873 22 1886 1908
874 22 814 836
875 22 792 814
876 22 3203 3225
877 22 2169 2191
878 22 867 889
879 22 151 173
880 23 3328 3351
881 23 2049 2072
882 23 2645 2668
883 23 1819 1842
884 23 457 480
885 23 2318 2341
886 23 1160 1183
887 23 2693 2716
888 23 625 648
889 23 555 578
890 23 1913 1936
891 23 3245 3268
892 23 363 386
893 23 2552 2575
894 23 207 230
895 23 104 127
896 23 1474 1497
897 23 2532 2555
898 23 956 979
899 23 2072 2095
900 23 318 341
901 23 2042 2065
902 23 2207 2230
903 23 77 100
904 23 1391 1414
905 23 1323 1346
906 23 1344 1367
907 23 1408 1431
908 23 2845 2868
909 23 2840 2863
910 23 550 573
911 23 329 352
912 23 2462 2485
913 23 3175 3198
914 23 139 162
915 23 2932 2955
916 23 327 350
917 23 3029 3052
918 23 1407 1430
919 23 3304 3327
920 24 840 864
921 24 259 283
922 24 819 843
923 24 1790 1814
924 24 2863 2887
925 24 3100 3124
926 24 904 928
927 24 1986 2010
928 24 1293 1317
929 24 446 470
930 24 3223 3247
931 24 174 198
932 24 1673 1697
933 24 319 343
934 24 820 844
935 24 2891 2915
936 24 658 682
937 24 1603 1627
938 24 2036 2060
939 24 1938 1962
940 24 2864 2888
941 24 278 302
942 24 2201 2225
943 24 1728 1752
944 24 853 877
945 24 2659 2683
946 24 2003 2027
947 24 1247 1271
948 24 95 119
949 24 1902 1926
950 24 1874 1898
951 24 3101 3125
952 24 2831 2855
953 24 1644 1668
954 24 1795 1819
955 24 739 763
956 24 1865 1889
957 24 152 176
958 24 2947 2971
959 24 1051 1075
960 25 1502 1527
961 25 1519 1544
962 25 1833 1858
963 25 2168 2193
964 25 1480 1505
965 25 2443 2468
966 25 1645 1670
967 25 916 941
968 25 11 36
969 25 3293 3318
970 25 856 881
971 25 1059 1084
972 25 3207 3232
973 25 1514 1539
974 25 587 612
975 25 1884 1909
976 25 2186 2211
977 25 799 824
978 25 651 676
979 25 857 882
980 25 91 116
981 25 699 724
982 25 2394 2419
983 25 1653 1678
984 25 2062 2087
985 25 689 714
986 25 2607 2632
987 25 112 137
988 25 570 595
989 25 450 475
990 25 2493 2518
991 25 1813 1838
992 25 2008 2033
993 25 756 781
994 25 244 269
995 25 1651 1676
996 25 1835 1860
997 25 1301 1326
998 25 1670 1695
999 25 134 159
1000 26 2881 2907
1001 26 2924 2950
1002 26 209 235
1003 26 979 1005
1004 26 1651 1677
1005 26 160 186
1006 26 1624 1650
1007 26 2020 2046
1008 26 109 135
1009 26 896 922
1010 26 989 1015
1011 26 386 412
1012 26 1593 1619
1013 26 1943 1969
1014 26 780 806
1015 26 674 700
1016 26 1363 1389
1017 26 2549 2575
1018 26 475 501
1019 26 1418 1444
1020 26 507 533
1021 26 2434 2460
1022 26 212 238
1023 26 3307 3333
1024 26 2980 3006
1025 26 1191 1217
1026 26 1126 1152
1027 26 3226 3252
1028 26 1906 1932
1029 26 3232 3258
1030 26 1231 1257
1031 26 2001 2027
1032 26 1023 1049
1033 26 2298 2324
1034 26 1088 1114
1035 26 123 149
1036 26 3336 3362
1037 26 1380 1406
1038 26 2576 2602
1039 26 1412 1438
1040 27 1298 1325
1041 27 383 410
1042 27 232 259
1043 27 2795 2822
1044 27 1783 1810
1045 27 366 393
1046 27 2425 2452
1047 27 2529 2556
1048 27 14 41
1049 27 429 456
1050 27 124 151
1051 27 2788 2815
1052 27 370 397
1053 27 78 105
1054 27 697 724
1055 27 2060 2087
1056 27 149 176
1057 27 1973 2000
1058 27 220 247
1059 27 774 801
1060 27 2680 2707
1061 27 2087 2114
1062 27 1356 1383
1063 27 822 849
1064 27 3102 3129
1065 27 1953 1980
1066 27 1392 1419
1067 27 3291 3318
1068 27 1960 1987
1069 27 1439 1466
1070 27 2697 2724
1071 27 140 167
1072 27 1565 1592
1073 27 1248 1275
1074 27 3078 3105
1075 27 2485 2512
1076 27 2586 2613
1077 27 1615 1642
1078 27 359 386
1079 27 1201 1228
1080 28 754 782
1081 28 1691 1719
1082 28 469 497
1083 28 2078 2106
1084 28 1596 1624
1085 28 2241 2269
1086 28 1368 1396
1087 28 2197 2225
1088 28 2785 2813
1089 28 3188 3216
1090 28 1649 1677
1091 28 715 743
1092 28 3030 3058
1093 28 3006 3034
1094 28 1580 1608
1095 28 2266 2294
1096 28 1471 1499
1097 28 753 781
1098 28 1486 1514
1099 28 3283 3311
1100 28 1698 1726
1101 28 1795 1823
1102 28 939 967
1103 28 1820 1848
1104 28 3192 3220
1105 28 2878 2906
1106 28 1968 1996
1107 28 1413 1441
1108 28 1103 1131
1109 28 3362 3390
1110 28 695 723
1111 28 2076 2104
1112 28 2951 2979
1113 28 3083 3111
1114 28 2480 2508
1115 28 2910 2938
1116 28 2854 2882
1117 28 1584 1612
1118 28 1995 2023
1119 28 175 203
1120 29 630 659
1121 29 703 732
1122 29 2911 2940
1123 29 3078 3107
1124 29 94 123
1125 29 1912 1941
1126 29 376 405
1127 29 3106 3135
1128 29 2833 2862
1129 29 2774 2803
1130 29 2705 2734
1131 29 397 426
1132 29 1311 1340
1133 29 971 1000
1134 29 2460 2489
1135 29 3282 3311
1136 29 2631 2660
1137 29 231 260
1138 29 2507 2536
1139 29 197 226
1140 29 1842 1871
1141 29 1910 1939
1142 29 3001 3030
1143 29 2648 2677
1144 29 1366 1395
1145 29 1515 1544
1146 29 6 35
1147 29 295 324
1148 29 798 827
1149 29 1635 1664
1150 29 3223 3252
1151 29 430 459
1152 29 1386 1415
1153 29 2330 2359
1154 29 1275 1304
1155 29 451 480
1156 29 1844 1873
1157 29 331 360
1158 29 3366 3395
1159 29 2658 2687
1160 30 861 891
1161 30 985 1015
1162 30 2818 2848
1163 30 199 229
1164 30 625 655
1165 30 2640 2670
1166 30 586 616
1167 30 2398 2428
1168 30 47 77
1169 30 459 489
1170 30 941 971
1171 30 1177 1207
1172 30 855 885
1173 30 901 931
1174 30 2303 2333
1175 30 2111 2141
1176 30 1718 1748
1177 30 2068 2098
1178 30 3199 3229
1179 30 2475 2505
1180 30 1306 1336
1181 30 3230 3260
1182 30 2192 2222
1183 30 3203 3233
1184 30 770 800
1185 30 1914 1944
1186 30 727 757
1187 30 2549 2579
1188 30 324 354
1189 30 169 199
1190 30 3302 3332
1191 30 460 490
1192 30 2450 2480
1193 30 98 128
1194 30 415 445
1195 30 816 846
1196 30 1044 1074
1197 30 351 381
1198 30 446 476
1199 30 1905 1935
1200 31 1634 1665
1201 31 912 943
1202 31 2787 2818
1203 31 2520 2551
1204 31 445 476
1205 31 2628 2659
1206 31 1988 2019
1207 31 3118 3149
1208 31 2738 2769
1209 31 2865 2896
1210 31 1417 1448
1211 31 1650 1681
1212 31 2470 2501
1213 31 2707 2738
1214 31 1825 1856
1215 31 3185 3216
1216 31 454 485
1217 31 1195 1226
1218 31 2434 2465
1219 31 1817 1848
1220 31 3337 3368
1221 31 1554 1585
1222 31 843 874
1223 31 478 509
1224 31 2208 2239
1225 31 30 61
1226 31 1901 1932
1227 31 1225 1256
1228 31 2981 3012
1229 31 2632 2663
1230 31 316 347
1231 31 1399 1430
1232 31 786 817
1233 31 1984 2015
1234 31 3086 3117
1235 31 292 323
1236 31 2263 2294
1237 31 2811 2842
1238 31 3011 3042
1239 31 1493 1524
1240 32 1732 1764
1241 32 3211 3243
1242 32 2655 2687
1243 32 274 306
1244 32 2481 2513
1245 32 2124 2156
1246 32 877 909
1247 32 1023 1055
1248 32 1435 1467
1249 32 255 287
1250 32 1372 1404
1251 32 967 999
1252 32 1764 1796
1253 32 1798 1830
1254 32 344 376
1255 32 1027 1059
1256 32 892 924
1257 32 1323 1355
1258 32 676 708
1259 32 3070 3102
1260 32 847 879
1261 32 2975 3007
1262 32 895 927
1263 32 3011 3043
1264 32 2507 2539
1265 32 1898 1930
1266 32 2913 2945
1267 32 2194 2226
1268 32 1715 1747
1269 32 1506 1538
1270 32 782 814
1271 32 2554 2586
1272 32 1676 1708
1273 32 1983 2015
1274 32 3168 3200
1275 32 1666 1698
1276 32 1922 1954
1277 32 2406 2438
1278 32 143 175
1279 32 1196 1228
1280 33 74 107
1281 33 756 789
1282 33 392 425
1283 33 115 148
1284 33 2958 2991
1285 33 617 650
1286 33 1205 1238
1287 33 2062 2095
1288 33 2127 2160
1289 33 251 284
1290 33 2618 2651
1291 33 1933 1966
1292 33 166 199
1293 33 797 830
1294 33 3052 3085
1295 33 849 882
1296 33 1130 1163
1297 33 2014 2047
1298 33 1771 1804
1299 33 154 187
1300 33 1412 1445
1301 33 1917 1950
1302 33 3039 3072
1303 33 805 838
1304 33 3058 3091
1305 33 3203 3236
1306 33 1176 1209
1307 33 585 618
1308 33 423 456
1309 33 1818 1851
1310 33 1226 1259
1311 33 1683 1716
1312 33 1817 1850
1313 33 317 350
1314 33 842 875
1315 33 627 660
1316 33 1996 2029
1317 33 3124 3157
1318 33 3317 3350
1319 33 2868 2901
1320 34 1164 1198
1321 34 1536 1570
1322 34 3301 3335
1323 34 2597 2631
1324 34 1526 1560
1325 34 660 694
1326 34 1766 1800
1327 34 1277 1311
1328 34 1897 1931
1329 34 1941 1975
1330 34 2154 2188
1331 34 2220 2254
1332 34 911 945
1333 34 1473 1507
1334 34 1181 1215
1335 34 1168 1202
1336 34 120 154
1337 34 1529 1563
1338 34 1471 1505
1339 34 3306 3340
1340 34 1218 1252
1341 34 3061 3095
1342 34 993 1027
1343 34 3304 3338
1344 34 2128 2162
1345 34 41 75
1346 34 58 92
1347 34 538 572
1348 34 2576 2610
1349 34 2174 2208
1350 34 610 644
1351 34 2194 2228
1352 34 85 119
1353 34 678 712
1354 34 205 239
1355 34 7 41
1356 34 835 869
1357 34 3153 3187
1358 34 3248 3282
1359 34 1907 1941
1360 35 1453 1488
1361 35 3217 3252
1362 35 1486 1521
1363 35 2263 2298
1364 35 143 178
1365 35 2007 2042
1366 35 757 792
1367 35 977 1012
1368 35 54 89
1369 35 1133 1168
1370 35 1770 1805
1371 35 1385 1420
1372 35 209 244
1373 35 2471 2506
1374 35 2236 2271
1375 35 3322 3357
1376 35 384 419
1377 35 1843 1878
1378 35 1276 1311
1379 35 1072 1107
1380 35 1012 1047
1381 35 2752 2787
1382 35 3285 3320
1383 35 2042 2077
1384 35 1713 1748
1385 35 2960 2995
1386 35 1066 1101
1387 35 1390 1425
1388 35 180 215
1389 35 120 155
1390 35 1759 1794
1391 35 152 187
1392 35 2570 2605
1393 35 2765 2800
1394 35 678 713
1395 35 3118 3153
1396 35 3311 3346
1397 35 2309 2344
1398 35 1013 1048
1399 35 555 590
1400 36 3046 3082
1401 36 3106 3142
1402 36 3233 3269
1403 36 1689 1725
1404 36 2084 2120
1405 36 3074 3110
1406 36 1382 1418
1407 36 2260 2296
1408 36 547 583
1409 36 1145 1181
1410 36 68 104
1411 36 691 727
1412 36 185 221
1413 36 69 105
1414 36 1989 2025
1415 36 2634 2670
1416 36 247 283
1417 36 3343 3379
1418 36 1884 1920
1419 36 1914 1950
1420 36 2134 2170
1421 36 2725 2761
1422 36 3091 3127
1423 36 3334 3370
1424 36 2468 2504
1425 36 2110 2146
1426 36 1697 1733
1427 36 1519 1555
1428 36 2123 2159
1429 36 2589 2625
1430 36 699 735
1431 36 1203 1239
1432 36 749 785
1433 36 302 338
1434 36 2800 2836
1435 36 571 607
1436 36 2240 2276
1437 36 416 452
1438 36 1671 1707
1439 36 3171 3207
1440 37 1441 1478
1441 37 1819 1856
1442 37 1863 1900
1443 37 1140 1177
1444 37 3288 3325
1445 37 1046 1083
1446 37 1853 1890
1447 37 1159 1196
1448 37 2170 2207
1449 37 636 673
1450 37 2364 2401
1451 37 1289 1326
1452 37 572 609
1453 37 2138 2175
1454 37 154 191
1455 37 1687 1724
1456 37 1988 2025
1457 37 944 981
1458 37 1879 1916
1459 37 2398 2435
1460 37 2508 2545
1461 37 1119 1156
1462 37 125 162
1463 37 1296 1333
1464 37 2353 2390
1465 37 2448 2485
1466 37 2251 2288
1467 37 475 512
1468 37 1997 2034
1469 37 512 549
1470 37 1146 1183
1471 37 3217 3254
1472 37 2905 2942
1473 37 3087 3124
1474 37 1096 1133
1475 37 419 456
1476 37 1782 1819
1477 37 2738 2775
1478 37 310 347
1479 37 1520 1557
1480 38 137 175
1481 38 2108 2146
1482 38 1994 2032
1483 38 3082 3120
1484 38 2635 2673
1485 38 1834 1872
1486 38 799 837
1487 38 1275 1313
1488 38 1416 1454
1489 38 741 779
1490 38 2678 2716
1491 38 1570 1608
1492 38 1624 1662
1493 38 1295 1333
1494 38 201 239
1495 38 1109 1147
1496 38 877 915
1497 38 155 193
1498 38 1297 1335
1499 38 1300 1338
1500 38 2500 2538
1501 38 1607 1645
1502 38 2274 2312
1503 38 1154 1192
1504 38 145 183
1505 38 538 576
1506 38 1709 1747
1507 38 1024 1062
1508 38 1693 1731
1509 38 324 362
1510 38 2028 2066
1511 38 941 979
1512 38 819 857
1513 38 3020 3058
1514 38 325 363
1515 38 2859 2897
1516 38 2155 2193
1517 38 471 509
1518 38 3043 3081
1519 38 2589 2627
1520 39 506 545
1521 39 2585 2624
1522 39 3349 3388
1523 39 21 60
1524 39 1155 1194
1525 39 2834 2873
1526 39 284 323
1527 39 1766 1805
1528 39 1096 1135
1529 39 1977 2016
1530 39 1891 1930
1531 39 1097 1136
1532 39 1185 1224
1533 39 2236 2275
1534 39 2291 2330
1535 39 193 232
1536 39 715 754
1537 39 966 1005
1538 39 1993 2032
1539 39 688 727
1540 39 590 629
1541 39 613 652
1542 39 2889 2928
1543 39 728 767
1544 39 2826 2865
1545 39 1914 1953
1546 39 2763 2802
1547 39 1628 1667
1548 39 2649 2688
1549 39 34 73
1550 39 582 621
1551 39 1604 1643
1552 39 223 262
1553 39 738 777
1554 39 3110 3149
1555 39 2566 2605
1556 39 721 760
1557 39 1273 1312
1558 39 776 815
1559 39 2656 2695
1560 40 535 575
1561 40 601 641
1562 40 199 239
1563 40 2146 2186
1564 40 622 662
1565 40 2190 2230
1566 40 877 917
1567 40 1566 1606
1568 40 3189 3229
1569 40 438 478
1570 40 1774 1814
1571 40 1596 1636
1572 40 744 784
1573 40 107 147
1574 40 1150 1190
1575 40 427 467
1576 40 537 577
1577 40 471 511
1578 40 594 634
1579 40 1208 1248
1580 40 519 559
1581 40 1571 1611
1582 40 1443 1483
1583 40 2472 2512
1584 40 315 355
1585 40 786 826
1586 40 30 70
1587 40 1519 1559
1588 40 583 623
1589 40 1959 1999
1590 40 1007 1047
1591 40 263 303
1592 40 1451 1491
1593 40 2236 2276
1594 40 1986 2026
1595 40 425 465
1596 40 2881 2921
1597 40 1283 1323
1598 40 1936 1976
1599 40 87 127
1600 41 3028 3069
1601 41 1414 1455
1602 41 2174 2215
1603 41 3064 3105
1604 41 3202 3243
1605 41 1812 1853
1606 41 2330 2371
1607 41 1668 1709
1608 41 1900 1941
1609 41 2203 2244
1610 41 2204 2245
1611 41 1250 1291
1612 41 1811 1852
1613 41 610 651
1614 41 2189 2230
1615 41 1868 1909
1616 41 1572 1613
1617 41 821 862
1618 41 3099 3140
1619 41 2434 2475
1620 41 1210 1251
1621 41 3070 3111
1622 41 3062 3103
1623 41 735 776
1624 41 1231 1272
1625 41 687 728
1626 41 1298 1339
1627 41 1089 1130
1628 41 828 869
1629 41 534 575
1630 41 217 258
1631 41 2472 2513
1632 41 233 274
1633 41 1676 1717
1634 41 2516 2557
1635 41 728 769
1636 41 469 510
1637 41 2348 2389
1638 41 57 98
1639 41 646 687
1640 42 501 543
1641 42 3252 3294
1642 42 1652 1694
1643 42 2330 2372
1644 42 2807 2849
1645 42 1532 1574
1646 42 2151 2193
1647 42 2854 2896
1648 42 3137 3179
1649 42 1126 1168
1650 42 378 420
1651 42 1898 1940
1652 42 2213 2255
1653 42 2379 2421
1654 42 1807 1849
1655 42 1334 1376
1656 42 599 641
1657 42 2418 2460
1658 42 2459 2501
1659 42 895 937
1660 42 1323 1365
1661 42 1868 1910
1662 42 2074 2116
1663 42 2308 2350
1664 42 1529 1571
1665 42 2608 2650
1666 42 1303 1345
1667 42 2420 2462
1668 42 1468 1510
1669 42 2877 2919
1670 42 2461 2503
1671 42 3157 3199
1672 42 2961 3003
1673 42 1409 1451
1674 42 2828 2870
1675 42 1398 1440
1676 42 1174 1216
1677 42 1218 1260
1678 42 1104 1146
1679 42 746 788
1680 43 504 547
1681 43 2466 2509
1682 43 2051 2094
1683 43 906 949
1684 43 2999 3042
1685 43 1396 1439
1686 43 2985 3028
1687 43 2643 2686
1688 43 1018 1061
1689 43 1156 1199
1690 43 1780 1823
1691 43 1093 1136
1692 43 1855 1898
1693 43 531 574
1694 43 1957 2000
1695 43 1370 1413
1696 43 2176 2219
1697 43 3230 3273
1698 43 720 763
1699 43 2540 2583
1700 43 2164 2207
1701 43 2134 2177
1702 43 1808 1851
1703 43 2530 2573
1704 43 211 254
1705 43 283 326
1706 43 1709 1752
1707 43 1742 1785
1708 43 2252 2295
1709 43 2500 2543
1710 43 3184 3227
1711 43 1192 1235
1712 43 243 286
1713 43 968 1011
1714 43 1563 1606
1715 43 1572 1615
1716 43 865 908
1717 43 306 349
1718 43 1501 1544
1719 43 2105 2148
1720 44 879 923
1721 44 226 270
1722 44 2247 2291
1723 44 2023 2067
1724 44 481 525
1725 44 1765 1809
1726 44 2999 3043
1727 44 1595 1639
1728 44 2913 2957
1729 44 2295 2339
1730 44 1480 1524
1731 44 48 92
1732 44 1231 1275
1733 44 1523 1567
1734 44 2069 2113
1735 44 1519 1563
1736 44 1634 1678
1737 44 1799 1843
1738 44 1525 1569
1739 44 2669 2713
1740 44 2807 2851
1741 44 426 470
1742 44 2393 2437
1743 44 2027 2071
1744 44 598 642
1745 44 1324 1368
1746 44 900 944
1747 44 0 44
1748 44 263 307
1749 44 2517 2561
1750 44 571 615
1751 44 334 378
1752 44 856 900
1753 44 1313 1357
1754 44 1782 1826
1755 44 1159 1203
1756 44 806 850
1757 44 120 164
1758 44 116 160
1759 44 2206 2250
1760 45 3003 3048
1761 45 1285 1330
1762 45 2188 2233
1763 45 1820 1865
1764 45 3020 3065
1765 45 1490 1535
1766 45 2953 2998
1767 45 3280 3325
1768 45 872 917
1769 45 1807 1852
1770 45 1389 1434
1771 45 2795 2840
1772 45 2392 2437
1773 45 494 539
1774 45 2086 2131
1775 45 1549 1594
1776 45 921 966
1777 45 1947 1992
1778 45 569 614
1779 45 1256 1301
1780 45 1174 1219
1781 45 2263 2308
1782 45 777 822
1783 45 480 525
1784 45 711 756
1785 45 2452 2497
1786 45 347 392
1787 45 1764 1809
1788 45 114 159
1789 45 3260 3305
1790 45 1438 1483
1791 45 1567 1612
1792 45 30 75
1793 45 2007 2052
1794 45 752 797
1795 45 1936 1981
1796 45 1123 1168
1797 45 573 618
1798 45 1592 1637
1799 45 834 879
1800 46 2095 2141
1801 46 2604 2650
1802 46 1770 1816
1803 46 2400 2446
1804 46 2574 2620
1805 46 2702 2748
1806 46 1220 1266
1807 46 1786 1832
1808 46 1175 1221
1809 46 397 443
1810 46 2623 2669
1811 46 3054 3100
1812 46 2831 2877
1813 46 342 388
1814 46 263 309
1815 46 1809 1855
1816 46 3086 3132
1817 46 3055 3101
1818 46 1315 1361
1819 46 270 316
1820 46 38 84
1821 46 1328 1374
1822 46 1965 2011
1823 46 1728 1774
1824 46 2586 2632
1825 46 385 431
1826 46 2703 2749
1827 46 1358 1404
1828 46 2638 2684
1829 46 1715 1761
1830 46 2387 2433
1831 46 925 971
1832 46 1321 1367
1833 46 827 873
1834 46 2655 2701
1835 46 1605 1651
1836 46 362 408
1837 46 212 258
1838 46 2626 2672
1839 46 2121 2167
1840 47 108 155
1841 47 2084 2131
1842 47 2145 2192
1843 47 980 1027
1844 47 2350 2397
1845 47 349 396
1846 47 737 784
1847 47 951 998
1848 47 1920 1967
1849 47 2207 2254
1850 47 1622 1669
1851 47 1165 1212
1852 47 1408 1455
1853 47 1867 1914
1854 47 2709 2756
1855 47 2164 2211
1856 47 928 975
1857 47 828 875
1858 47 2347 2394
1859 47 1222 1269
1860 47 1403 1450
1861 47 2408 2455
1862 47 544 591
1863 47 2383 2430
1864 47 2177 2224
1865 47 1492 1539
1866 47 2539 2586
1867 47 2121 2168
1868 47 1453 1500
1869 47 1289 1336
1870 47 3148 3195
1871 47 2394 2441
1872 47 2959 3006
1873 47 3022 3069
1874 47 2153 2200
1875 47 833 880
1876 47 1831 1878
1877 47 245 292
1878 47 2954 3001
1879 47 1772 1819
1880 48 1278 1326
1881 48 2578 2626
1882 48 794 842
1883 48 2021 2069
1884 48 885 933
1885 48 752 800
1886 48 424 472
1887 48 1871 1919
1888 48 490 538
1889 48 2053 2101
1890 48 1626 1674
1891 48 868 916
1892 48 1291 1339
1893 48 763 811
1894 48 3091 3139
1895 48 154 202
1896 48 1339 1387
1897 48 2042 2090
1898 48 1011 1059
1899 48 1574 1622
1900 48 2788 2836
1901 48 2986 3034
1902 48 233 281
1903 48 969 1017
1904 48 1643 1691
1905 48 1502 1550
1906 48 1594 1642
1907 48 915 963
1908 48 727 775
1909 48 1167 1215
1910 48 1026 1074
1911 48 1415 1463
1912 48 1078 1126
1913 48 216 264
1914 48 2843 2891
1915 48 1393 1441
1916 48 2999 3047
1917 48 455 503
1918 48 850 898
1919 48 902 950
1920 49 1244 1293
1921 49 1811 1860
1922 49 708 757
1923 49 2313 2362
1924 49 689 738
1925 49 1005 1054
1926 49 1978 2027
1927 49 2865 2914
1928 49 856 905
1929 49 882 931
1930 49 3321 3370
1931 49 2747 2796
1932 49 1494 1543
1933 49 2495 2544
1934 49 951 1000
1935 49 719 768
1936 49 2801 2850
1937 49 3076 3125
1938 49 2173 2222
1939 49 1614 1663
1940 49 2451 2500
1941 49 2209 2258
1942 49 1738 1787
1943 49 2448 2497
1944 49 725 774
1945 49 2572 2621
1946 49 1236 1285
1947 49 1533 1582
1948 49 229 278
1949 49 321 370
1950 49 3222 3271
1951 49 2196 2245
1952 49 1872 1921
1953 49 2007 2056
1954 49 73 122
1955 49 2371 2420
1956 49 722 771
1957 49 1099 1148
1958 49 2128 2177
1959 49 1718 1767
1960 50 2808 2858
1961 50 2027 2077
1962 50 908 958
1963 50 1593 1643
1964 50 2050 2100
1965 50 1987 2037
1966 50 1417 1467
1967 50 1663 1713
1968 50 2535 2585
1969 50 1978 2028
1970 50 3105 3155
1971 50 732 782
1972 50 470 520
1973 50 2936 2986
1974 50 1716 1766
1975 50 1388 1438
1976 50 2999 3049
1977 50 590 640
1978 50 2389 2439
1979 50 1316 1366
1980 50 440 490
1981 50 1429 1479
1982 50 2163 2213
1983 50 600 650
1984 50 1220 1270
1985 50 1957 2007
1986 50 2577 2627
1987 50 2209 2259
1988 50 622 672
1989 50 1829 1879
1990 50 1535 1585
1991 50 2018 2068
1992 50 171 221
1993 50 2387 2437
1994 50 1422 1472
1995 50 2599 2649
1996 50 831 881
1997 50 2553 2603
1998 50 383 433
1999 50 2875 2925
