0 2.3910340196876763 0.12130570801287904
1 2.8921953835513294 0.15355584393794824
2 1.706534698106408 0.04263823541075368
3 3.5737335377347295 0.18897146309555254
4 1.5677908072936029 0.026226006673400942
5 2.5003741204977175 0.14328081396067321
6 1.5254258316737548 0.046465262750119744
7 0.6675118781829272 0.03295863395172606
8 2.1466299557532715 0.08669515428320215
9 1.450243275182439 0.01868636028930404
10 2.2345759394445603 0.12860682154785072
11 1.9879862145491989 0.10430796961217835
12 1.341967977332846 0.01767966541214304
13 1.4757328811363788 0.07055139986462201
14 1.7253807689250305 0.0846523845255215
15 1.9893259963664087 0.09926372161240163
16 3.023519103671595 0.16611681530688047
17 3.175074383955141 0.19219621452778418
18 1.0252495518127773 0.006827244078891286
19 1.281299463216017 0.08932635705228663
20 1.6448457052516487 0.05790301065831433
21 2.1783099282082294 0.08280545771910958
22 1.2457480840117088 0.0061263837724252115
23 1.2055858329713296 0.027766311428524967
24 2.452681162917366 0.20124812681140697
25 2.6446638096430988 0.14420020752688517
26 1.0399942773998 0.011106318234903698
27 1.5959907610694997 0.19707465392282475
28 2.6538130396026296 0.11848854422602767
29 0.9751479048925676 0.025027140541548865
30 3.7006342448158627 0.14907110946022936
31 1.69668748409819 0.14865979709960395
32 1.4527773261452614 0.07474680953329152
33 1.8263332608796379 0.07801329069602196
34 1.6490927131510331 0.021723628612329526
35 2.6397501943200345 0.20779104260994272
36 3.108084909142746 0.12795607408029935
37 1.6908790015351285 0.047179834969335
38 2.4597786666655317 0.1652062264077121
39 2.1973201196657777 0.10487033044267166
40 2.6498845594946254 0.10601810708959525
41 3.3863678791083403 0.17724793866941438
42 1.5755027387524705 0.05945273339371503
43 1.2846983815811253 0.03482842337566288
44 1.7015168146013024 0.04223022338540772
45 3.1674512737170972 0.16347058700727604
46 2.5897844832157553 0.20587788297269483
47 1.5283225102827014 0.05202988244152311
48 2.5864530847703135 0.16796058525547355
49 2.2320360753198503 0.07980560094720475
50 1.2833262357116468 0.03180708586772616
51 1.2906145197881291 0.02077042693214718
52 3.2784084614843487 0.17546232184944516
53 1.8536955503606107 0.052709511904968954
54 2.050365994363235 0.07767579732949093
55 2.1053950408394924 0.0683321635152646
56 0.9330282017950724 0.17251995628503872
57 1.1134015556740833 0.031267487337370316
58 1.1242781228821053 0.13801309556779626
59 3.1297631782298545 0.14780710280623074
60 2.6115383972813566 0.19542815537381908
61 3.3223808317392174 0.21965327015992953
62 0.9419941458585973 0.021394721390948893
63 1.8859194272999482 0.08468360552830895
64 1.2908093199157296 0.05424289604573163
65 1.104677006175907 0.007409013301279898
66 1.6160047269412017 0.08688091048563275
67 1.0574482696620957 0.030525496221016888
68 2.144217313167561 0.10241738998614255
69 1.1345308574300066 0.028273713819816547
70 1.8023813200410512 0.12247330674352525
71 1.038804167995675 0.01480649235397065
72 1.1034091183366739 0.05785846594985465
73 1.709893463916785 0.093688688437207
74 1.9115988157975476 0.06389751632664342
75 3.241740443889888 0.16862511353356457
76 0.4611748235568997 0.04166074013732167
77 1.583726886255828 0.19281265550678744
78 3.1547649584670254 0.12791417390054688
79 3.369979824138939 0.14181701788443699
80 1.1515832411174802 0.02702937043336017
81 1.9630052047734914 0.12458917881906441
82 1.3696998392106632 0.024727533945189693
83 2.06554019101102 0.09707781768094982
84 1.2325408196031675 0.058151743776184095
85 3.474366387456346 0.18147726036676556
86 2.385932490755945 0.19718316115651185
87 2.1890142150462975 0.1624400566221178
88 2.8665273824065673 0.13228631925345524
89 1.7933457602687528 0.09224198676652617
90 1.7664941998691495 0.06984821011895993
91 1.428240522837938 0.0363134437222254
92 2.3175283717215063 0.09885478690505276
93 2.6860437595312696 0.15751632887039038
94 0.730046231380539 0.05116074030261672
95 1.753795351455433 0.06548590196473261
96 1.2047561319232571 0.06202773567405478
97 1.473300950933438 0.05596850783251722
98 1.0745286812869743 0.032553760359029835
99 1.3608923138322917 0.05569796519303228
100 3.839466182012827 0.20000526762254406
101 0.7135298255836963 0.015852449224067613
102 1.6995054297464387 0.08038551925794613
103 1.1944954266373833 0.017174823339011668
104 1.7528349808372004 0.07150039177526421
105 2.0983472832560044 0.1566925795603376
106 1.1721249111967251 0.13286957805601773
107 1.8097743938180655 0.05720769975873785
108 0.5220098378593653 0.01357389622411778
109 0.8471007386079036 0.009946511649434591
110 2.4426854503622795 0.19876425668407105
111 1.6010384806223952 0.05957019390814386
112 0.8100820522631773 0.045079462792079396
113 1.3305453033840768 0.025539500412587717
114 2.1335403710973506 0.06806270746883625
115 1.1682628149879142 0.017433217911628076
116 2.6765017175147077 0.15972775962823912
117 2.235289957711204 0.1635064734306714
118 1.969740046559227 0.11387588771961771
119 1.3268065035756986 0.11132869424362182
120 1.1761006388832707 0.10659406873218831
121 2.919062096083518 0.1643822746696265
122 0.9416040623495744 0.02324331317289156
123 2.313251574861373 0.21480333337209664
124 2.1787663295472504 0.12173332438259772
125 2.5155480819687184 0.13161537381980173
126 1.802969924943123 0.07293300613429902
127 1.1781926097260382 0.03612419530434388
128 3.0935609709964997 0.14959822320592758
129 2.372247221222413 0.13731472871222947
130 2.3703370027221986 0.16828108241353948
131 2.0051880938632527 0.13988770113128898
132 0.9105540534736071 0.14177938888925923
133 2.2139785048097025 0.09939253864102571
134 1.1505369339329627 0.046560700755478704
135 1.8266648286061147 0.18168954141556806
136 2.1665970666763545 0.10526621611667981
137 1.7537922024940027 0.18052584986055129
138 4.387089373569889 0.19797757872697463
139 1.1915031128430706 0.056558979726172784
140 1.273721525328139 0.024396009341174037
141 1.7315835298034274 0.11583554936026562
142 1.229204648554301 0.07270889711634926
143 4.0215299714088255 0.21823957491904408
144 1.3658318464200274 0.12351997079839361
145 2.668152599944086 0.18811635280898797
146 2.3553658360282848 0.1494019117350149
147 2.550094532770154 0.13540041232902872
148 0.6142524271133999 0.04842639229285602
149 1.0611678210613165 0.17906586771546804
150 1.6623507409722986 0.013140712515489945
151 1.159053925989568 0.022189890981375766
152 2.540743490059592 0.08298406530241038
153 1.2557354322376482 0.007883158689237557
154 1.622199965610527 0.026145956295307984
155 2.2917909662837874 0.16017982118409965
156 1.7386116993715177 0.05263320828606597
157 2.8616248070645196 0.12187906267322461
158 2.6505568543753153 0.10646772045273831
159 1.3869529781075 0.08630183199077787
160 2.013244952391698 0.07164330745463614
161 3.014376247694886 0.11506405558130355
162 1.7291507960420212 0.050506086583874905
163 1.2818808719397017 0.04611282138042184
164 1.1049271134176806 0.04349652029807631
165 2.551422360096945 0.1593880354401056
166 3.3088658762830154 0.15980260787645922
167 2.5563530540054566 0.11432593593118241
168 2.2625254262147783 0.10547908623066467
169 1.4302796559106234 0.03326796718442515
170 1.6159343569586924 0.07292756783756123
171 3.4147893638585876 0.09553845217353535
172 2.084883896440065 0.11258779000444692
173 1.471199801441539 0.03566678092412654
174 1.4624097260968547 0.10712154811276191
175 1.850015506346512 0.1043650743424064
176 2.1815304319856827 0.09265591955014281
177 0.7063439239624318 0.0126674729564886
178 2.452072492154868 0.11968136100416296
179 2.491913156947486 0.13012260971767883
180 1.6770290040440554 0.06474660032651448
181 1.3339426631610432 0.015781638368434558
182 1.700624671094506 0.08797420000196252
183 1.3914691920191578 0.04048758887440878
184 1.4964179535065447 0.05175875475630902
185 2.5697776246022217 0.15734081201174357
186 1.7832743284704011 0.06682653868695011
187 1.3927763597838483 0.0660726283029888
188 1.319792035093803 0.04894060048817301
189 2.7041395362092073 0.1368403694236872
190 1.1318099398256418 0.03185412292672491
191 0.7097941827764492 0.11203809534190114
192 1.6842477882811242 0.08910741921794457
193 1.168946733569599 0.11619786440629748
194 2.4245283831347573 0.10963493393336467
195 1.4144274217542312 0.18853296455215854
196 1.2440278129178246 0.04851835400555831
197 2.7010680524533353 0.14609166522233244
198 2.8915887688665043 0.09789135983620324
199 1.9425963620742022 0.06956826735778827
200 0.7795097289263643 0.026356255759971876
201 1.7960217072927867 0.11726688417400266
202 1.7131858667384865 0.0510040704731541
203 2.276529547890786 0.07937681515190809
204 0.7693317567382252 0.03898916848653831
205 3.24592122867263 0.1392199438367707
206 1.1286360739052663 0.05471385816320786
207 1.0974732750399612 0.008646170279570356
208 2.0463706739792475 0.10641318201266688
209 3.033054472027014 0.12662811577826535
210 3.3842975583546586 0.1638629329361702
211 2.245972290364763 0.1279963292840515
212 3.2185297172793774 0.16367318366291617
213 1.0132547046340317 0.01901139860515221
214 2.4567898629609233 0.1553290445723984
215 2.3511692656328007 0.12474756345590657
216 3.9197626260620386 0.14364010368652072
217 2.4876676346960442 0.15502958009909587
218 1.8428122540006493 0.07919744653741968
219 2.410166566410105 0.11034509895272164
220 2.296629027737561 0.08401279939792634
221 1.2542154048710397 0.014187106744681958
222 1.7082205702240765 0.07341214711180351
223 2.146250707374831 0.09372113703860424
224 1.8963919866135939 0.06472119905274279
225 1.2254858155680997 0.06733964928607238
226 1.530949962535587 0.02482710827291606
227 2.0060122497846855 0.0745071900842294
228 3.6652281482284166 0.16447767381884582
229 1.61152524979823 0.15269590009792172
230 2.381468806294825 0.13617583731067373
231 2.6580899347350577 0.1652230077280966
232 1.3650119988489278 0.03886000637933829
233 0.9282842751041253 0.08353885613389693
234 1.4832148138203674 0.04465531672421914
235 1.2514500982468988 0.01580639550687057
236 2.673700793399434 0.14072370898802378
237 3.122384867685121 0.13255154152631166
238 2.839391171643802 0.17990867957422638
239 1.7625426724928939 0.05470504860639162
240 1.3306345724010793 0.003437507079754775
241 0.9240378379073619 0.037882526224323476
242 2.7998469797733283 0.1881370136188743
243 2.5043640899846484 0.12029496930932576
244 2.8793468377597122 0.11133270482830054
245 2.8593446565266483 0.1716029765248987
246 2.562861778003972 0.12811413439288397
247 2.6399882140921354 0.12705528921118708
248 1.5813283974152879 0.06493942346753696
249 1.1934841571861845 0.009142209645299788
250 1.001693255889033 0.005795552521190686
251 1.5891085083913192 0.06726851828535371
252 1.790961400407821 0.2169374978959256
253 1.5520688356846513 0.030662584204879523
254 2.1347837686504136 0.1386303299633821
255 1.8251683922720336 0.1593715115887083
256 0.973685485370251 0.05400663660333372
257 0.9511147742704591 0.019394553437660604
258 1.3736586479189645 0.008166047516267101
259 1.2872815179756907 0.05925025289196195
260 1.3593061004305496 0.053200705652047896
261 1.491768401230558 0.03208088449488207
262 2.1923408701479468 0.0866697945071594
263 1.2478006019465753 0.1815596823406833
264 2.324089398855051 0.141578488831227
265 2.6200844459367008 0.09114813960208658
266 2.886176335200977 0.1694958492378805
267 2.2264052844651805 0.11903744947009505
268 1.857967347292308 0.08206852616367265
269 1.6650310685693124 0.06367735531922059
270 2.0394963809902333 0.16111738494976496
271 0.9148683566095476 0.015738974483868295
272 1.7776904135288316 0.10922561723297389
273 1.6086563888862144 0.06656522617125303
274 1.130085204121232 0.003866359743130004
275 2.1390998338880642 0.10216207324112651
276 2.1299759464574204 0.0735535634090351
277 1.4248598952948777 0.07348574978325674
278 1.7567334203701692 0.11812319982628718
279 0.7452838764945103 0.031034710997601463
280 1.6792515490529678 0.1666930771319873
281 1.2922422237582105 0.012841852054399833
282 1.587361113109418 0.019191107369500627
283 2.688241651091956 0.07348100558049982
284 1.7374990111812625 0.074378506764712
285 1.6280970280401477 0.07152308361592662
286 1.2982838414247833 0.012661033537512474
287 2.415123996520665 0.13007709294126044
288 1.3127435395597093 0.06715896258735372
289 1.004934458901617 0.007821995226766526
290 0.9501187057544562 0.015220076571950247
291 0.8322932215973683 0.018580549014212716
292 1.2772793682429442 0.013739340732324095
293 0.9458305373699589 0.0026654078985428715
294 1.7730528987298513 0.16882737494124334
295 0.8345248348217955 0.032661889805844786
296 3.9608598861472535 0.2290950857299315
297 2.677431125816863 0.16500811784401978
298 1.9053731629671036 0.10343292904988256
299 1.8096216538586192 0.08134131025428963
300 2.1104400438791013 0.11218361315074547
301 3.51323824824878 0.14256625923306246
302 1.4195335321988571 0.006885928885148724
303 2.268328898598461 0.08345678215147341
304 3.6037160182308448 0.19577119578024285
305 1.4586178087432673 0.04094710994578234
306 1.828962226532198 0.16912129524320937
307 3.1305487603675233 0.144132488080552
308 1.5185950550953913 0.024659962454423232
309 2.0874301896034373 0.10062508578097987
310 1.0938027889890707 0.00990020348718762
311 2.451573374886661 0.08864819448246974
312 2.21209828471602 0.07711724694205832
313 0.9223456428718013 0.0304346084546676
314 1.9847291929247755 0.061036353914103024
315 2.444878228319243 0.12269051243526209
316 1.9272980189194995 0.100247674211729
317 1.273197954817678 0.007958517203129062
318 1.1355333946855473 0.0093218247535963
319 1.405861130648746 0.0677872206903085
320 2.9287404993827004 0.19473685096362264
321 2.2056364605006356 0.0855214596420945
322 2.115407446582349 0.12610285599863247
323 2.887695460226097 0.16300190345749804
324 3.3702876796621837 0.1433862401265323
325 1.1645040091851522 0.02968983283348204
326 1.7738534811789104 0.1668069522739749
327 4.3550055928115174 0.15102955544322236
328 2.7345543122672002 0.17783325454940713
329 1.2271224885357293 0.046254075115443424
330 2.2511766325330638 0.09420665515213507
331 2.5381843134697326 0.12190335775323988
332 1.6959522014012751 0.09795156407824587
333 1.5029780891552273 0.05816250916963183
334 3.4091386940163377 0.15352506394568852
335 2.2887718337683407 0.1544290385561869
336 3.2099906959370093 0.1548224461680688
337 1.6223810981822395 0.16463929977324757
338 2.465850943780426 0.09065105094915508
339 3.120857355449571 0.14933168126330906
340 1.2172358896224662 0.010389690686540163
341 1.957503234503447 0.08693275148846888
342 3.494261430920468 0.11487597259315291
343 2.0065112610681815 0.06559397294891155
344 0.9599015338317584 0.027746228665928428
345 1.9492702127938957 0.10923411544297267
346 1.709516943945449 0.07215888786963036
347 1.6752372830396136 0.04843115696025074
348 2.237625740441148 0.1245062788533299
349 4.290687786025788 0.2098027941060746
350 2.676091217163638 0.1463290398507791
351 2.0505374316200284 0.0765398138484191
352 1.941295421345477 0.08916539230272126
353 1.967931488292548 0.06435418043868583
354 1.7687705939790999 0.0859902196909065
355 1.6118044622938226 0.05571768321534479
356 1.183974880043851 0.10375230510603364
357 1.5918377108335995 0.042381241183953526
358 2.2637927138374456 0.1679972555353117
359 2.8638257037374033 0.1514165537102442
360 2.1280609975455085 0.07363685047804792
361 1.7871064729061124 0.0798305048642422
362 4.291893034021253 0.15837804204767142
363 2.6079513085675785 0.18045463478302678
364 2.9307557227151064 0.15639049945859584
365 2.126033916670936 0.08885562469907424
366 1.3504094689151918 0.03383279885641128
367 2.036129567128507 0.07733811231678822
368 2.540832489829486 0.1630525067010547
369 1.2097872935763396 0.03908602424522465
370 1.753543505588106 0.0903634377148743
371 2.522301612197519 0.09811133929440854
372 1.136418259854802 0.047379855125151596
373 1.7147900113377372 0.03439959871151592
374 0.9244674149780696 0.01406287101333238
375 3.1235887932977886 0.16058728464103308
376 3.3363815270200257 0.15773746501159255
377 1.3441739739176386 0.045067334364173435
378 2.4967543271638792 0.14229059562977917
379 1.2496598944886224 0.016529411926085393
380 2.1646073034850395 0.09563030877756705
381 2.8019270126665448 0.08202532983314623
382 1.9540272615170555 0.10162484806535312
383 1.415216961651608 0.03124182310641429
384 2.9681659452356564 0.14695822955527144
385 1.6331269391971883 0.05059259256430416
386 3.1341074931627797 0.1482574986119729
387 1.8605232572174286 0.06347904587100267
388 1.6510920697439748 0.05188037368664657
389 2.2197120720313017 0.0975366603095631
390 1.9902166009758204 0.10287400107116804
391 1.6716053304694696 0.06475189728122158
392 2.9166829745662155 0.16764299559943116
393 3.5598393649657067 0.21095642040230708
394 2.71957520383342 0.1846708677689879
395 0.9687252840003097 0.009497456950211652
396 2.1101092705500606 0.10732275828297486
397 1.1718893073336725 0.10603963517842982
398 2.728649182405402 0.15392162843868684
399 1.4100246809131316 0.102785034318237
400 2.4299632647538556 0.1154251259943155
401 0.8793788118705501 0.1622132951853924
402 2.287298053956101 0.10702830479075269
403 2.663071880584846 0.1338343779510551
404 3.0118267935148184 0.1972149292779228
405 2.5052171426047196 0.13791543597231082
406 1.655506143713182 0.11768880238551353
407 1.688503068857094 0.11784569062378994
408 1.122796650956747 0.008477345343395655
409 1.3087102071760994 0.03907302466816636
410 0.7855260432398352 0.035403013398970666
411 0.9502112932866524 0.019526022229163713
412 2.1266789938532615 0.1132016733282569
413 1.268204817933802 0.04951706798119016
414 1.3968993880902119 0.058803584861530526
415 2.5813288963513004 0.1620912667733351
416 1.7554260303343143 0.1337361223947032
417 0.8463273986084189 0.010552432116285121
418 3.7571930971009646 0.20663125695064963
419 3.962089584286541 0.1679977126298436
420 2.994915939582894 0.11844993501622615
421 2.337292967155735 0.11862269874073839
422 3.582297572577297 0.16171223465036436
423 3.348078553132803 0.17286489211320555
424 0.8374656325783446 0.01561315325266644
425 2.167889080109992 0.07795169312477454
426 1.779481579020351 0.03164388465277459
427 1.2337519501186902 0.03765543251409196
428 2.929919373102997 0.16918452962711666
429 3.2326067964959044 0.16730507960784277
430 0.8399839242846514 0.026707703700243644
431 1.511847305774699 0.004526988500583084
432 1.7924462924228395 0.11244621419146107
433 1.029127354849632 0.050370745299657405
434 1.8788589883067335 0.09318216218073895
435 2.30251351004007 0.06399164969237613
436 0.9056538616284034 0.006952075120966003
437 1.569325453382087 0.045652688592933297
438 2.472087884789818 0.1596977252836114
439 2.060392522284291 0.09910498643782549
440 0.9953621255475986 0.024789388169378195
441 1.8045752311608558 0.0975697805399795
442 0.9758881140463614 0.058561980978518335
443 1.1047437724382445 0.04238001618778429
444 3.370455447959389 0.11596863993493307
445 2.7873586805925417 0.11479989364701314
446 2.758157760999201 0.1724701425641819
447 2.075596426117527 0.11439292273821258
448 1.0721197388124675 0.01912006386540537
449 3.4749223306426025 0.148195379233669
450 0.8351344754512013 0.010945001232158939
451 1.3052723844910719 0.007626828238374145
452 1.4314169243353896 0.06215840963706871
453 2.6517854976369692 0.13717572210258405
454 1.2169896372903424 0.005943008435306128
455 2.1651667973131326 0.0811798469596671
456 1.2018269944200686 0.04103745660087119
457 2.07079112941846 0.1667049194525791
458 0.9866305248093851 0.03527639107548431
459 2.135199932687448 0.09122589932059948
460 1.2623130427526017 0.03621492537930989
461 1.364840567797478 0.022279379090450455
462 1.511534941517584 0.04240167755781836
463 0.9734394109070881 0.005819056445844275
464 2.358939104164622 0.16734426976294312
465 2.4943786159971264 0.09290094000809153
466 2.3842048952352055 0.13398560919515592
467 1.0025492928690884 0.03606048373217666
468 2.1304874261846756 0.06381854908521523
469 2.0544509464268406 0.08265714629321275
470 1.452842547387237 0.06250693884496024
471 2.686702271337504 0.15935779100342806
472 1.17749467363309 0.01194205333064436
473 1.800678750137756 0.13769123889659268
474 3.6300956356616023 0.21343438020370903
475 1.988099061833613 0.06143346633133349
476 1.9522497826624579 0.11880866211481678
477 1.3008488101921905 0.00961563307376442
478 2.464319827479341 0.07319368966769102
479 2.3709738096426167 0.08031234407191593
480 0.8328628970566889 0.025709163038866008
481 1.7442784172047305 0.08731491673241441
482 1.143259611374274 0.028268694410138392
483 2.7175692067708503 0.13104425888252483
484 1.4572292668513345 0.13044882059970742
485 0.7896821739431139 0.010993717813126577
486 1.9703826756298708 0.0533018828985615
487 1.7545570270418118 0.09127593517038043
488 1.9397400409750385 0.05576034049960679
489 1.198302930657625 0.0015793784742649496
490 0.8429882647880059 0.18077350600665465
491 1.6448045722878317 0.0938102235231257
492 1.228565675427588 0.05083674337252427
493 2.195096226806736 0.17290488507467916
494 2.099838687181555 0.15153116281984363
495 1.810493662064545 0.06690819635377417
496 1.280369178398614 0.014189369499444177
497 3.0138007006488587 0.23669041718887604
498 2.403335375818905 0.08025698373909516
499 1.9598828406540088 0.10288048137594485
500 1.1207114476243438 0.022228031449211955
501 2.1925881363696074 0.19469548840854126
502 1.240191437584312 0.023498014702626985
503 0.9162502390636769 0.0077868892859796705
504 2.8568114020187854 0.15915750512686103
505 1.9254624595516638 0.06221687192418382
506 1.7059924064558993 0.06097156517312433
507 2.3157687575003907 0.12984463257020296
508 3.282820890229026 0.1435661760714806
509 1.3480127779594588 0.090327865923567
510 0.9622610730924206 0.037153862862212124
511 1.1956113340349332 0.07312085028884789
512 1.7095638340711312 0.0948765897792428
513 1.0292910195985372 0.16199695737401487
514 0.8543074934087675 0.03891465306733931
515 1.2448124120098685 0.10754092802085803
516 1.6817188871880016 0.1005781969009404
517 1.4007535936555866 0.04968047717877546
518 2.7465736037204156 0.1351607643253277
519 2.1110734860782494 0.13906177574657133
520 2.3759059647815386 0.10409486098344295
521 0.7707856052505252 0.011004853621618791
522 1.8917450181680686 0.1594396179361736
523 1.8578981094610405 0.05604918662539165
524 3.520735952185117 0.18420760111440523
525 2.6589451662829178 0.11733137939305695
526 1.1531177117233504 0.03199031944136038
527 3.5443605624798002 0.11592108394913592
528 1.7851302759453718 0.06739300105469356
529 2.407433178618506 0.21181457254796623
530 3.2804245881629375 0.12333311191468012
531 1.5015871279607227 0.03448175990128384
532 2.2394941461612996 0.08635068217660194
533 2.409610505323868 0.13737636306412832
534 1.117267160298556 0.02688445364580594
535 2.8519133741602762 0.16582203415685273
536 1.6173505802283494 0.05501895523158612
537 3.0855086691563103 0.14424429489757284
538 2.6699749354490017 0.15797326334541614
539 1.2290627974951607 0.034626737510813216
540 3.2787780944957006 0.12241671718202064
541 1.007281561998241 0.02444069432833544
542 1.4161109373646408 0.09409469708133204
543 2.474917440207373 0.1842680217991386
544 2.1843961085099877 0.08955985169500548
545 1.0224291788227169 0.004342742203944893
546 3.1356924510034268 0.11744399999092814
547 1.0325847564253685 0.038476604291519834
548 3.082741753231904 0.17358177020495227
549 1.4948984354442523 0.030049232669905647
550 1.3194625785467424 0.09787892294630275
551 2.422805312143325 0.12951096256785982
552 0.9657447533113398 0.011603809512658454
553 2.2665487577354337 0.08957162252887253
554 0.9722379290402945 0.006710919357180591
555 3.143675065037568 0.09939896428679747
556 3.007986474143201 0.11256680957602253
557 1.3679437165109434 0.01967201853531669
558 1.6076371849665143 0.08381731746180159
559 2.417102788443682 0.19819182428345505
560 0.9068159645887662 0.013927288915379058
561 1.9679539039941214 0.12319796479110771
562 1.706647106794963 0.030253043026353097
563 3.6823956300496867 0.1404729174950337
564 2.3773681857922186 0.12937300084409792
565 1.1515679197043482 0.06703047014237679
566 1.204861569677455 0.07995387203696218
567 1.4461832016488798 0.09803960505076495
568 1.2281167229906096 0.09688310627138533
569 2.284793119576212 0.20312012826882778
570 1.0263352348321562 0.03630921359175124
571 1.4515847458097622 0.029238768289462178
572 1.6103219302579646 0.18059964793468208
573 3.094114529046712 0.1753703713120565
574 2.0072668848383364 0.1670335337367492
575 3.2773055559496154 0.1261310564528157
576 1.8345665586402202 0.06670537813010345
577 2.0796721309843034 0.08819786933909127
578 1.8686455273581681 0.1075850314140429
579 1.8080143917208373 0.05202253149476003
580 1.4718289246485496 0.05934331055851412
581 3.4738997484982725 0.1546616564260656
582 2.9021778351069356 0.1338951079853318
583 2.3524222766165517 0.15303331732518652
584 1.1409684294397593 0.03801743337166845
585 1.7472898757806319 0.07205612980792339
586 2.034218658595355 0.15189376664377516
587 2.0988476166117884 0.14659827779457352
588 1.444993735486119 0.04587151690572456
589 3.1872189987727566 0.10658574242419296
590 2.609684083393663 0.13855693140578182
591 2.6260844227453233 0.1320128901248198
592 2.698882001515625 0.14371740343863412
593 2.0309787595150848 0.06171121598681224
594 2.131013925766268 0.0871814759959186
595 2.087877061404984 0.07722861215987918
596 1.2135190235789224 0.10643974392511511
597 2.677193085865604 0.1637132122387029
598 0.8785669563696834 0.032699787195264854
599 2.466147468440911 0.17385633389671193
600 1.371255384759287 0.04516230342357097
601 1.2828899945243668 0.05577516827505235
602 0.9370518840871549 0.01952381620061195
603 1.7816987783941862 0.11305492658988339
604 1.6860501061974937 0.047726940842821954
605 1.3868883116739674 0.0395675588706048
606 1.7105460382508162 0.07952292281322078
607 1.5541485830021784 0.0498207100718344
608 1.3225403190859188 0.021720778153616956
609 2.4272159823611275 0.13673890062502234
610 2.2948142773692677 0.1829714143725571
611 2.593103673605518 0.05911809444063451
612 1.9202715092544942 0.027769944664355176
613 2.7009379418468367 0.1388201509533652
614 2.731538788523846 0.12922321490435298
615 2.380589849630579 0.1084632347128786
616 1.9740004323520894 0.07321044219145044
617 2.318382196382813 0.14854953249837022
618 1.064169347157597 0.004516503981821102
619 2.505912946422274 0.11296704251484009
620 1.942506813893635 0.06101173998745371
621 2.5874584062257626 0.19258530390078699
622 2.9168353599984815 0.152072507426944
623 2.82662681637334 0.13117152508701635
624 1.1415338802875792 0.039084994382137174
625 1.9853195006510866 0.11482926269939335
626 1.1524845640212376 0.021262915744645457
627 1.2264201347539103 0.01989553480937908
628 2.4121460932515992 0.08031141649494708
629 2.020809226464949 0.09403333903433236
630 1.5586423907797715 0.07708070955021436
631 2.801056983986623 0.16684639472190385
632 1.8150678629041754 0.13724354958171953
633 1.159658002276242 0.01575005627349056
634 1.8437632526185992 0.08159125257134464
635 2.5664403155468403 0.1191050477511262
636 2.484747388216962 0.16458652276955277
637 1.0957426314408356 0.01164758884698178
638 2.62092500015751 0.12044684702056271
639 2.339711544395191 0.09623423179559577
640 0.8781794265532473 0.018973898367308836
641 2.7122696893546014 0.18118469880205526
642 2.0135336176233665 0.10012746598796507
643 2.1180097938472997 0.08450694043730315
644 1.6968720065292142 0.06959967428252886
645 1.229513917512722 0.04256082498074783
646 2.2863422693005417 0.09757459133382165
647 3.5408343289528292 0.16134081708736425
648 3.128722690136137 0.16648215546119596
649 1.947040044935551 0.08483933541481864
650 2.28030088000967 0.058545976201957964
651 2.4671456548852326 0.1789413506554359
652 2.0008101781100973 0.1056564743258632
653 1.3306037575817384 0.11760563581822091
654 2.6782851106856818 0.17161268396082496
655 1.7338717797023626 0.09850463564961516
656 2.592393100572189 0.13724631807668486
657 1.7741631370730089 0.08687872388968677
658 3.245976883754647 0.16163447581891627
659 3.136835397629889 0.19798959782364545
660 2.266243258162351 0.12751048875513238
661 2.3870397090766864 0.15624111083236022
662 1.0917591328878138 0.014514942005375129
663 2.797522650340488 0.11200760280131312
664 2.4271601179711895 0.1506677991876807
665 1.4382512709374171 0.035588318910479824
666 1.8892561340060223 0.09382282769924166
667 3.132640517484569 0.16217046664215598
668 2.1203794845408535 0.10721282994597116
669 1.365373855232134 0.0566102975004197
670 1.0940930476600401 0.039672366020412714
671 1.6264186119232797 0.14095088031445693
672 1.1701237893962735 0.039225147421219596
673 1.3090504636868059 0.038702839505314626
674 1.7130580822197474 0.12078374219800606
675 2.6973142986029406 0.12286667217453441
676 0.9090860467026461 0.09302319415225782
677 1.260596984928934 0.0601081601017222
678 1.9108347807364539 0.09788905391033577
679 2.2861431586736813 0.1180951537599761
680 2.1693426017994635 0.13006447907890503
681 1.18376957481378 0.01419165130063761
682 1.4752650539656829 0.02644773088854926
683 1.274459609847865 0.10293369058759518
684 1.373771592574215 0.06909989974711622
685 1.4538363440397273 0.07214946033023976
686 1.4229031218193167 0.05578346132436363
687 1.9360796979978603 0.06965677023705072
688 3.939842511847291 0.1556824764963995
689 1.4745677964214057 0.06580565456989472
690 1.2925312400419087 0.01792819241817246
691 4.444767397702992 0.16973992378658143
692 1.1186371709774108 0.036497008483549136
693 2.8496149501554515 0.13469391285017013
694 2.4826155881985805 0.1716962101501539
695 1.4779418126624464 0.045574562353735776
696 1.6161696224558728 0.04846903302089624
697 1.7288198852298196 0.023517479015830067
698 1.281884278066859 0.02499276176957589
699 1.5914877124198505 0.03986187149251274
700 1.1401496251631202 0.016462804336807704
701 2.1687439071213817 0.04608024209305633
702 3.3386739225846185 0.1234871245441106
703 1.8912351884157437 0.15982759186286827
704 2.139358306897563 0.07229239383763088
705 1.8212909203615673 0.18113038052090394
706 0.8629886431211524 0.03416851008885643
707 1.4537082742600846 0.05051289816916658
708 2.018181407569758 0.07526964935972418
709 0.9668932423825605 0.0555525092809993
710 2.835916144711523 0.13943150350417557
711 1.3515065782850835 0.02907988856344283
712 1.6888547578094537 0.09894265766169595
713 1.0515981126958847 0.009080750621933354
714 2.0892304437523026 0.09599619670903778
715 1.4421547385622222 0.1094263310991569
716 0.9810097316915584 0.04594803205998416
717 1.9293351601531339 0.05774706806866132
718 1.8604691163050102 0.05735367317786411
719 1.4511487955220252 0.07773654536265685
720 0.7081791957963102 0.019808835802242387
721 2.644068905309395 0.12404779809465112
722 1.8408436108240882 0.10273542607452203
723 2.002980175554176 0.08310083401178008
724 0.914146594529668 0.005044545650885957
725 2.261313272568993 0.06985374464718469
726 1.9477275730930717 0.09789164157810772
727 1.1941999143738944 0.053928100991119166
728 2.0060187076872773 0.06528007115145408
729 2.9243706222921664 0.10316707346231786
730 3.8974568499979902 0.14343613880447037
731 2.1903776744859287 0.11016556760181268
732 1.4528465905429502 0.047981233588797016
733 2.2379444906438777 0.1729942215491382
734 1.5196342625320998 0.09401514598268994
735 1.4926824722216565 0.05257714712963299
736 3.2660794229348182 0.200159459863113
737 0.84914739464286 0.023829840150666935
738 3.6632762634587577 0.15907031001871333
739 2.4196232799027633 0.15604759141365135
740 1.094346707631516 0.08663444785945035
741 1.3127855527151826 0.13574405245414053
742 1.9009798493697256 0.15823884768987978
743 1.4523993084034161 0.10198849189111713
744 2.789198917831555 0.1581555824956534
745 2.7631112673936733 0.146769992335722
746 1.0140415951835375 0.0234070778027054
747 1.0392280064254147 0.03855299111829195
748 1.1511806048064512 0.035912278923135345
749 4.184594024981296 0.2325743360886363
750 1.3145780427421438 0.021025695554010283
751 1.551591558820176 0.05504348461824616
752 1.4742311397899954 0.16052241562191544
753 2.4575466525398095 0.13524565532813493
754 1.1055437996293902 0.10194332842360304
755 3.191794438764867 0.16021195318016712
756 0.9698046193412494 0.036533559985674854
757 2.6872879292137024 0.17185816217089922
758 1.1159134904511707 0.023085226500212892
759 3.7196076617719487 0.11653462429427856
760 1.6776436782675654 0.10287305736488034
761 1.056547703470168 0.044770671510063635
762 2.0517024996001325 0.11393101057418575
763 1.3945939391981608 0.02907159217477521
764 2.4055591876067615 0.09971699523516649
765 2.1478547607578986 0.12275841344630252
766 1.998005996487354 0.09886765413938392
767 3.4307091037199506 0.17326087907145774
768 2.6049253832903494 0.1556036143658616
769 1.5171686632963 0.03771584410900731
770 1.0842818335228626 0.01949634081719725
771 2.4908312095633787 0.17769011134409124
772 1.8553477032197114 0.11750116917117417
773 2.749577586593508 0.1271257569239576
774 2.8559627519717594 0.11444521980661643
775 1.688827779662504 0.038565127191990976
776 2.5947440434090807 0.07627670343587788
777 3.6701541946501712 0.1671144356829254
778 1.394872632222472 0.014575814585625662
779 1.005300270650889 0.03553444876980913
780 2.542601832938241 0.12522243486585444
781 1.3574934564695613 0.03999952376976384
782 1.2828684092446843 0.03748555114948863
783 1.5253164461782822 0.01197938681921188
784 1.8261075753576852 0.07577518004581228
785 2.8596945160388976 0.18283180262588217
786 2.1526525583089655 0.14170585297921606
787 2.398096288576489 0.0721797018398243
788 1.9734009687094964 0.1121960866776349
789 1.1767895417647065 0.02773018279130432
790 3.770852232231444 0.14816945052802025
791 1.365783328112026 0.16478578315127876
792 1.8073706742336175 0.08836929430710923
793 0.825806979023432 0.11388342374727718
794 0.8970505731656235 0.029565261526356156
795 2.5416284360175716 0.11585482240464047
796 0.9253702813804929 0.024142039656862575
797 1.4407494907603646 0.0639280776343406
798 1.9228947628069313 0.04257857069703075
799 2.0267293222661027 0.08130678173313383
800 2.511107508256325 0.08884124626061292
801 1.9726222678834957 0.09893208309048498
802 0.8112348388822169 0.09591386920994538
803 1.1776954726205888 0.09035148470722734
804 1.4400429542648958 0.04103794322693217
805 2.821949317094639 0.2150987554477209
806 1.4388163204962385 0.04138273171901649
807 1.6697936374041211 0.06522289371990582
808 2.175882925841739 0.12940688018459787
809 1.569836439246141 0.07632211194647166
810 1.7124251208020238 0.03764081530625608
811 1.1255646959344352 0.023856553285822854
812 1.9020824141260486 0.07791147231424278
813 3.2620736482069996 0.1852570328400998
814 1.8849812710749876 0.16574403808397697
815 1.6918818552985615 0.12599790100557975
816 1.7121311309614988 0.16768385238390687
817 1.8606133807595886 0.04682971729249239
818 1.1181001617267394 0.009699228236459703
819 1.6510776133538954 0.12771123190906733
820 2.487880322113328 0.12520633053390032
821 1.14320800597622 0.005236867338944685
822 1.5596842722708835 0.0565140053889969
823 1.5812768037544436 0.06940722371321326
824 1.6929634632589166 0.14771756390240545
825 2.4755532186239693 0.1062728088787449
826 2.6928828299315133 0.14186848800582075
827 1.893520050153325 0.18741092888254357
828 0.9787315831337425 0.016896617770223776
829 1.5067658088489457 0.048084757870282935
830 2.9090351544877007 0.13214264255947478
831 1.562062738321686 0.04690388016032354
832 1.2989350268902575 0.05319793333525989
833 2.6117461975988423 0.1843210372261803
834 1.5310001953094052 0.02204761334576575
835 3.059305738156307 0.16927925668317362
836 1.6127549819064926 0.12522506085046983
837 2.5777691684856308 0.10604770657458025
838 0.880632031562706 0.07670281512116359
839 2.1259967392805432 0.08808481482063453
840 1.4277397153781564 0.09086734885506871
841 1.565941562948302 0.0682587169138393
842 1.6457697983305761 0.0551913183914816
843 1.7563614408636583 0.056259082110211356
844 0.46388562589762294 0.03900829685668246
845 1.8279117037521817 0.06370019868813256
846 1.3342612841698631 0.008720683116151278
847 2.1448649373645727 0.1301810961711241
848 1.7482653153717727 0.09356984775910321
849 1.3267059255013416 0.044495350348216306
850 2.4686379033755586 0.14399132668817752
851 1.4257174494283105 0.15201299572409996
852 2.100665113864003 0.08964862917089458
853 2.4983439455567353 0.07053135532605938
854 2.1189825918495937 0.12816877334807805
855 2.8230161603395207 0.12959606303000762
856 1.7626006634514613 0.10513643497490861
857 2.054649767882623 0.08234153876695667
858 1.80430118034665 0.09275169542995224
859 1.7034512458359148 0.13614590364183302
860 3.5598996623811363 0.1991149653017106
861 3.3223025258679373 0.19981619002326528
862 1.5635534155787705 0.13042723480318608
863 1.8715528512322361 0.07458190361966048
864 1.126412358160976 0.021037435109696773
865 1.5849431523000745 0.08236614596174932
866 3.335503996830949 0.12305064940944793
867 1.0682776082376497 0.011541627743754898
868 2.5042961412296383 0.141514789644
869 1.9508347438558469 0.07152945555015024
870 1.5661045881973077 0.179891652488428
871 2.935434069157284 0.1108482009280422
872 1.0101213498248587 0.11199300220497833
873 1.4057039282425092 0.0348868394086549
874 2.7403784472287196 0.15127954955158926
875 2.3136078118954977 0.14240095487455282
876 2.5112133675344865 0.08897864962799316
877 2.4861405858650696 0.06706610831097805
878 1.1619301666404247 0.057236319626881915
879 2.837687195079472 0.17719048809859778
880 1.6637129497023182 0.0912933570277062
881 1.860515535506659 0.11412044201907201
882 1.3322184983971361 0.115646989861811
883 1.8473016627414192 0.06763253947914083
884 1.4934805465141767 0.040175596390970965
885 1.02489273618038 0.005973268269638256
886 1.0447075651725712 0.056961520991279976
887 1.1343035309358562 0.07134149495560815
888 2.677690947105287 0.2113877153566617
889 2.489086330415898 0.14243818484849505
890 0.7827860029959335 0.02234698952216689
891 2.176470724427558 0.07526323650420742
892 1.3243832669653066 0.14621748973427745
893 1.7172672741045654 0.12756706037835305
894 2.4085564070588017 0.06158618463747397
895 2.0959077856041652 0.09541763023787024
896 0.944296750087682 0.02877875780912277
897 1.8358509526823485 0.12403053296778657
898 2.7339570620064872 0.13934355003718257
899 2.5550552888451916 0.08224424296928912
900 1.7777759525105234 0.07854158362762823
901 2.3981322028062735 0.09726283355036697
902 1.4795440614050799 0.022833261926547464
903 1.998752094207217 0.08846326588571955
904 2.188855500306012 0.11364899450707287
905 2.664085234378116 0.14643324129418278
906 2.6840943120437677 0.1273606724255218
907 1.4917135594278976 0.10911074455505229
908 3.4020145616287163 0.15025961525055526
909 2.817360127569723 0.14953060319221248
910 2.8143691492609064 0.16944603244688988
911 1.7612623385912014 0.04860478059687907
912 2.4179620796408656 0.1335802560101108
913 2.0039124705424127 0.09592340926571004
914 2.1660475095884735 0.08996839084304366
915 2.8545346690121285 0.1555258252929486
916 1.6244460260656275 0.05158362028838576
917 3.523622471094293 0.19474562415204763
918 2.2376903466581766 0.12909560911967588
919 2.339248330250995 0.0924018954412734
920 1.9632992566188432 0.0975638438476215
921 1.6958229491703658 0.04300549086476222
922 2.1542417572160293 0.15739971104637876
923 1.3567238332155842 0.034354704767519284
924 2.1967230768854265 0.14451349951853232
925 2.95175844364952 0.12810163343491526
926 2.284600175084294 0.05294327084871038
927 2.1951716104035395 0.0963708164076288
928 1.960289093285401 0.13559161398593622
929 2.0929485494261613 0.055622019080787885
930 1.5707435262776537 0.07680768781490238
931 2.6578950882168497 0.14954282140962577
932 0.9662655426486768 0.04813600696821
933 1.5934517464977371 0.07808410606434779
934 1.6869178571924808 0.160300723839752
935 3.559358248515588 0.14373161466910392
936 3.2284098146694546 0.19409970439977534
937 1.7812841118721416 0.026602331770898376
938 2.9467078008037357 0.08558883146449388
939 1.772986555103033 0.09706327316644912
940 3.2781128762003013 0.17248298484538607
941 0.9201427048194208 0.005869988524325828
942 2.065862922884029 0.04684432348367434
943 1.4800630525051643 0.028216835294929896
944 1.6901832573533413 0.07062315920427151
945 0.902570324961447 0.04207104924163657
946 1.6149814677570415 0.06808728341897906
947 1.7156230340239107 0.12848184172037755
948 1.9906056392049025 0.08357234954497071
949 1.1827554965959886 0.004148652952448403
950 1.4677844057171592 0.03320615757613493
951 2.6113877982552562 0.1295187758061662
952 2.277916202684915 0.12957518177893268
953 0.762650853656661 0.01969416444895436
954 1.1797496526978393 0.034723163327762194
955 3.092267611673199 0.1680796822154543
956 1.0313959474284025 0.03146353370299182
957 2.191001543479062 0.09785012849228533
958 3.0571225002466464 0.1691517904698519
959 1.6010255992984097 0.08634270786205488
960 1.2454519668812398 0.07863707103079343
961 0.9737899018038348 0.01741231397217248
962 1.3976398589713417 0.054611534891848196
963 2.578368207639126 0.07323838253140391
964 1.1017812524964836 0.044372581159903196
965 3.009997669218979 0.1598002440462446
966 1.0891526182575386 0.04405497197884511
967 1.4978138333664361 0.07838369729480997
968 1.8751589116514227 0.09594988277676123
969 1.6683626378092513 0.06931605331405859
970 1.4459419738936348 0.08090869295113619
971 2.0396963851183805 0.08968914143388643
972 1.6838101909214658 0.07288152627869564
973 0.7379148686551706 0.03799679193095486
974 1.361594379691247 0.1734525051342902
975 1.1411386591469408 0.03474531136301771
976 2.9315226498437372 0.06848379940491021
977 1.9901563665125515 0.13424653489918692
978 3.454593392959773 0.17441676033775794
979 1.6542789830459355 0.08532194649970745
980 1.7709545356147909 0.07654682258883944
981 2.5549624219719886 0.17970730713009067
982 1.83418922225144 0.06988483943409564
983 1.1429457837341106 0.020372796132866394
984 2.872303913418262 0.11810826511923113
985 2.4324125366223903 0.1765930574772565
986 1.1947920593216663 0.04342830739549826
987 1.4446237795139107 0.09234031852307363
988 1.9237363518715687 0.16838359273798922
989 1.6140271430791933 0.08873701011457766
990 2.4515294740139293 0.14899287803923794
991 1.3119330203311241 0.04219933723308449
992 1.9945315298376194 0.05848251289988163
993 3.3485310532869517 0.15642837601227882
994 1.8869723824996478 0.034866177915574004
995 1.0966191312084486 0.026448707188546732
996 1.377072935426429 0.031555247962758985
997 2.1989407938993626 0.12008301443286683
998 0.9149359069758684 0.03851622831920257
999 2.172861593693782 0.10563769459033641
1000 3.245632047636188 0.16365402057399117
1001 2.2188214536761808 0.1542015622844079
1002 1.8625743121139051 0.05022168338528502
1003 2.7584770944827923 0.1388729903217219
1004 1.1231862374435473 0.014485844107427311
1005 3.0601200269223163 0.15560742790505197
1006 1.3706202115197503 0.007046929587900148
1007 2.6248230830630375 0.09548321018680354
1008 1.4062828481023018 0.08373655622676973
1009 1.5953478908014018 0.009848877562675988
1010 3.3274544777727018 0.13087713924909872
1011 3.034586012477738 0.17039467125358146
1012 1.0674752640773084 0.01867757421864907
1013 2.1127491333063846 0.075451593109351
1014 1.4624265876144564 0.18676926184710146
1015 2.6208648533010477 0.1836154111822176
1016 2.1795228613875763 0.11286054143430051
1017 1.851614816990296 0.12507101476723675
1018 1.8400797865606033 0.08671043815816969
1019 1.249555865118205 0.09320618925455877
1020 2.099398250652631 0.19242909889191903
1021 1.041877032461929 0.17564616985977116
1022 1.6213843566620139 0.04640680098197604
1023 1.879873464212009 0.08516207862914914
1024 2.6116607771639626 0.15749001637721852
1025 1.2332955652192537 0.04951186647882391
1026 1.3709012052072735 0.05619076575027913
1027 1.981029441345764 0.07570759565062024
1028 0.9935505463607768 0.013841605897265206
1029 2.0904832307179118 0.07963250214594288
1030 2.1192061650301364 0.10488933944344395
1031 1.630395976316223 0.06758037886062862
1032 2.755421762508763 0.09774566935461607
1033 1.4151842613640766 0.055863796892449184
1034 1.4656640410391037 0.027203070306863603
1035 1.9527906795775405 0.06135572288717385
1036 1.624057478548281 0.049634629645453454
1037 2.018445703861421 0.10409352041471975
1038 1.6885000174843843 0.10776833212845334
1039 1.5382756365776342 0.10314130945413386
1040 2.8546305904851397 0.13139362491871506
1041 4.115732050014927 0.16783833460827743
1042 1.570572188035414 0.06776060550876283
1043 1.5384154393091203 0.09517889548927781
1044 1.5023221762764092 0.0058596324401219545
1045 2.0268682340141586 0.13482660057401702
1046 2.072796348007657 0.15203468342168877
1047 1.9229963507767074 0.11536779204917329
1048 1.5960831795625539 0.13570433180000033
1049 1.0380319226974808 0.018728498227023077
1050 2.1388961497272447 0.09647640788153967
1051 1.76765834250788 0.08813370714030212
1052 2.3838481658494466 0.10527424682435295
1053 2.1086858746985055 0.07246299929827649
1054 1.2435980077085478 0.18102354148737151
1055 2.465470632603347 0.13100016573726958
1056 2.415771507951117 0.11933551151817362
1057 2.708460159290157 0.1041423981624253
1058 1.8764498008671164 0.12475909555347799
1059 3.6817421843157203 0.19580705159176878
1060 1.0319465935353367 0.00841875885504469
1061 3.0041597472857933 0.10298699316822797
1062 2.1967117275901877 0.12184319663550186
1063 2.563936335014165 0.14406604635093667
1064 2.5296188459585887 0.12605028355952022
1065 2.1443291853629485 0.10136524499403529
1066 2.5189228742378043 0.11129335075230393
1067 1.7568748631502857 0.06984101441057304
1068 2.031624011949735 0.09526692595225081
1069 0.906721394563639 0.09444219141456321
1070 1.1017093983304151 0.03048764664851094
1071 2.1071477054156373 0.09152543904454581
1072 0.8510855303048106 0.01017606524391666
1073 2.3838786698143393 0.12023164855531741
1074 2.322990182035254 0.10395151955502954
1075 2.316061670692608 0.11659646479780303
1076 1.8630115222648629 0.1278185414400259
1077 1.4112339236888292 0.013311358248597333
1078 1.8440307297315928 0.1315216515544911
1079 1.2721698248153328 0.08363074130126269
1080 2.8089627046399954 0.14735173634800808
1081 1.3307741330270275 0.006101055049831654
1082 1.213650799570178 0.06239822970974846
1083 2.4496260446377582 0.09704143530362862
1084 1.305820435066373 0.02391864612409783
1085 1.858809015956826 0.07421088791552191
1086 1.7193589145760688 0.10113964655578007
1087 2.1855689980760618 0.053657707044942715
1088 1.6717290330397931 0.0799975149035987
1089 1.7311563167670612 0.10892639896285551
1090 1.2295074902299294 0.020782709859583443
1091 2.647415688635431 0.19062595435748145
1092 2.5132487960362613 0.14282456846065658
1093 4.296209865271577 0.1474617577770463
1094 1.1554737109308717 0.013202331795091043
1095 2.705378246842869 0.09688285550177028
1096 1.1416047926719102 0.02772188894858283
1097 3.396154337062473 0.1641845074538715
1098 0.8479236610483653 0.05385543286787615
1099 1.720653524388549 0.061765944863972265
1100 1.0779116350188773 0.011117938207710523
1101 1.1126192233837067 0.03637673011647961
1102 2.1595441880003667 0.13881356805165782
1103 2.058879587000738 0.07250334742573089
1104 1.7948311003060995 0.07430074735349382
1105 2.8504301869755895 0.14845634266127597
1106 2.3753265343227845 0.0979847529404826
1107 1.4030282960126275 0.09809924763440579
1108 1.1561246684158326 0.006199174898366102
1109 1.2017771468359058 0.0242020400642553
1110 2.3685325128924024 0.19400785440735047
1111 2.435507159854668 0.08987379738043573
1112 3.4486022559400062 0.16833349213886606
1113 2.7652475195466133 0.11954570909762355
1114 2.605328782791925 0.14346748360631936
1115 2.3853177847473415 0.1514806275113388
1116 2.002375400980471 0.15318345608144351
1117 1.0442006752893782 0.046476805072634096
1118 1.3584316126614118 0.0660865920785681
1119 3.434241321385161 0.13026576684191626
1120 2.927222191067363 0.2147692589829647
1121 2.4768407768186282 0.15889544265916233
1122 1.9424739951543455 0.15083351022020272
1123 2.2821681469688233 0.11303292125504742
1124 1.4842677262940034 0.05397978265120995
1125 1.2569170330230002 0.05995376410234213
1126 2.9885918182506033 0.13208812523311417
1127 1.3535622545145336 0.11948920526595752
1128 2.621967240058114 0.1442187492954002
1129 1.8614522359364434 0.06654147937929726
1130 1.1618753723914972 0.04079241238496602
1131 2.312367323775993 0.10878196608446439
1132 2.5752876670601474 0.11784379863280035
1133 2.599210834247457 0.12802384810841297
1134 1.615133765121679 0.1501433772538919
1135 1.5097520743650676 0.05622189221964985
1136 1.4966394214149066 0.1231664857174284
1137 1.3959776964925903 0.025771179554578943
1138 1.4748146598782295 0.09211866125931156
1139 2.4773160414185096 0.12446883727995242
1140 1.6798603446293057 0.07653150033641283
1141 1.195590628473057 0.025043432017234326
1142 2.878184829712797 0.11395571969460064
1143 1.0623938027017885 0.041968189811210824
1144 1.595138191170547 0.10811511024580997
1145 1.0260470207564356 0.028460410113651954
1146 1.7222837851152535 0.07807375588830161
1147 1.5575233323361979 0.10399761047361299
1148 1.7950941899802795 0.12536915367064702
1149 1.4646742576503868 0.008462471605783837
1150 1.995520967171466 0.08705693929133082
1151 0.9733092524204745 0.020434171730383734
1152 1.6171770931173879 0.09902888979732195
1153 1.2933054795547347 0.0184280731267536
1154 2.4207636749121875 0.13694683011377096
1155 1.7973945357041012 0.05075850320595174
1156 1.300762400815205 0.05410204952806215
1157 2.0811462688147597 0.05014734782255693
1158 1.4932434250902276 0.0377044236599258
1159 0.8101662153219498 0.03800900150050385
1160 1.6387626840296232 0.08257740944619588
1161 2.7597082960231 0.14137394729436328
1162 2.146380973522377 0.11013512276348233
1163 2.187911506546969 0.10721402276861676
1164 3.374284535692527 0.20637047140768036
1165 1.4347541314711278 0.09973313833544888
1166 2.93561301182858 0.1330564245970328
1167 2.9266665940098773 0.1297959247084067
1168 1.5220684632766013 0.08425422945198505
1169 1.4013452614312647 0.0626404247613435
1170 3.2461540869974606 0.14361468386604628
1171 1.1890421902675168 0.08057941400349707
1172 2.266009905591686 0.0967614416721023
1173 1.5550263943826035 0.058222084872530465
1174 1.7939267775669252 0.06089681923398371
1175 2.0031148228807703 0.07272974665066251
1176 1.2951610416661676 0.028580307852863876
1177 0.8360381288668385 0.09370172424393504
1178 1.9766453811899694 0.07752549535243307
1179 2.2733173167036624 0.1515649909393256
1180 2.3532253758204638 0.13783472929289467
1181 1.6274019195833354 0.07541809787164731
1182 3.1945699950139947 0.07760086513016204
1183 1.9932447248796281 0.09025661219537433
1184 2.9548734288462737 0.15715072380817266
1185 1.8159063060814826 0.05537307855695235
1186 2.042928259669327 0.1964484465829494
1187 1.7547399218134567 0.16218972524254016
1188 1.3215869740546093 0.045317256051485844
1189 3.25252071087969 0.14613762517815196
1190 1.8985743627200395 0.05448618341859717
1191 1.5271036087923053 0.053814158642522744
1192 0.7336127438362519 0.18739936567146862
1193 2.2661786259838697 0.09374933387220637
1194 1.2918936995317345 0.04877649575929921
1195 3.2453034918802475 0.18195515030368886
1196 1.7103094005912147 0.07661108950678379
1197 2.0794295395933546 0.10094062948431294
1198 2.1612641698547628 0.04967965697111118
1199 1.2025481378488398 0.02266112139406197
1200 1.3652663750898708 0.010858493149242655
1201 1.8581053181720482 0.05833560662288382
1202 2.0291997371984145 0.10410265012600088
1203 1.5878473047621724 0.11576015649159872
1204 1.7673602640959052 0.041274414483227814
1205 1.3070802848577858 0.05803116176501502
1206 2.0222844846188175 0.08276138652339332
1207 2.9941224697634854 0.11609900639929235
1208 1.7202459534655739 0.09436757649366602
1209 2.71783596307473 0.17843478008707703
1210 1.6655633058462442 0.10921609247412604
1211 0.9874335994721111 0.02620819429703839
1212 2.5710292173581424 0.1208395801237061
1213 1.3283443765695857 0.01741016431271283
1214 1.7919601706891222 0.06631516884885218
1215 2.1073963925529897 0.09394172390767419
1216 2.0881716503731744 0.06784600758007217
1217 1.2836266675997412 0.07319237048380736
1218 2.5411418426797496 0.1432513308306664
1219 1.9079671734615016 0.07201594820024766
1220 1.918180504817991 0.06364490710846647
1221 0.9017155141948537 0.01055117289196596
1222 2.374498058382816 0.09578058366187406
1223 1.9937417882788084 0.08626480957258047
1224 1.9040348126098263 0.029716089991373273
1225 1.7295065285077427 0.09367266659510891
1226 0.8039595465174519 0.021686587368975038
1227 1.5935974853434371 0.09661220665222109
1228 3.3968380955869906 0.17685711476779736
1229 1.4953773501712067 0.13633864801908127
1230 1.8272373847057934 0.07413536079156972
1231 1.589744397462535 0.10972237941984608
1232 1.8367286874683908 0.14145464459172669
1233 2.293057392374256 0.12032235586568116
1234 2.5719041438660604 0.09731035938286442
1235 1.348723548269072 0.0968376917037143
1236 2.2502614318863623 0.07970858970852761
1237 2.2135524453340145 0.11695064567074764
1238 3.32690797015911 0.15504245838872996
1239 0.6306260917245865 0.05120810323022903
1240 1.2197781325377832 0.02040072529808867
1241 2.12957207890361 0.07738325992952638
1242 0.8098914424853054 0.0579804693020304
1243 1.2394053589139413 0.019673675530396558
1244 1.9510121727386345 0.15038244220873695
1245 2.1066083501778374 0.09573093751274003
1246 0.8074062279245039 0.032585306299975934
1247 2.6389407803043037 0.08525533017094121
1248 0.85981560493246 0.0762503466341575
1249 1.3852694178478704 0.017752096956391922
1250 1.697113558229199 0.08527923600269874
1251 2.7765934656767177 0.1188023323170144
1252 1.1649950357244743 0.021605993488741915
1253 1.1801059258504776 0.011479284053979747
1254 2.020720903035585 0.10539252715393163
1255 2.1461564081282716 0.09472382984436219
1256 1.014744061572256 0.027550686358748223
1257 1.9635045738992132 0.13704660042785616
1258 2.5708436313410794 0.13395300128708387
1259 2.0982533518618967 0.09640270851147283
1260 1.9190555900933974 0.07502157478060341
1261 2.6219292441293462 0.16522138451518523
1262 1.3647363609233523 0.01944266766449459
1263 2.6482103613851966 0.14520925074345636
1264 1.3364406523594023 0.09854270037562389
1265 1.0060151887735296 0.04100661959583412
1266 0.5796899319991612 0.15605715514859342
1267 2.5238803247619916 0.05717726754601114
1268 1.639756095441994 0.024678590054201883
1269 0.5976238213744728 0.07637982608437333
1270 2.462757074593445 0.1283737969800517
1271 1.148512162730171 0.10644166736441389
1272 1.0115400042017655 0.012272867659973217
1273 2.272209563983112 0.10975485712382482
1274 2.2898190917921313 0.10742961837878615
1275 1.4113270670326556 0.006936679625402028
1276 1.4025196984324626 0.08222107176422203
1277 1.7532889763586241 0.06708586324513638
1278 1.47423250088367 0.12729887667443882
1279 1.0165634998730326 0.1117612424151999
1280 2.1087269855363213 0.05570844302367068
1281 1.8478719356873694 0.1401225046815208
1282 2.1331711836473204 0.11962729417632485
1283 1.6316120410548414 0.050093622167108075
1284 3.2597593277045096 0.18340212780783477
1285 1.215157967099663 0.21915240737940767
1286 1.0869475214474917 0.0884703837630297
1287 1.1862699242643548 0.12038013527178064
1288 3.456422365850554 0.11519032188733563
1289 1.7721193766858292 0.02945617505978123
1290 1.6314664986449072 0.09805585013632309
1291 1.5845768282688415 0.08113495479313254
1292 3.5814375032372934 0.14066403130976926
1293 2.2616153119459743 0.12671299849113227
1294 1.866284491354235 0.08760282033827856
1295 1.4711332023669421 0.08683953764547346
1296 1.4679043147804143 0.017939905194812172
1297 2.2678236094910424 0.05586077948217707
1298 1.4932582715016265 0.03493508629857326
1299 2.378107636469966 0.1196919123459842
1300 1.334539454084317 0.1148514408106409
1301 1.7169212420173545 0.08881364414911531
1302 1.563527880063498 0.10966156277001166
1303 2.675182515878324 0.1458550493163712
1304 1.1989851868079306 0.07338308589032864
1305 2.7433318604211325 0.11765119023123127
1306 1.2703993925082642 0.08301254510614271
1307 2.125944170643164 0.16793643942931108
1308 1.1052847104077992 0.018424691243661175
1309 1.654966559219061 0.07283094562501546
1310 1.602086015464961 0.10620286432598146
1311 1.1598527959135618 0.0053014356328914755
1312 1.7819844177074433 0.07866474056713736
1313 1.2719344622548783 0.05987470850162534
1314 2.1251331159801965 0.09606001238908347
1315 5.2594614836105515 0.20492915796640268
1316 1.6860190452680424 0.04688921568269987
1317 2.5730713350955257 0.11379854911503764
1318 1.539475955595332 0.06175479065200457
1319 2.2938319433466297 0.14444698709643508
1320 0.9997825676391091 0.09120168816134361
1321 0.8201275665501151 0.0253159509633072
1322 1.9449659068459042 0.06337539917396294
1323 1.2865005490202996 0.11543996210319762
1324 0.6021321531681333 0.01820659330902143
1325 2.592491332859064 0.2043980152764332
1326 1.18051794030222 0.015037488804385005
1327 2.8999569404064287 0.12483686567172876
1328 1.0175966990447711 0.018096301398525933
1329 1.56580102091214 0.08833455577826793
1330 2.106804705437387 0.05861882188619331
1331 2.0094997054275447 0.08630476242537863
1332 1.8987817494193586 0.05248368880743316
1333 1.2219063556444234 0.038073875154748464
1334 1.265413865015385 0.056178352231155936
1335 1.4047314472573027 0.05514019275476332
1336 1.8306653067342198 0.09096376331523766
1337 0.8343714123132661 0.01801471846477482
1338 1.308036067445485 0.04442494131676148
1339 1.8577525361412164 0.06994264061217759
1340 1.698332727743934 0.10356796657022312
1341 1.4234286599107318 0.07457516706679884
1342 2.6853809002355016 0.11643551756495166
1343 1.9648285725748227 0.08355773010618274
1344 4.026484269909615 0.1305523028294566
1345 2.546398659616366 0.09687875561055095
1346 1.4416277969334224 0.06395202986333591
1347 2.9113669826312365 0.13404729602402574
1348 1.7413638587958362 0.12899274869114893
1349 2.2348993755056448 0.06058959251092778
1350 2.0001848486032174 0.21919466867434165
1351 2.233695240465379 0.02972097459504649
1352 1.6752866239631712 0.06574112288091169
1353 2.9847185481046297 0.13957741187399872
1354 2.859177832614077 0.07989142179275008
1355 2.630469718581813 0.10391978310632158
1356 2.193804181122847 0.09036092862214345
1357 1.9420376552293563 0.07607668784420532
1358 1.6015298664183675 0.05033766952700052
1359 1.1709547741439388 0.054417717097950465
1360 1.3140098231480795 0.06444929380210727
1361 1.9794565170512535 0.07626176895960583
1362 0.8245520353510785 0.05887099588736146
1363 1.875524998795833 0.05214406668054823
1364 2.150727565987959 0.13064191657558363
1365 1.7132953870478107 0.06050085628286645
1366 2.792019258151316 0.15435309447290962
1367 3.202427406568403 0.12593412971392742
1368 1.967040268052591 0.0431927436492781
1369 1.1178035146350174 0.04517132765878451
1370 1.3321465596220197 0.027358075156187
1371 2.453429109742114 0.10676385402828747
1372 1.611273884684557 0.08963214589741006
1373 2.49286342518769 0.14009923425368873
1374 2.023404986977966 0.08717707367368678
1375 1.864591986223403 0.07232194592469297
1376 2.5978771412017054 0.15731708789434598
1377 1.6524744703414305 0.06377825061028786
1378 2.446732756252294 0.14194602671687861
1379 1.6099613208955916 0.06595955064022258
1380 3.1591878069955763 0.11209410019099866
1381 1.6126522777329042 0.0841582937208304
1382 1.3998434138546527 0.0454926220821902
1383 0.8805710346340206 0.1143869268102618
1384 1.323858068714799 0.03187488937427594
1385 3.6475051790816906 0.18237451696523987
1386 1.1736839079427033 0.06481526932937287
1387 1.3976248681280814 0.10327432307447364
1388 2.2262826989998454 0.16254821584888365
1389 1.9630758685248901 0.06578520778659021
1390 1.1058826711853869 0.007842621744267031
1391 2.6600848485856 0.10472088208010441
1392 1.597176148996968 0.11444888309213144
1393 1.8436331763208236 0.11712871784886672
1394 1.7025042281347913 0.1482390596907652
1395 3.122605830812092 0.11926065188275019
1396 2.0663243042932646 0.08252744373751296
1397 1.228265407038773 0.00916614625774403
1398 2.8531928525550514 0.12611670128499863
1399 1.9086380005591952 0.14492706115360188
1400 2.144179105651159 0.09728659916628953
1401 2.7674198666955663 0.12452898838419563
1402 1.8234736117826957 0.08192569257864378
1403 0.976054636586941 0.009868006699218883
1404 2.9917951710770168 0.11822367322712342
1405 2.272406318256915 0.10860649853668942
1406 1.3361857047474945 0.10267276886405181
1407 2.049450781945002 0.0565115655478368
1408 3.93612318875102 0.13730602809085551
1409 1.3970505290278004 0.057071350518388166
1410 2.369793564235592 0.06855614947527142
1411 3.0716804432323355 0.17760452680736996
1412 2.584815544467927 0.15882376261003708
1413 1.8484730516815648 0.08235849001840355
1414 2.0748666173895565 0.07115873553259994
1415 1.2736261686945303 0.08319196150024663
1416 1.6663777488458766 0.04054190866264329
1417 1.32328851537525 0.038036392804153635
1418 1.3111728337703132 0.04293906718702869
1419 1.696056076655653 0.06425655083261989
1420 1.8113980202944844 0.0680227423523881
1421 2.119031494260154 0.09439511246136774
1422 2.4590448962297264 0.08781545902174366
1423 2.050836281761299 0.09670122619952899
1424 2.0892438844973538 0.1577158090310082
1425 1.651167396775248 0.07849523030456315
1426 1.1544395558895804 0.02578985533323109
1427 0.67319162339423 0.026826423129917624
1428 3.091367627514228 0.1021751996855571
1429 1.5713424044758022 0.11750674714265524
1430 1.930835113678468 0.1544789922748311
1431 0.5917370900920484 0.07941862601790836
1432 2.260705672554948 0.1213007860693824
1433 1.9154323499330692 0.05151469910663941
1434 1.9809060282447157 0.08114942675156914
1435 2.9749866961484246 0.13882542855675767
1436 2.478666953270393 0.07902963894318397
1437 1.3279859189259413 0.03616626386107372
1438 1.146460079238058 0.031108286667967944
1439 2.6710271015040283 0.08689480974338369
1440 1.2238470937078283 0.08992029341945183
1441 2.1141586939587413 0.06550121157370713
1442 1.1630438773982839 0.008516734788470037
1443 0.9739558679811061 0.037310359861043405
1444 1.357645205705779 0.05036941685267946
1445 2.0504803225112367 0.08902903025718055
1446 1.2400218907973666 0.05322612321822232
1447 1.4478604258049304 0.09067389987145054
1448 2.665038964424992 0.05350836346063198
1449 2.034172824290798 0.17570609793055236
1450 1.796846449891981 0.08620045646342796
1451 2.4281450111605096 0.15442334597870505
1452 1.6618368750715113 0.1783816220849903
1453 1.4842330346803023 0.08509085759982851
1454 2.33547493894406 0.14625280302370705
1455 1.1494661846385335 0.005730046654495489
1456 1.972296076409245 0.06871799020256956
1457 3.4583024164843814 0.14688649385487704
1458 1.6774503889166401 0.05482402014407114
1459 2.739385567938472 0.14061574082367925
1460 0.788316254585525 0.11140818961537687
1461 1.690570143788062 0.022237927698799738
1462 1.3639658161186061 0.09554908077403741
1463 2.521475697790221 0.14508682893467384
1464 2.2575739944774433 0.11411004326147642
1465 2.834182644424697 0.15810064871298413
1466 2.40340941269306 0.0614211189023604
1467 1.913978534296753 0.08633434373210644
1468 1.8157356364042136 0.051056792052405
1469 1.4053439754757442 0.16662940844649735
1470 1.3924924052415486 0.06519741157736993
1471 1.7760070995869999 0.06638253533806264
1472 2.4019134225098626 0.15511708797535095
1473 2.2197052647291327 0.09158330692214352
1474 1.6439444253909588 0.01611208805310626
1475 1.1710763407886702 0.011548354903574165
1476 1.6894728110769022 0.05335733737168371
1477 1.828450741658546 0.09600998310823783
1478 2.161647598243707 0.06537882745331446
1479 0.8334058537992267 0.01983882065802587
1480 2.009160873056873 0.12245568956747095
1481 2.571061672076937 0.09241449316424175
1482 1.5768404876033193 0.0470437593371412
1483 2.368927080327086 0.10536486669447964
1484 1.1576165249490604 0.0647994270089968
1485 1.5615861282603258 0.05561075516574129
1486 2.85992134995163 0.13274958498777997
1487 2.3132379218286827 0.1446709297780268
1488 1.9884969283071001 0.10965718796395954
1489 3.3169072122024392 0.1501139969039973
1490 1.1546139683583512 0.03988087578926381
1491 1.452884631686583 0.014978847488154296
1492 1.598605964522937 0.01644178736908809
1493 2.3933199473268534 0.13075681335352737
1494 1.9807675630655424 0.09208112596103929
1495 1.506606483379091 0.031203501040803338
1496 1.0601177979801808 0.016428384737428227
1497 2.5582295255937164 0.11178407187896432
1498 2.520519964551561 0.13234593730821378
1499 2.159553703628373 0.12497333817893304
1500 1.2122536493748002 0.11800921284345627
1501 1.5863362123518068 0.03330889841408923
1502 2.0132757420754865 0.0500814254296494
1503 0.6118402440853288 0.06191501804738385
1504 1.9941268741296598 0.1146062545815168
1505 3.2428782506266067 0.11781081996167417
1506 1.58445105442612 0.023388995140903056
1507 2.269026372575208 0.08341519022102548
1508 1.2175300469631885 0.016261970378697956
1509 2.081529082133313 0.060040751449195094
1510 1.6966318119370736 0.07737525141817243
1511 2.3504254158973636 0.13727130791972578
1512 3.090745990855048 0.1378262285593876
1513 2.126913606037778 0.17320632229209787
1514 2.354565352271982 0.0871815265641184
1515 1.4963259620848381 0.14028224128715236
1516 2.287506485650769 0.07502017603254857
1517 1.7313851238443132 0.07006175928924017
1518 1.6433625032314556 0.08500753480881204
1519 1.6182536030264645 0.12567254678879408
1520 2.7834443782096723 0.1789692184494623
1521 1.5175417794929567 0.08421497311713445
1522 1.3721458578985226 0.039156672177565514
1523 2.2434614108185613 0.0932083411606494
1524 0.9019348026949852 0.07086613348139281
1525 2.1699043112348395 0.1301728155696788
1526 1.6634591908048928 0.08020287544563143
1527 1.324471309844455 0.02939047029555973
1528 1.1260139504640376 0.013639552486205499
1529 1.0718533082639963 0.1457910842444759
1530 0.7117521356955022 0.02630266588386738
1531 1.0837438560343449 0.006793352884295202
1532 1.2703008361792862 0.07906703656818738
1533 1.0774181562383283 0.08401554514808386
1534 1.7509898534145572 0.04345206845576999
1535 2.0902395869456694 0.0809809642765603
1536 1.9327761184714152 0.21542800721450883
1537 3.5517790786755947 0.15522286708065358
1538 1.6615682791850213 0.04859551077386618
1539 1.3570721169562547 0.16653862787294593
1540 3.06063166115593 0.15404193677524977
1541 2.2643199081517595 0.19042851580058295
1542 2.3465146110310826 0.15397791870202862
1543 2.1133866676040456 0.16212745798243686
1544 2.4711386803055078 0.10768812161497782
1545 1.6269567450785756 0.07301512999871076
1546 1.8913366589664558 0.11722649518881406
1547 1.3481111811824418 0.011612817498792765
1548 0.9260879159279036 0.06126906716211235
1549 1.7691123942731177 0.09631101713416639
1550 3.2872185398800116 0.17277410660706438
1551 1.4975462993124848 0.025376842298213634
1552 1.7960540632436428 0.035766104555319346
1553 3.2684201854111365 0.16254476941038323
1554 2.8164335399682785 0.12128226322164597
1555 1.7943626121505682 0.11959325888574335
1556 3.687152800042837 0.16504688104886484
1557 2.5435848261705742 0.15105888006568008
1558 3.4565548988170782 0.16894289939829274
1559 0.6439264934235297 0.031830559578516444
1560 1.6443522364744643 0.1475167774957689
1561 2.3934095450523856 0.20495639686410322
1562 1.829160654247567 0.08801315956535428
1563 1.3393157607884576 0.07692637791919493
1564 1.9753527083435416 0.1933250691512471
1565 1.9242612034266422 0.027295578996364624
1566 1.3094043728176537 0.02540055414277033
1567 1.2386767935413991 0.015092672870499832
1568 1.8262095998752836 0.08406106331810258
1569 1.2614796011342473 0.03550596258567911
1570 0.7847793702073959 0.010444621225579412
1571 1.2010559210826868 0.011833055640357429
1572 2.85807474132922 0.14497488344228932
1573 1.6401039939408844 0.06839329102648108
1574 1.5431594648783926 0.06572243096552757
1575 1.385027930434676 0.02543325682687042
1576 2.015364804407093 0.13671831236288937
1577 1.7196975830791645 0.07488097169372235
1578 1.9689132293236022 0.15086588764568334
1579 1.7522407602706596 0.1033212845651341
1580 1.8602131481722521 0.1367310560289252
1581 1.1895953732945448 0.024809133199526812
1582 0.897087134823637 0.11551678444150439
1583 2.0317255551735633 0.1103490938659167
1584 1.8915825569280553 0.08670122729080125
1585 1.8034151429013834 0.10847812320623094
1586 1.5204507829962846 0.08708104839130963
1587 0.7023178669234464 0.016129081772106847
1588 3.1317642874504252 0.16001802950869873
1589 1.8360375354610772 0.0905785102969599
1590 2.9731315789153165 0.10897032368233774
1591 1.5182993430383955 0.08577658988845632
1592 0.8567321697915423 0.03319953022395532
1593 2.518149396154238 0.08232764865742807
1594 2.390564373228578 0.07616515976676004
1595 1.1669026731228667 0.035047023951754845
1596 2.7846337119454794 0.15860577287956798
1597 2.6185585339482915 0.16367257619870523
1598 2.65765172612977 0.11449119778969298
1599 2.3981667664735924 0.07621266624356333
1600 1.9259215389727211 0.12929498075915252
1601 1.7869155290122216 0.10170596195196423
1602 2.627025182445172 0.07083613441317252
1603 2.009105062664107 0.09936357544299129
1604 1.7582871807097766 0.08652818869141948
1605 1.5623999438605336 0.05754481249497068
1606 2.1628596676174996 0.04135434639075785
1607 1.158565692591473 0.017736341415122633
1608 1.296980082007702 0.06028941681663497
1609 1.3099466834244629 0.022168023841836495
1610 1.701990420077944 0.03303375770925108
1611 1.6760689278564875 0.10923576165927071
1612 1.3082218709166367 0.03719218468641042
1613 1.5742707032254084 0.20390812115868137
1614 1.866051790387512 0.024479056384242574
1615 1.179482698750537 0.05013200332070973
1616 0.9503454965498734 0.03183661725354724
1617 2.4492040007615143 0.11107001273444496
1618 2.789709632357636 0.12374761555208585
1619 2.686811306838415 0.16852998068269562
1620 1.4134755435161417 0.11194237368991883
1621 2.283109358362056 0.09787101968054475
1622 1.4172481417698306 0.08433462352826936
1623 2.023384073677249 0.1514951141836758
1624 1.7680313033674648 0.1312114377082098
1625 1.8465743402439123 0.1697252028100072
1626 2.3231735332198773 0.12967509801715285
1627 1.528016444038815 0.053710606939287794
1628 2.0733253859204126 0.10600418689587726
1629 2.7706793972601313 0.14960334207198647
1630 1.4767777213318767 0.06754003024112618
1631 1.7569398576817261 0.12213435230300954
1632 1.3120538687289371 0.027862499894712824
1633 0.9472084338593872 0.015011984689600829
1634 1.3958325377864975 0.136576852115492
1635 1.540782821791446 0.14930859999773285
1636 0.7779534154679231 0.057214581816691285
1637 2.0983428907498216 0.08887348525379275
1638 1.4870740397678577 0.06741336456720672
1639 2.593381094834414 0.19921210799543254
1640 2.235912256340999 0.15757801814341627
1641 1.9202631544915079 0.05361764531461296
1642 1.3683871161821435 0.02556144018934908
1643 2.0610224580412293 0.06290062934627058
1644 1.9526782494164594 0.08522574200023914
1645 0.7288803288585447 0.024800165290308394
1646 2.568954675336415 0.05944456308352465
1647 2.8840770341656463 0.1787444099964382
1648 2.439285271706445 0.104743834719004
1649 1.004883468647347 0.02992419265742178
1650 2.774806079501885 0.15381721754651614
1651 1.4818300881460043 0.07163456137069725
1652 1.71799662787228 0.05981335876758829
1653 1.0556398290687576 0.036061004444013216
1654 1.2657548674661614 0.059321820153371056
1655 2.2911736009992056 0.12607203915601392
1656 4.044936748241423 0.1901223967519575
1657 1.8329988220894433 0.061759743201304104
1658 2.7559927401806408 0.17329164239407222
1659 1.9624587188464924 0.04356666328297204
1660 2.711289666800456 0.13973621040474796
1661 1.1030461642982081 0.05879252513433711
1662 2.357388491755525 0.0759103920672778
1663 2.134521654578988 0.04683752708403848
1664 0.7306519683936693 0.020303256520515928
1665 1.410568581868168 0.11797519295738426
1666 2.0595474840864743 0.12522196956259493
1667 1.9753523584630912 0.07305311339130438
1668 1.701903926081566 0.05209321995396559
1669 2.1570559681165586 0.11991318515959982
1670 3.0489336214091085 0.16633184289357864
1671 1.8332074801825493 0.0972946385043094
1672 2.5371237950052303 0.18543667338535638
1673 1.884028252026919 0.10308925812831403
1674 2.2178050665961444 0.1334703766047524
1675 1.7994891221330285 0.10932030599299845
1676 1.0054851787367356 0.05559523696504685
1677 1.6513890931060475 0.11604117782697886
1678 1.2370710463647445 0.03153119558112385
1679 2.4046390712839436 0.1306719964898589
1680 2.7867112190309 0.1727599359043508
1681 2.57598921414044 0.17077282598569463
1682 2.6395386037911246 0.10915442129864598
1683 2.227432883380769 0.07795962548857638
1684 2.9675216784338425 0.14170423103736732
1685 2.218820428963572 0.10089478184404012
1686 2.1512814843389805 0.12503806164303885
1687 0.9430397054175254 0.0419320518077663
1688 2.8241747848917997 0.10604661679443254
1689 0.9720139743555495 0.08447402667429095
1690 1.4686257386716715 0.04142060662403213
1691 1.0046202572652925 0.009194720984268916
1692 1.5445049349778956 0.06042212196740668
1693 1.7120696742469073 0.141686081057575
1694 3.1581734405149646 0.11881736763618346
1695 1.4459345030857491 0.11198014908442538
1696 2.636523749879376 0.06731061654365679
1697 1.7796602421456225 0.08622297079610762
1698 2.173578427337317 0.16181926176329012
1699 1.4386231349162621 0.1197965641449611
1700 2.844672355425018 0.06941950193856819
1701 1.9179068512820665 0.07300032504256321
1702 1.1704839966766676 0.04802477503058671
1703 1.6369685284634854 0.11721838020630064
1704 2.0969105767671627 0.11161780073940658
1705 0.9011199031896286 0.06125079733683689
1706 1.4419758152406625 0.015376304588929227
1707 1.0911764826407693 0.02843345562395333
1708 2.7976351983503376 0.07041789459407527
1709 1.147390109847035 0.12450813169827439
1710 2.221495795668565 0.08450806010740237
1711 1.1625528657741258 0.04902860344018601
1712 1.6599646761765043 0.04714600833810173
1713 3.4241566875397456 0.13423625843145257
1714 1.1141477223728011 0.01780088397016587
1715 0.6702401943835925 0.025509321414083644
1716 1.6249809214158888 0.05880368918687106
1717 1.87854420894785 0.05605468211920872
1718 0.5123421317073703 0.08718475253624468
1719 3.11463757349592 0.0978290271617323
1720 1.2863217303858685 0.0076974763401105074
1721 1.7704990539737762 0.0589603870033238
1722 1.7222558924581228 0.07179053978619733
1723 1.7863435884502108 0.0785767506353249
1724 2.5563591824540333 0.1401788764410457
1725 1.2356153718041636 0.011182666421049193
1726 2.9097898069554304 0.13428657622961568
1727 1.2197614573782873 0.010104630686959826
1728 1.741469366691962 0.1257213801949073
1729 1.1400046950234661 0.015567144809839369
1730 0.8039614100577347 0.0674338243435208
1731 2.1757105217229107 0.07925676431272068
1732 1.8798232791618374 0.12256270877618894
1733 0.7019406651942076 0.02680070700136234
1734 2.0998295208407973 0.08658461196141541
1735 0.9220908771580844 0.02190218316705717
1736 1.511067724246135 0.0074864483566711324
1737 1.5386390817423294 0.042581525162766455
1738 0.6089687603035174 0.029169835093915283
1739 1.4897426628492796 0.09684605989175772
1740 2.3079298529338277 0.0835340087764282
1741 1.3925724127848218 0.040412585852298503
1742 3.5143426556904696 0.15789341201114454
1743 2.843762823212871 0.09734129866482555
1744 2.808285230738324 0.16836429962890495
1745 2.556630183932736 0.14140038987893086
1746 2.1988581273215804 0.08915259058134505
1747 2.008284722923882 0.07082801871629102
1748 1.3386882258617003 0.09128171522171596
1749 1.723891816901489 0.12032169259057128
1750 3.433260933189462 0.1507318731833136
1751 1.8565418633559592 0.05606549705033556
1752 1.8628646250892271 0.07981973164967367
1753 1.8915111195647658 0.12980504297694062
1754 1.6576837647790212 0.04195878337762989
1755 1.4893314133365323 0.0783929225883227
1756 3.286777587907538 0.15724036629243338
1757 1.696792764081196 0.07575708296211771
1758 1.902563245366495 0.10294963684139793
1759 2.5767495133731666 0.06713646195637518
1760 3.276960186272461 0.16648145268070175
1761 2.3179507227108695 0.13687879011154283
1762 1.9979512177217058 0.03152557294252436
1763 1.8052251947693185 0.056875084851140345
1764 2.807967999885503 0.15328300288648988
1765 1.2067998725437028 0.044488545606617046
1766 2.340933618321046 0.17079233655074902
1767 1.5410991577903728 0.06662126493186978
1768 1.637955331335656 0.05147266870239597
1769 1.222950853179993 0.04629212888403645
1770 1.1183495022518355 0.09280548379498184
1771 1.7915178282178605 0.07047342333894831
1772 2.1702057978691873 0.1409900097478027
1773 3.1385323749521405 0.1571954214814854
1774 2.7827411720275306 0.08776799069821135
1775 0.9199030258098531 0.019598339468142243
1776 1.647097488407585 0.06904443329406057
1777 2.71879170978152 0.10735506094865593
1778 2.315749563535466 0.15213260460729489
1779 1.7968482894423452 0.12044917504105083
1780 1.0411144993547452 0.08089431356497126
1781 2.0199681712885136 0.029047327455894043
1782 1.0772528813382038 0.12965825998906094
1783 3.1873469143970166 0.1151631533571395
1784 1.8286687726289883 0.1852236489772901
1785 2.2477613358157087 0.14412707195102636
1786 2.235515783711145 0.11697006164392772
1787 1.1781701032140268 0.018235564052765572
1788 2.07049483151139 0.07817328090818239
1789 1.3810802825576591 0.040013130511581035
1790 0.9912272495849349 0.09053811005164503
1791 1.6504885782433796 0.05536792346467554
1792 1.8938338064588618 0.1009295348128998
1793 1.4575998393717353 0.05016727902661619
1794 3.2659107448817 0.15629424604555606
1795 2.245103981067215 0.08076538594215259
1796 1.3132453932481198 0.021673666789003482
1797 3.0352027848770775 0.1615869976027743
1798 1.6502889940050827 0.018291758030447212
1799 2.1531849887673347 0.08047485444513444
1800 3.3348761231412167 0.12546009049281806
1801 1.295399674390989 0.10111118019228095
1802 1.5021296042273458 0.044046455966624355
1803 2.4886767054371326 0.1057632163667944
1804 1.3934534814498807 0.12700762941410787
1805 1.722912894701745 0.04271383118914891
1806 2.196001949434202 0.11781483880003561
1807 1.5040931227506356 0.04318166928487183
1808 1.3421349678644103 0.07562970862173655
1809 1.7790586341084416 0.06515106704293955
1810 1.4924174248343915 0.19516163304270845
1811 1.9833407531188805 0.0854205968870483
1812 2.1589585668329896 0.1387952827303542
1813 1.6026991917231261 0.1255754250379053
1814 1.4436467594734654 0.10642709847180198
1815 1.3085475102361566 0.05625914586851151
1816 2.2287487885315365 0.09470356969925994
1817 2.0956842262332764 0.10638559390506733
1818 2.232044383130967 0.13383674216074679
1819 1.0928543442302112 0.03471686053032642
1820 1.470473265961003 0.062339404006580536
1821 2.304641679040807 0.13968904590955342
1822 1.7168048509840945 0.10035532336192957
1823 1.4883350690294752 0.008540565254914702
1824 1.669449503724983 0.11331512273259484
1825 1.8319439461046392 0.10414489920810817
1826 1.9595062335873143 0.029919140367363505
1827 2.35089754818217 0.09236691061538685
1828 1.1819478033740167 0.013941408202589507
1829 1.346070328488337 0.01915589483194142
1830 3.46704025070472 0.12632567947905898
1831 1.7200775854697812 0.05241430757867327
1832 2.3661260731636897 0.15138496781294372
1833 2.5441163866315635 0.10850813666802225
1834 0.9588647857535083 0.017425166385374374
1835 1.5649859837546263 0.01509673010523464
1836 1.936102233813909 0.17338039812924694
1837 1.5769911478396048 0.07176847691910562
1838 1.1895507735014303 0.1280705392005018
1839 3.095039004737561 0.11767209861412163
1840 1.9087058562087107 0.061672483355158174
1841 1.9460979067549031 0.08795868976357428
1842 2.762609625229216 0.07025282903343698
1843 3.3926433008565704 0.12425887596755777
1844 2.2016837681430914 0.09519967997134612
1845 2.3198705249051974 0.09751704402473627
1846 3.1172170681542366 0.1349193968261735
1847 2.9687296598560136 0.12599284501956592
1848 1.2994151653304657 0.0877383080253984
1849 2.404461912586243 0.06555946448502865
1850 1.4515779239728122 0.010863427110762606
1851 0.8504704405504232 0.05546372663464361
1852 1.8616850601627006 0.11341059776786963
1853 0.9105182156487505 0.05032949516182185
1854 1.8975472678029686 0.02862027920132627
1855 2.8748355710832723 0.0575667248209658
1856 1.7912977013018871 0.06523530989683399
1857 2.3182880222551927 0.11189156923149308
1858 2.4688714728671837 0.0809162919950689
1859 2.0334867784042103 0.1232637658588687
1860 1.4912613461246276 0.09027993593703927
1861 2.1211213235126083 0.08610695353409058
1862 1.6010971345196425 0.16536196176858384
1863 2.9793835690432378 0.12692276158348215
1864 1.6029420809067745 0.0450676997854344
1865 0.27226990245667926 0.050546056554487746
1866 1.3060211917572075 0.12648535682491835
1867 2.3105757412105907 0.09642474110864906
1868 1.1042160694695389 0.07627545878125465
1869 2.4796661310746786 0.14388388159314416
1870 2.058653925259292 0.0806199131267643
1871 1.4795153437133133 0.1378566479773366
1872 3.187128718759402 0.18340948969821153
1873 2.271879427360148 0.11554470003888048
1874 1.4824536231371974 0.05729660693138945
1875 2.6754846142503226 0.10154758500153244
1876 1.673519796885016 0.05565323191868664
1877 1.955410916637123 0.054387268585299506
1878 2.737423675183043 0.18323524859384743
1879 1.0838734945686233 0.052689991438433816
1880 2.626740588067408 0.15294294520877594
1881 1.9916867313461204 0.11934086349008098
1882 2.6027938787717435 0.11969531689290237
1883 1.7369539054077388 0.08213326757327877
1884 2.577114480696168 0.08796557784140266
1885 3.2448650300142385 0.14453362876913647
1886 1.8810795779672058 0.06279232189012042
1887 1.4654797648105 0.07646369763441564
1888 3.6985585238115486 0.13575877701726957
1889 3.6703469315468187 0.1252842011515967
1890 1.3674190426596653 0.014609575883369847
1891 1.1403950020079938 0.04926374635071018
1892 2.409465404767289 0.14315721314772817
1893 3.3840760304540733 0.1466326709462886
1894 2.0319000652227315 0.10142372317550033
1895 2.666393192265511 0.11825044206199484
1896 2.2527534300775045 0.12801693585229443
1897 1.473033560291978 0.09036683116490564
1898 2.058329641530343 0.08435009305263944
1899 0.9949120747261092 0.028765386180379424
1900 2.0515058839383 0.09418249476297628
1901 3.7727271923538037 0.1741270217637779
1902 1.8995411052684856 0.03917470439576984
1903 3.4116360813178 0.1374491361841318
1904 1.1259311412765898 0.04660901606186226
1905 1.288872117045574 0.09164434404163739
1906 1.8484078979418623 0.019999223380873638
1907 1.6713226900034845 0.05463634032071556
1908 1.9863555133959871 0.15404836726410337
1909 1.1331265017205954 0.07714005946329155
1910 2.408493041656327 0.09813403897775422
1911 1.2130520783218188 0.09221913176573164
1912 1.6048084395458952 0.07359312336075893
1913 1.8982523345098368 0.08153845951256673
1914 1.742813643781154 0.17779795696637776
1915 2.8044483738768906 0.10985012418444194
1916 3.359485838486089 0.1653967803113377
1917 1.7177226103395355 0.07365861322011366
1918 2.13842825239856 0.1066316940117633
1919 2.508097803852477 0.09670953060437572
1920 2.1561853054628504 0.1323091193481808
1921 1.4207011198683175 0.041858877810261014
1922 3.4878973803235995 0.16636860017850316
1923 1.7795294293830404 0.011238344247011695
1924 3.3441303473635977 0.17859822962220695
1925 3.2618931243812344 0.10513158142180862
1926 2.0468190143631637 0.10493506352207403
1927 2.8642554618349 0.14422763171645467
1928 2.0644949137978528 0.0982407705900526
1929 2.179393015591406 0.04009918085038527
1930 2.283131348862053 0.0994969257513472
1931 1.8501204373610267 0.0886305381755554
1932 1.1341088122166139 0.06772295100249649
1933 1.5638486924764745 0.13033697906898778
1934 3.0581411647445296 0.13036772443470213
1935 2.225007762015109 0.15704690827509615
1936 1.98629605815705 0.07318367699692768
1937 2.5349148332967752 0.08227528382329481
1938 2.8342325344518717 0.05837861261445668
1939 1.5348535779125214 0.026203415084944944
1940 2.7978933317716304 0.1860394099675954
1941 2.2339873294075283 0.06448693007787293
1942 1.3533916341291934 0.017956944782151443
1943 2.801552179114984 0.16377187106934077
1944 1.2578051636834773 0.17498370379946973
1945 1.8151690295979506 0.12091526465998426
1946 1.8953501693863886 0.1328195339155476
1947 0.9775589559712027 0.026166384872052056
1948 1.6109042143323336 0.05649176975902193
1949 1.9102813166833417 0.044426620778758155
1950 1.6504727441791793 0.07912971149511992
1951 1.7115700219000418 0.04392874720097926
1952 1.161424949429912 0.05337300813910036
1953 1.6247758318906107 0.05203044602720917
1954 2.143461008524411 0.07888303723590975
1955 0.910890369781706 0.029223336892988207
1956 1.5459584085329174 0.178119320408677
1957 1.2962646134279658 0.010034393600302685
1958 2.029682577166095 0.08649519000527643
1959 1.095815820032057 0.014243584200731753
1960 1.811547879344076 0.09388951259154699
1961 2.579126211721992 0.11105867881480636
1962 1.8497258955009583 0.06509996699722348
1963 1.6134956263471867 0.02051254693410632
1964 3.5581187249157975 0.10322574426657741
1965 1.7248514068148875 0.06743322684559143
1966 1.8007707793620131 0.08973043672767932
1967 1.0964602344107615 0.026845573461931546
1968 1.4603850842572548 0.13127602407110925
1969 1.8480906181994015 0.1030776595887763
1970 2.140303943579679 0.12437200608665454
1971 3.2032896987046584 0.1383047999369835
1972 1.6388532234010917 0.06508077162926282
1973 3.824634279723095 0.17229914630690632
1974 1.1133971166746455 0.010518791494810324
1975 1.394000810452828 0.09476736069805879
1976 3.1440965615668266 0.1555328526257338
1977 2.165411074021693 0.15138439697246062
1978 2.8010105796876235 0.11235598496720772
1979 2.2238741363340093 0.1301286469878765
1980 1.9231111669330698 0.0752959771640615
1981 0.8472518290114528 0.10754181086831245
1982 2.180038820316457 0.057105499135653805
1983 2.3556255568461935 0.1772592215233777
1984 1.6532839782174769 0.13210753923509566
1985 2.462436861255676 0.12919120053727987
1986 1.7567876665437971 0.13208897257317115
1987 2.231395735150221 0.06269179104020714
1988 3.054064258179933 0.18520203574021157
1989 1.2939179700937458 0.08455446011537276
1990 0.8892581174992327 0.022415956244782417
1991 1.9393226329981943 0.058672617462712816
1992 2.3072876194174485 0.11919779664458524
1993 3.09245577594714 0.11700956523651561
1994 1.2415722580633066 0.08943529997471739
1995 1.4193123386673976 0.1521514422036282
1996 2.442619979608033 0.10771505816397703
1997 1.4302704522922447 0.1664149142769927
1998 2.4631027777715646 0.09284638271005419
1999 2.798695399886992 0.12715947889149926
