0 1 974 975 0.09499215691312096
1 1 2427 2428 0.05842254167901589
2 1 2229 2230 0.04268020527065634
3 1 534 535 0.06276264923661272
4 1 1515 1516 0.3879088617306266
5 1 2473 2474 0.2567422984371622
6 1 1941 1942 0.14191288574388264
7 1 2562 2563 0.7673165854719449
8 1 2379 2380 0.16994838711973592
9 1 268 269 0.17300238784328417
10 1 2480 2481 0.1899769810883377
11 1 53 54 0.11836921179580169
12 1 1921 1922 0.12379045403126106
13 1 1062 1063 0.1259926564320893
14 1 2256 2257 0.09988507347923938
15 1 959 960 0.24544838641884642
16 1 785 786 0.11614590168399866
17 1 2937 2938 0.11734370507328125
18 1 1926 1927 0.10303558228928628
19 1 2215 2216 0.31016109225901956
20 1 2251 2252 0.1282975012126124
21 1 1951 1952 0.09587399429693079
22 1 1626 1627 0.23286656385167567
23 1 2617 2618 0.1624478753340527
24 1 616 617 0.07678899147968325
25 1 949 950 0.16440886277701877
26 1 2600 2601 0.09091898630696517
27 1 621 622 0.03264013265346602
28 1 2142 2143 0.06778812195811366
29 1 1597 1598 0.1624573462202788
30 1 3036 3037 0.3734319725651286
31 1 62 63 0.22974035820227667
32 1 2750 2751 0.1737724275870495
33 1 3183 3184 0.039681972492893604
34 1 262 263 0.371745658986774
35 1 652 653 0.048494770312234835
36 1 3105 3106 0.1891517858415478
37 1 2421 2422 0.25572084937151984
38 1 175 176 0.39194444872020756
39 1 1233 1234 0.14216745824736748
40 2 3195 3197 0.08173054835387804
41 2 127 129 0.2690572899833301
42 2 3373 3375 0.22877439516315573
43 2 1103 1105 0.2637145160201183
44 2 1936 1938 0.4564967458496929
45 2 2436 2438 0.23552129308871178
46 2 2944 2946 0.2311176408413744
47 2 1587 1589 0.3437820422572739
48 2 2925 2927 0.09309433572848937
49 2 3228 3230 0.2215815209426254
50 2 1748 1750 0.08721456102483215
51 2 1617 1619 0.4030158151392123
52 2 2982 2984 0.4427496832140303
53 2 3280 3282 0.13585751086842257
54 2 2363 2365 0.3001358561791704
55 2 1821 1823 0.09988776604791091
56 2 549 551 0.2119946696829115
57 2 1497 1499 0.20815626064760795
58 2 399 401 0.16245827800385765
59 2 146 148 0.27451781189374025
60 2 556 558 0.5599235832685912
61 2 2027 2029 0.30618207965202576
62 2 888 890 0.35540716858188315
63 2 1056 1058 0.2210115591147913
64 2 2752 2754 0.4721724856895606
65 2 1786 1788 0.2885075496976072
66 2 3190 3192 0.26600576202889437
67 2 2566 2568 0.17823868151456218
68 2 1233 1235 0.07832742075419362
69 2 1725 1727 0.32064599252980824
70 2 2077 2079 0.34644305557813376
71 2 1580 1582 0.2721222775505339
72 2 2351 2353 0.8717143966918918
73 2 1437 1439 0.5996120683424808
74 2 2187 2189 0.12652740762721867
75 2 2396 2398 0.23422019559174923
76 2 1669 1671 0.18191491162700313
77 2 2393 2395 0.19228467461772136
78 2 951 953 0.10376295971103067
79 2 1379 1381 0.41108103650928185
80 3 2793 2796 0.21801728650091406
81 3 117 120 0.23485308233613822
82 3 1145 1148 0.1907598891363957
83 3 2481 2484 0.5213319110851157
84 3 2749 2752 0.7817231540448675
85 3 2849 2852 0.4466018492291707
86 3 668 671 0.03623347351932656
87 3 2861 2864 0.5532449727232834
88 3 1336 1339 0.30442958563772315
89 3 2219 2222 0.40959424995298593
90 3 2342 2345 0.46389641455601177
91 3 2331 2334 0.24575847878294385
92 3 426 429 0.5248563977899177
93 3 2923 2926 0.2912371269851181
94 3 2684 2687 0.48453946304964113
95 3 864 867 0.26995970649931245
96 3 2592 2595 0.542831417738443
97 3 2349 2352 1.1946511433526164
98 3 1093 1096 0.16120265020408434
99 3 1167 1170 0.32551767695547235
100 3 509 512 0.3748432894732521
101 3 259 262 0.8778956369937406
102 3 1974 1977 0.5168098256152764
103 3 2616 2619 0.36490609475694064
104 3 1980 1983 0.5201821464628884
105 3 362 365 0.5279944153354932
106 3 1409 1412 0.6955253142152555
107 3 3279 3282 0.29170639780245705
108 3 272 275 0.3952916094756251
109 3 1681 1684 0.29506318410473653
110 3 617 620 0.08862723326847245
111 3 82 85 0.3195758397301399
112 3 1203 1206 0.7648115950261175
113 3 1749 1752 0.1941310732704404
114 3 3148 3151 0.41236663686286884
115 3 1700 1703 0.45736263791499293
116 3 487 490 0.37352664394152396
117 3 181 184 0.3123423618017089
118 3 2478 2481 0.5564164070259637
119 3 2517 2520 0.46220615962688605
120 4 3119 3123 0.4222559035639818
121 4 184 188 0.37004279767442383
122 4 1547 1551 0.5527119972896599
123 4 2942 2946 0.34548787963255917
124 4 2401 2405 0.8343884469602717
125 4 1355 1359 0.4993584733409254
126 4 2256 2260 0.18186868619013496
127 4 1143 1147 0.27924625981925594
128 4 2070 2074 0.46533892505481717
129 4 966 970 0.17223270214859424
130 4 147 151 0.8369171493542075
131 4 1268 1272 0.14575349700704404
132 4 29 33 0.48804305989387975
133 4 315 319 0.2674326397113386
134 4 442 446 1.9539557308064366
135 4 2456 2460 0.4278306298233832
136 4 2193 2197 0.2544221629468536
137 4 128 132 0.5222068717796279
138 4 808 812 0.27212864026256683
139 4 1670 1674 0.38092327420113253
140 4 1194 1198 0.15287252966893908
141 4 2500 2504 0.7661373014019808
142 4 1078 1082 0.24330430349859003
143 4 639 643 0.25443793967522516
144 4 2825 2829 0.13408810307971972
145 4 173 177 0.4938022426852052
146 4 1391 1395 0.5076004888494766
147 4 1285 1289 0.3206398710651429
148 4 1475 1479 0.7148929079311345
149 4 566 570 0.09046282351460745
150 4 1543 1547 0.7760437286787234
151 4 1885 1889 0.47117534293934976
152 4 2130 2134 0.4721627754380485
153 4 1581 1585 0.44765792732127285
154 4 2637 2641 0.3716663946991805
155 4 2439 2443 0.36344446812078557
156 4 2789 2793 0.3253137512540486
157 4 2290 2294 0.36493536636503177
158 4 420 424 0.9049258946840087
159 4 2540 2544 0.2735707578970582
160 5 3323 3328 0.4695367352020132
161 5 2076 2081 0.39481152057388136
162 5 1111 1116 0.36145765129596075
163 5 1766 1771 0.5938732735333229
164 5 2598 2603 0.9679364120689047
165 5 2950 2955 0.7964118174195107
166 5 2931 2936 0.48415931105499443
167 5 973 978 0.36558725195124997
168 5 1233 1238 0.5879711012541311
169 5 1791 1796 0.6253607022052647
170 5 1057 1062 0.13892879116155185
171 5 2134 2139 0.3280877561533172
172 5 1241 1246 0.2901027769653763
173 5 2246 2251 0.1158421305533475
174 5 1388 1393 0.7760148777574142
175 5 46 51 1.65372234348181
176 5 3229 3234 0.3016868582683044
177 5 1700 1705 0.17862877416582254
178 5 2375 2380 0.39195916844960976
179 5 1289 1294 0.24710352117450746
180 5 82 87 0.40316962050793786
181 5 1542 1547 0.24630382698023615
182 5 2522 2527 0.304383499421418
183 5 2413 2418 1.231090789420678
184 5 2589 2594 0.6949354457474834
185 5 545 550 0.6818747058134605
186 5 246 251 0.4778391969512578
187 5 2594 2599 1.0512868646728837
188 5 2569 2574 0.10312276994536482
189 5 1361 1366 0.5889535558099116
190 5 1909 1914 0.33485152753301084
191 5 1445 1450 1.0257440571756775
192 5 2782 2787 0.2605024488261513
193 5 1444 1449 1.0498674420437986
194 5 2493 2498 1.4264996509330088
195 5 2895 2900 0.796283171240667
196 5 1142 1147 0.22157992654641062
197 5 3022 3027 0.6816219423872037
198 5 2005 2010 0.41554705506655387
199 5 90 95 0.29050913947658796
200 6 2414 2420 0.9850394581111794
201 6 248 254 0.7861168446449239
202 6 2768 2774 0.25182155881984153
203 6 87 93 0.592112460411114
204 6 1512 1518 0.6034217061455491
205 6 1028 1034 0.7777876895256722
206 6 2572 2578 0.3132770265583465
207 6 1869 1875 0.4222910514009372
208 6 1223 1229 0.2254273701477757
209 6 2427 2433 0.86833686235393
210 6 2463 2469 2.140236295110095
211 6 1310 1316 0.6915289781987306
212 6 726 732 0.10808816913026982
213 6 1490 1496 0.5889869009363525
214 6 758 764 0.6406700131505756
215 6 1280 1286 0.7041053730792557
216 6 3105 3111 0.6338697304274538
217 6 2439 2445 0.3061171418498307
218 6 1081 1087 0.3597655101617368
219 6 1230 1236 0.4415436490942711
220 6 3224 3230 0.3328047478664113
221 6 1544 1550 0.44068937397467284
222 6 429 435 1.3529096682222086
223 6 3163 3169 0.328675165809521
224 6 3330 3336 0.48546462353995234
225 6 110 116 0.6706019131756212
226 6 2331 2337 0.24517935932970625
227 6 2800 2806 1.0918446634874046
228 6 3011 3017 2.0577157620177333
229 6 538 544 0.49203577710881063
230 6 1269 1275 0.28691939661835714
231 6 2048 2054 0.797235034728177
232 6 911 917 0.4444227722876419
233 6 2677 2683 0.5521692320514586
234 6 3292 3298 0.4827857537079248
235 6 1103 1109 0.46037607728090335
236 6 977 983 0.37901302607723614
237 6 1342 1348 0.38926862900533227
238 6 767 773 0.6971648734862649
239 6 2777 2783 0.13540915895908343
240 7 1782 1789 1.050073348007975
241 7 2660 2667 0.534374951247434
242 7 2859 2866 0.6883586459028628
243 7 397 404 0.2595279223880163
244 7 417 424 0.8971928779574151
245 7 2460 2467 1.9432913773208849
246 7 1318 1325 0.9466614689503473
247 7 1367 1374 0.6127104346175981
248 7 2764 2771 0.8319052503814147
249 7 919 926 0.7533666106407104
250 7 1795 1802 0.46501004772682103
251 7 3316 3323 1.172249201366668
252 7 693 700 0.19341686536671926
253 7 327 334 0.7987136147129695
254 7 1379 1386 0.44880667457619366
255 7 3039 3046 1.4320517841675742
256 7 2663 2670 0.33861584858580335
257 7 893 900 1.2464923482494212
258 7 2328 2335 0.566648331821773
259 7 1847 1854 0.6656918764971579
260 7 1108 1115 0.2950477784504115
261 7 921 928 0.8536104827572116
262 7 3223 3230 0.45863205870028984
263 7 495 502 1.4217890009343679
264 7 138 145 1.0370236128016819
265 7 2169 2176 0.41154692635813994
266 7 781 788 1.114158087600998
267 7 1290 1297 0.37630284128846314
268 7 3304 3311 0.47229966681490504
269 7 2354 2361 0.8156050487834993
270 7 751 758 0.289127896819911
271 7 1141 1148 0.5186339555733657
272 7 1393 1400 0.6809276553321344
273 7 3306 3313 0.28920838055941483
274 7 2629 2636 0.816350623957089
275 7 350 357 0.40122972478767505
276 7 3302 3309 0.3998919954945404
277 7 2536 2543 0.8318823295607306
278 7 1414 1421 0.9284747031235258
279 7 2414 2421 0.9422378866632404
280 8 531 539 0.528198080930886
281 8 1725 1733 0.94957964909607
282 8 1195 1203 0.5189502053963423
283 8 2123 2131 0.9419063033715017
284 8 3251 3259 0.7826752946448035
285 8 1110 1118 0.47648425329508076
286 8 1903 1911 0.36144064601488285
287 8 1418 1426 0.544179407961257
288 8 2597 2605 1.4713189475566888
289 8 1707 1715 0.4721595615341638
290 8 1189 1197 0.5759031499608981
291 8 1719 1727 0.3235044170262635
292 8 2327 2335 0.6138121667600522
293 8 1677 1685 0.5555065183409725
294 8 145 153 0.9434744948864642
295 8 1692 1700 0.21437421733533277
296 8 638 646 0.17227174326593864
297 8 817 825 0.9191828434018643
298 8 19 27 1.7309939417462368
299 8 1955 1963 0.9593588527457293
300 8 2550 2558 2.0586073453842895
301 8 2089 2097 0.6769427358769384
302 8 1779 1787 1.4478879254856396
303 8 2289 2297 0.3098284083216833
304 8 2937 2945 0.5122206960633063
305 8 909 917 0.7809297780044767
306 8 132 140 0.8795088977979602
307 8 3053 3061 0.6948612676819437
308 8 1870 1878 0.24629860494890274
309 8 3085 3093 1.5303114426421305
310 8 2715 2723 0.5401472269813148
311 8 3063 3071 1.9809599655501868
312 8 2125 2133 1.1201187845710325
313 8 1183 1191 0.993782790531071
314 8 2227 2235 0.3416492351519025
315 8 1397 1405 0.516102826509966
316 8 931 939 1.4938343155598932
317 8 278 286 1.5989332251453743
318 8 2411 2419 0.9556523843081763
319 8 1175 1183 0.7864270331363685
320 9 491 500 0.7091718641089062
321 9 3318 3327 0.8244882397832421
322 9 1001 1010 0.6056093047354165
323 9 184 193 0.5554872526370552
324 9 143 152 1.2783430202936217
325 9 3288 3297 0.5799608713539606
326 9 2841 2850 0.4589370135195667
327 9 2098 2107 0.5555123566407802
328 9 812 821 0.9080126904279626
329 9 1760 1769 0.7935684253566851
330 9 2363 2372 0.9584068810633232
331 9 202 211 0.30359437649156407
332 9 53 62 0.6820865371966459
333 9 1970 1979 0.6963838724122396
334 9 3052 3061 0.9712089377617813
335 9 494 503 1.582876101054474
336 9 703 712 0.2792289842318657
337 9 2061 2070 0.45446061996482473
338 9 1228 1237 0.3188025591293269
339 9 979 988 0.31276194611873553
340 9 2715 2724 0.46148569884890367
341 9 81 90 0.5972219152650966
342 9 2150 2159 0.7057415206598286
343 9 2199 2208 0.46710834125968487
344 9 1694 1703 0.4274821398010037
345 9 218 227 0.8212853178311568
346 9 2507 2516 0.47506161514013123
347 9 465 474 2.617264002061568
348 9 1398 1407 0.27381790545762125
349 9 513 522 0.5247653882767923
350 9 1034 1043 0.8048438883105107
351 9 2215 2224 0.34080078289195004
352 9 1954 1963 1.2114237009431355
353 9 3324 3333 0.7292760117734364
354 9 3204 3213 0.5303351275767396
355 9 251 260 1.2886677439910668
356 9 1441 1450 2.1235436588427863
357 9 904 913 0.8913786541468178
358 9 808 817 0.7238343533305003
359 9 500 509 0.9605511461317187
360 10 2189 2199 0.6554458676706693
361 10 3345 3355 0.28854126417620535
362 10 488 498 1.1079382832959164
363 10 701 711 0.31318749559480324
364 10 980 990 0.24227005959405837
365 10 3242 3252 0.8937175609011543
366 10 1121 1131 0.2870975620137292
367 10 3301 3311 0.4793629202539689
368 10 526 536 0.521353188069801
369 10 3373 3383 0.6522650858071706
370 10 30 40 1.3120249357064084
371 10 1996 2006 0.820187758626309
372 10 2574 2584 0.52498551655749
373 10 2338 2348 1.7509077977986076
374 10 1639 1649 1.0106741868277094
375 10 204 214 0.38175441937944543
376 10 3098 3108 0.7243028330207747
377 10 1111 1121 0.40563400023751367
378 10 1016 1026 0.622671552231603
379 10 1100 1110 0.7443807490648817
380 10 2531 2541 1.5635153125618229
381 10 2159 2169 1.2110680653693116
382 10 2128 2138 0.4086876482118863
383 10 1732 1742 0.20816153386621788
384 10 208 218 0.39027063306212
385 10 1936 1946 0.8770539093224916
386 10 1323 1333 0.47615776861115566
387 10 3180 3190 0.5280225826715682
388 10 3356 3366 0.3958607374987736
389 10 7 17 1.8334257643302658
390 10 224 234 1.1798633733768957
391 10 3175 3185 0.5452373667183273
392 10 519 529 1.1902232599092673
393 10 189 199 0.9305930041194562
394 10 510 520 1.4902593207716452
395 10 280 290 1.8888645159099344
396 10 1977 1987 0.33324510959872683
397 10 135 145 1.5976487576576333
398 10 2919 2929 1.3973503159911898
399 10 352 362 0.3775461703762827
400 11 2111 2122 1.3821479236948586
401 11 2056 2067 0.4129951761907237
402 11 2007 2018 0.5926533448944112
403 11 1293 1304 0.32126815032211886
404 11 643 654 0.3684907026910607
405 11 1288 1299 0.27141826914544015
406 11 293 304 0.8732195285634679
407 11 1438 1449 2.5220338127745263
408 11 1580 1591 0.6122470177366407
409 11 2649 2660 1.677652174669905
410 11 1595 1606 1.0446457160942035
411 11 2402 2413 1.2654279956250534
412 11 1245 1256 1.1375490210820447
413 11 1477 1488 2.411031804974442
414 11 1085 1096 0.5553469306445442
415 11 782 793 1.046763093492733
416 11 1346 1357 1.3501954742111495
417 11 1755 1766 0.8081550395320986
418 11 506 517 1.0959211117305858
419 11 522 533 0.8599074768442965
420 11 2275 2286 0.3645347887579419
421 11 14 25 1.4006345536014186
422 11 2932 2943 0.17069342294786935
423 11 2961 2972 0.4831895976407171
424 11 1557 1568 0.26177548903418935
425 11 3257 3268 0.32268752542265455
426 11 327 338 0.9516919061693733
427 11 2321 2332 0.6233564031205129
428 11 731 742 0.5645042518295922
429 11 175 186 1.1284432948304475
430 11 1528 1539 0.506664790344554
431 11 1887 1898 0.5818135977880763
432 11 2475 2486 1.1839573440422642
433 11 2663 2674 0.9386367945512886
434 11 3205 3216 0.4641723287353494
435 11 2217 2228 0.5022433224976594
436 11 2607 2618 0.624664392602404
437 11 3281 3292 0.301225112288009
438 11 177 188 0.9580615527172204
439 11 2551 2562 2.397834304077948
440 12 1767 1779 0.5006596962891513
441 12 217 229 1.0362013786967834
442 12 1525 1537 0.580612141827966
443 12 2570 2582 0.3718496288398453
444 12 2032 2044 1.020590354239804
445 12 3113 3125 1.3793828698651498
446 12 2878 2890 1.3527842105272199
447 12 1290 1302 0.40627974733490946
448 12 1722 1734 0.804509122841917
449 12 2843 2855 0.888738823051042
450 12 1713 1725 0.49260551444869516
451 12 1887 1899 0.31339470903218863
452 12 73 85 0.8960024199524056
453 12 1003 1015 0.7956009190999357
454 12 895 907 1.3269075503812227
455 12 2194 2206 0.26945277829815284
456 12 1106 1118 0.4496796705943469
457 12 2847 2859 1.0237112126013688
458 12 2416 2428 2.458675024900697
459 12 293 305 0.7660390235293243
460 12 3289 3301 0.8283612160590792
461 12 1740 1752 0.88659585400317
462 12 919 931 1.4697472856492608
463 12 1744 1756 0.4601974720606961
464 12 533 545 0.6090643081612391
465 12 115 127 0.7821971130342706
466 12 1333 1345 1.156555483828488
467 12 1532 1544 0.7827133817907822
468 12 2289 2301 1.3068085392291888
469 12 3239 3251 1.2287970074201653
470 12 1073 1085 0.845795309814418
471 12 497 509 1.6150435847751736
472 12 1901 1913 0.5389389079441984
473 12 2828 2840 1.1191261400674968
474 12 504 516 1.03773987989157
475 12 3330 3342 0.236229757656269
476 12 2996 3008 1.8532414799763708
477 12 2712 2724 0.5025003983118909
478 12 2171 2183 0.9545781801304309
479 12 3245 3257 0.9017720113195588
480 13 1541 1554 0.4511065261894518
481 13 2734 2747 1.1610794102883681
482 13 444 457 1.6942089829557216
483 13 3005 3018 3.0729631237208213
484 13 1304 1317 0.972305205296722
485 13 2309 2322 1.3014346358732942
486 13 2178 2191 0.47663425561993
487 13 422 435 2.7049191704782007
488 13 3324 3337 0.702767451587795
489 13 2407 2420 0.9870394095387877
490 13 2935 2948 0.915872431276563
491 13 20 33 1.8765386095056917
492 13 1939 1952 0.8889791419562628
493 13 587 600 0.6434431216660161
494 13 966 979 0.8743441060072175
495 13 3171 3184 0.0865131264394206
496 13 1592 1605 0.7146307306710077
497 13 181 194 0.7712547531579285
498 13 2159 2172 1.228621981327745
499 13 376 389 0.34621900513326836
500 13 2311 2324 1.3089523139723236
501 13 406 419 0.8481004903829777
502 13 2700 2713 0.4741488282438074
503 13 1539 1552 0.6393663305930573
504 13 733 746 0.7910774938449635
505 13 3356 3369 0.4612166584125571
506 13 96 109 1.0507605829484865
507 13 1398 1411 0.5034119986919806
508 13 496 509 1.8294175146961622
509 13 104 117 1.5607486636851122
510 13 471 484 4.890052213986047
511 13 2758 2771 1.6546187473210243
512 13 1973 1986 0.7253888090008596
513 13 2852 2865 0.7830783924753022
514 13 1165 1178 0.9810096063851125
515 13 2371 2384 1.2576757159231555
516 13 1226 1239 0.4417062919938618
517 13 3271 3284 0.7653464580951874
518 13 363 376 0.5938713662613401
519 13 148 161 0.7578493624730247
520 14 3143 3157 0.33602435266233877
521 14 2308 2322 1.3561226906608768
522 14 2094 2108 0.7623213663859123
523 14 2166 2180 1.057833459683943
524 14 2929 2943 0.41187858385208265
525 14 976 990 0.29009245215516033
526 14 437 451 3.596721519743563
527 14 2271 2285 0.5904221372520174
528 14 3067 3081 2.422742636462144
529 14 409 423 1.0445618134165973
530 14 2266 2280 0.6819604355702668
531 14 250 264 1.4708758357375662
532 14 2253 2267 0.33330287071754944
533 14 1328 1342 0.7894073847128985
534 14 2310 2324 1.3989054615781031
535 14 739 753 0.487652798670725
536 14 316 330 1.3675705398710716
537 14 991 1005 0.8992788318126753
538 14 736 750 0.6828334550844479
539 14 2645 2659 1.6356635594267108
540 14 1023 1037 1.198103375859906
541 14 1860 1874 1.105735537518992
542 14 2523 2537 0.650099465089283
543 14 2867 2881 2.040080722692611
544 14 3086 3100 2.2737804080574415
545 14 1612 1626 1.5608923541941482
546 14 1035 1049 1.0041651105970726
547 14 1505 1519 2.2375350792620425
548 14 2455 2469 2.9090125663914472
549 14 1624 1638 1.4380253600638087
550 14 1434 1448 2.775853710135388
551 14 2279 2293 0.5667251101999126
552 14 1713 1727 0.546086294027722
553 14 341 355 1.2082048708665476
554 14 1537 1551 0.5365358242720393
555 14 2049 2063 0.6932463762704862
556 14 963 977 0.7949147401811261
557 14 1690 1704 0.27855367039906836
558 14 3061 3075 3.8476110765805394
559 14 657 671 0.4110718859327279
560 15 1700 1715 0.7575991846208893
561 15 2829 2844 1.4147967010905178
562 15 2328 2343 0.42475629889554445
563 15 3097 3112 1.065498679847009
564 15 2374 2389 1.5984745547802306
565 15 2760 2775 1.801231762794643
566 15 2118 2133 2.080760261813811
567 15 2808 2823 1.490414273613802
568 15 1981 1996 0.270684560399126
569 15 639 654 0.16002081497476225
570 15 2633 2648 0.8650976625706486
571 15 1642 1657 1.3142562430868483
572 15 611 626 0.6698827879065392
573 15 665 680 0.3179664447085563
574 15 392 407 0.39479750054420215
575 15 2039 2054 1.5177112057944526
576 15 3064 3079 3.500239438859886
577 15 1980 1995 0.609923090907893
578 15 2861 2876 3.156959143998379
579 15 1814 1829 0.5894412856820895
580 15 2402 2417 1.6688190765861746
581 15 2944 2959 1.645847897690223
582 15 762 777 1.3425446616600332
583 15 558 573 0.7948090450607569
584 15 1095 1110 0.9640060681357948
585 15 3080 3095 2.6651004261027174
586 15 815 830 1.4301303983890932
587 15 600 615 0.4442485349955147
588 15 2398 2413 2.2527744751903755
589 15 2111 2126 1.88972322162337
590 15 1289 1304 0.36165299889566005
591 15 951 966 1.8774652786825348
592 15 2830 2845 1.2110869500785388
593 15 2203 2218 1.0195889346796505
594 15 3192 3207 0.556894481848001
595 15 1211 1226 1.0312545169708767
596 15 2749 2764 2.2535899373806503
597 15 2889 2904 1.9052483369711681
598 15 1692 1707 0.19747731917743283
599 15 2438 2453 0.8397865694509195
600 16 2394 2410 2.7030374332273577
601 16 1094 1110 1.1381019158698917
602 16 891 907 1.3725884862089994
603 16 1258 1274 0.7407102204830299
604 16 94 110 0.8755722875916971
605 16 1098 1114 1.1876466908096994
606 16 1963 1979 0.7515738668271752
607 16 3293 3309 0.6487061701788001
608 16 1567 1583 0.2071980700187985
609 16 821 837 1.0280548119501212
610 16 705 721 0.32933931653169213
611 16 2334 2350 2.292254269375436
612 16 1476 1492 3.3466920103257354
613 16 978 994 0.5252303834734638
614 16 1319 1335 1.0956314708917254
615 16 1976 1992 0.9899400713964573
616 16 3171 3187 0.3469943906587474
617 16 588 604 1.1191979995708885
618 16 1713 1729 0.6550768745461778
619 16 2857 2873 1.1399619098548064
620 16 1964 1980 0.645064854589129
621 16 2873 2889 2.032421928782589
622 16 2453 2469 2.958040973118817
623 16 842 858 1.3218884401334297
624 16 1917 1933 0.8016264948655352
625 16 2377 2393 1.0004085407914847
626 16 3365 3381 0.302677746810972
627 16 2672 2688 2.1708662170407362
628 16 2281 2297 0.7931220980853607
629 16 113 129 1.1203820201812955
630 16 1971 1987 0.5727037477324085
631 16 2952 2968 0.8349988450820489
632 16 296 312 0.7822474744566073
633 16 1639 1655 1.134909455044917
634 16 3207 3223 0.22586299726819073
635 16 3004 3020 3.907410400649415
636 16 187 203 1.2003386005872196
637 16 1914 1930 0.40979264478258726
638 16 940 956 1.7162704037960896
639 16 961 977 0.9087519626724102
640 17 2655 2672 1.143533361068104
641 17 2939 2956 1.7181905754580162
642 17 3183 3200 0.774983077786746
643 17 2766 2783 0.9866333858064221
644 17 283 300 1.447060423542775
645 17 890 907 0.9907089823456996
646 17 1041 1058 0.7669057189660458
647 17 991 1008 0.9462525081097275
648 17 776 793 2.167361398226864
649 17 3177 3194 0.8548912696135484
650 17 1059 1076 1.2914556431442301
651 17 563 580 0.6992013566607153
652 17 766 783 2.29555844803787
653 17 2547 2564 2.0868719608838107
654 17 2886 2903 1.7199281094786414
655 17 2765 2782 1.458507203283324
656 17 150 167 1.2501159094296246
657 17 1044 1061 0.8175059919938062
658 17 695 712 0.5634446786703927
659 17 184 201 1.1585497061501744
660 17 1283 1300 0.5989545251609489
661 17 750 767 1.3092016864442808
662 17 1733 1750 0.5652218667578566
663 17 372 389 0.32187946600708545
664 17 2985 3002 1.0927794461053009
665 17 3272 3289 0.9037091601340742
666 17 351 368 0.7897151732811967
667 17 483 500 0.5257325289323012
668 17 379 396 0.08167552005163366
669 17 1082 1099 0.9735392394121591
670 17 1195 1212 1.2164915193399792
671 17 147 164 0.5378500505111872
672 17 1460 1477 1.79127887065578
673 17 1852 1869 1.0334535726409455
674 17 2376 2393 1.0445674285983497
675 17 3006 3023 3.6233886399715143
676 17 1378 1395 1.7686784550364123
677 17 28 45 2.372551645406034
678 17 120 137 0.8462951297895714
679 17 1371 1388 1.140767312198079
680 18 1357 1375 1.5196197898915442
681 18 1786 1804 0.6411847200968923
682 18 1555 1573 0.6328966589262873
683 18 1990 2008 1.2821727454664409
684 18 319 337 0.7814783763717682
685 18 860 878 0.5758162285972285
686 18 2639 2657 1.4779374989167078
687 18 2396 2414 2.9908251597195146
688 18 3040 3058 1.612843832879021
689 18 2006 2024 1.5069494529113734
690 18 1601 1619 1.4690793795057586
691 18 513 531 0.6206103310608546
692 18 2229 2247 0.29056345076572665
693 18 1305 1323 1.5264693283972985
694 18 488 506 1.3123655052990173
695 18 1125 1143 0.34530121173825634
696 18 312 330 1.8514122592614417
697 18 2725 2743 1.0674921216445716
698 18 1771 1789 1.669978909754311
699 18 460 478 3.0716040042361907
700 18 1795 1813 0.589122781717996
701 18 2160 2178 1.7377919674895916
702 18 1027 1045 1.3775084616018556
703 18 396 414 1.0030868718264159
704 18 2161 2179 1.4183773330260503
705 18 2870 2888 1.7802072045721329
706 18 1532 1550 1.1261834270289688
707 18 2778 2796 1.120052748509323
708 18 3163 3181 0.36720150528443746
709 18 1509 1527 2.1440778904770283
710 18 3101 3119 1.6520798491172421
711 18 1844 1862 1.0100063983303953
712 18 1210 1228 1.2907029822228862
713 18 2715 2733 1.2704545074318876
714 18 2768 2786 1.0163848653715866
715 18 2744 2762 2.8861315497082862
716 18 2679 2697 1.7026717369340771
717 18 3301 3319 0.2905338855368849
718 18 3347 3365 0.728783726759171
719 18 1087 1105 0.9431808874333093
720 19 438 457 2.746696828953505
721 19 3089 3108 1.915053100544924
722 19 1386 1405 1.067421516523801
723 19 2755 2774 1.58458414373035
724 19 2318 2337 1.3611354377055545
725 19 2196 2215 0.8752401571067964
726 19 2153 2172 1.7431075651430215
727 19 464 483 5.439955447290134
728 19 2731 2750 1.9677046893092922
729 19 2022 2041 1.8638549627729066
730 19 2083 2102 1.2060434828350053
731 19 1442 1461 2.91509575053208
732 19 243 262 0.7409177456153571
733 19 2941 2960 2.5957918008586085
734 19 1205 1224 1.715172675451744
735 19 2779 2798 0.9282612550125905
736 19 2981 3000 1.0563812248528022
737 19 2319 2338 1.0222533727180771
738 19 3040 3059 1.7480783782070373
739 19 745 764 0.7313935716920578
740 19 2645 2664 2.1021611845193156
741 19 2644 2663 2.264386465100965
742 19 2990 3009 1.2229183154000431
743 19 2584 2603 2.302226082223432
744 19 612 631 0.8375931173438965
745 19 733 752 0.8549123337350636
746 19 1518 1537 1.3392992520027736
747 19 2684 2703 1.4550017957305648
748 19 1860 1879 1.5104549475212528
749 19 504 523 1.1161446532708699
750 19 443 462 2.0500628818732696
751 19 2292 2311 2.009427486338601
752 19 579 598 0.828390158167423
753 19 1357 1376 1.4992138443155256
754 19 2641 2660 1.8122307412851444
755 19 2951 2970 0.7084346747006888
756 19 2660 2679 1.5196138347744677
757 19 2447 2466 2.4191127475744807
758 19 1720 1739 0.7648353985766669
759 19 2272 2291 0.5430771244997685
760 20 1231 1251 0.8534566821530065
761 20 2652 2672 1.5375458900896168
762 20 765 785 2.678126986753008
763 20 1874 1894 0.7541224855077007
764 20 1975 1995 0.38038300752515797
765 20 1279 1299 1.2304778812737858
766 20 3203 3223 0.5530148797018624
767 20 722 742 0.706418870440637
768 20 2889 2909 2.1560736743019464
769 20 280 300 1.9520207074646003
770 20 439 459 1.7616345945152205
771 20 2932 2952 1.7367240360312235
772 20 742 762 0.2723443794451716
773 20 3090 3110 1.8331900564164398
774 20 2268 2288 0.7984311982554751
775 20 2224 2244 0.38584691646734576
776 20 2358 2378 2.2664271719997595
777 20 3029 3049 2.0261218631725226
778 20 1605 1625 1.7578081395523706
779 20 1471 1491 2.4653318531029225
780 20 409 429 1.8210074070659663
781 20 1088 1108 1.0432865092323915
782 20 1109 1129 0.41916368968081646
783 20 1570 1590 0.444501766385626
784 20 219 239 1.2663150463952155
785 20 559 579 0.5904462157893363
786 20 172 192 1.5074829659992035
787 20 1960 1980 0.38222135377512545
788 20 2067 2087 0.994033939809756
789 20 1111 1131 0.6597185154386078
790 20 1012 1032 0.9447535384240745
791 20 2848 2868 0.8133569106229839
792 20 3149 3169 0.5358747611731342
793 20 2108 2128 2.002845597287918
794 20 1450 1470 2.261891612737994
795 20 1363 1383 1.344446575160183
796 20 1652 1672 0.6308466084607705
797 20 1835 1855 1.6102508912278
798 20 2217 2237 0.7976271788538732
799 20 3314 3334 0.7726347437188289
800 21 3160 3181 0.4919459056416958
801 21 283 304 1.3418974011306553
802 21 1445 1466 3.221985241833053
803 21 2039 2060 1.6393813387943572
804 21 459 480 3.7360061762603225
805 21 620 641 0.6347912050797856
806 21 1107 1128 0.4633600227369808
807 21 2417 2438 3.3810728292499874
808 21 408 429 1.6683262134891228
809 21 2791 2812 1.0890883560449618
810 21 461 482 4.939907006715695
811 21 2311 2332 1.4018174993343668
812 21 3190 3211 0.6747845173705419
813 21 2978 2999 0.9056679769313575
814 21 757 778 1.7624684971525508
815 21 2859 2880 2.9471312314691303
816 21 774 795 2.435416662506911
817 21 2322 2343 0.6916538617778719
818 21 1706 1727 0.7201966249438473
819 21 2744 2765 2.933874191279248
820 21 3044 3065 3.41969727020518
821 21 1602 1623 1.7883658169654602
822 21 3341 3362 0.5228734558900616
823 21 3066 3087 4.123658828704662
824 21 526 547 1.3298264879495378
825 21 2424 2445 2.6908312733264723
826 21 2489 2510 3.128752740596107
827 21 599 620 0.5535866812305794
828 21 1631 1652 1.7166564012063787
829 21 3269 3290 0.8796808245813639
830 21 793 814 1.4897281927197867
831 21 2231 2252 0.36999643256318293
832 21 2161 2182 1.7318374427351526
833 21 697 718 0.3880946618445976
834 21 2328 2349 1.166844154300258
835 21 732 753 0.8100579113880338
836 21 827 848 0.7288055862834474
837 21 1024 1045 1.3429440405599669
838 21 1513 1534 1.798578161245714
839 21 3201 3222 0.6463957003584446
840 22 1200 1222 1.6195841113518936
841 22 123 145 1.509390293457398
842 22 3289 3311 0.5349613619282074
843 22 1822 1844 0.7990136560002866
844 22 1668 1690 0.31129509289422747
845 22 3336 3358 0.7031017516704857
846 22 1569 1591 0.46658328763149803
847 22 1294 1316 0.6520580988259547
848 22 2263 2285 0.673812842121223
849 22 2388 2410 2.551624079726522
850 22 1268 1290 1.3154601007542213
851 22 2595 2617 1.7532706059935426
852 22 2039 2061 1.682051201675588
853 22 2167 2189 1.1209257798301966
854 22 2812 2834 1.7461187671207739
855 22 2895 2917 1.9709129739659594
856 22 1226 1248 0.2909944381732421
857 22 2734 2756 2.574680558806804
858 22 1982 2004 1.0877205412442605
859 22 2463 2485 1.838935013155056
860 22 780 802 1.2539516804995963
861 22 2977 2999 0.924469469627932
862 22 2597 2619 1.4256566990498682
863 22 9 31 2.5357361378924312
864 22 440 462 2.000457734815901
865 22 3155 3177 0.7278867639104667
866 22 3096 3118 1.8242219808132398
867 22 2711 2733 1.4548041864851782
868 22 957 979 1.5608207927837847
869 22 2014 2036 1.9761357026562663
870 22 709 731 0.665481031552867
871 22 2144 2166 1.4611777771084522
872 22 2560 2582 1.65539474698445
873 22 1886 1908 1.1083735365604765
874 22 814 836 1.8197854401158475
875 22 792 814 1.5095015044043723
876 22 3203 3225 0.6687244354487352
877 22 2169 2191 0.8151520152847356
878 22 867 889 1.1993617854283918
879 22 151 173 1.3055418737537057
880 23 3328 3351 0.4927499357504106
881 23 2049 2072 1.1441919013565012
882 23 2645 2668 2.317929333360248
883 23 1819 1842 0.7733060277695722
884 23 457 480 3.682114604334262
885 23 2318 2341 1.141787004014295
886 23 1160 1183 1.3263180056572783
887 23 2693 2716 0.9986807775239485
888 23 625 648 0.5555001289232261
889 23 555 578 1.1637647843673926
890 23 1913 1936 0.7513431447621869
891 23 3245 3268 0.7041296807191135
892 23 363 386 0.7884849702420879
893 23 2552 2575 3.053876185693895
894 23 207 230 1.1432784883624547
895 23 104 127 1.7844658710182235
896 23 1474 1497 2.7455647079021785
897 23 2532 2555 2.5804529057329897
898 23 956 979 1.7494577252883912
899 23 2072 2095 1.4760954921992946
900 23 318 341 1.095721416536725
901 23 2042 2065 1.6820099962329558
902 23 2207 2230 0.5871120230224637
903 23 77 100 0.45477232787456234
904 23 1391 1414 0.627336068812094
905 23 1323 1346 0.744098170084329
906 23 1344 1367 1.6663234803474738
907 23 1408 1431 0.5875489509877996
908 23 2845 2868 1.0975437127653076
909 23 2840 2863 1.5817911488917884
910 23 550 573 0.9168551983185852
911 23 329 352 1.8001179372114522
912 23 2462 2485 2.111930329980898
913 23 3175 3198 0.9123715230957127
914 23 139 162 1.5632470913096184
915 23 2932 2955 1.7858796446520784
916 23 327 350 2.206504604276448
917 23 3029 3052 2.3279818094791325
918 23 1407 1430 0.49737501463270634
919 23 3304 3327 1.1415322322244095
920 24 840 864 1.4521071177723195
921 24 259 283 1.3280864551660905
922 24 819 843 0.7536006463714547
923 24 1790 1814 1.0626859466609027
924 24 2863 2887 2.9594554981500334
925 24 3100 3124 2.2027099837475315
926 24 904 928 1.3822648673440656
927 24 1986 2010 1.2806628447973618
928 24 1293 1317 0.7096452020869266
929 24 446 470 3.367122301191118
930 24 3223 3247 1.1897322840563385
931 24 174 198 1.8996267134451221
932 24 1673 1697 0.7180148997143148
933 24 319 343 1.3586274605225133
934 24 820 844 0.6120387217807539
935 24 2891 2915 2.299319966516288
936 24 658 682 0.43993303922080074
937 24 1603 1627 2.342376027324919
938 24 2036 2060 1.866760182593938
939 24 1938 1962 1.8286607913547643
940 24 2864 2888 2.4689149513487356
941 24 278 302 1.7992835382014083
942 24 2201 2225 1.038270678311468
943 24 1728 1752 1.3927619086168594
944 24 853 877 1.362456959229833
945 24 2659 2683 1.588703560548305
946 24 2003 2027 1.9917264875979253
947 24 1247 1271 1.6510424842358886
948 24 95 119 1.4342635639179926
949 24 1902 1926 0.5379534152881741
950 24 1874 1898 0.7515963304845358
951 24 3101 3125 2.218633908232774
952 24 2831 2855 1.5393775650010426
953 24 1644 1668 1.0733172781019753
954 24 1795 1819 0.9327919067225401
955 24 739 763 0.7416647448574747
956 24 1865 1889 1.5030213106118775
957 24 152 176 1.4302478107673169
958 24 2947 2971 1.582964617856088
959 24 1051 1075 0.9065664515104629
960 25 1502 1527 2.945907659411012
961 25 1519 1544 1.0332342966535333
962 25 1833 1858 1.8173368295343237
963 25 2168 2193 0.9615331654025217
964 25 1480 1505 2.7614178646024534
965 25 2443 2468 2.885249807017803
966 25 1645 1670 0.8564869882770094
967 25 916 941 3.262794419970031
968 25 11 36 3.386245603959709
969 25 3293 3318 0.5685796954052094
970 25 856 881 0.4380888274354242
971 25 1059 1084 1.241781023550409
972 25 3207 3232 0.733654647973949
973 25 1514 1539 1.5014738685742701
974 25 587 612 0.9225928922276085
975 25 1884 1909 1.3824074466884786
976 25 2186 2211 0.8409803513722844
977 25 799 824 1.9805198099560304
978 25 651 676 0.4633355967989612
979 25 857 882 0.5972500803308468
980 25 91 116 1.5410537470446926
981 25 699 724 0.3772735944455597
982 25 2394 2419 3.1930250850711084
983 25 1653 1678 0.5310939970285025
984 25 2062 2087 1.087874865001599
985 25 689 714 0.571815034844475
986 25 2607 2632 2.2726638825104404
987 25 112 137 1.3053294062997647
988 25 570 595 1.0752834861965088
989 25 450 475 3.683392902881828
990 25 2493 2518 3.5086631838541935
991 25 1813 1838 1.000722193208478
992 25 2008 2033 2.091453463677191
993 25 756 781 2.2914403472515086
994 25 244 269 1.4966501011525792
995 25 1651 1676 0.7248401957136311
996 25 1835 1860 1.4573949895556753
997 25 1301 1326 1.477124416348876
998 25 1670 1695 0.6493420102860651
999 25 134 159 2.0536524371693083
1000 26 2881 2907 1.819680275568929
1001 26 2924 2950 2.1196978598272267
1002 26 209 235 1.3716963772272504
1003 26 979 1005 0.9626760777515327
1004 26 1651 1677 0.7358940878642932
1005 26 160 186 2.3488282347704876
1006 26 1624 1650 2.4740230288981824
1007 26 2020 2046 2.5398505109890723
1008 26 109 135 1.3026921786136567
1009 26 896 922 1.1825614494352614
1010 26 989 1015 1.0834960555630353
1011 26 386 412 1.1279498939210044
1012 26 1593 1619 1.7791166654443025
1013 26 1943 1969 1.9610457876055152
1014 26 780 806 1.323538886564252
1015 26 674 700 0.3258727594775499
1016 26 1363 1389 1.8337162524821273
1017 26 2549 2575 3.1770727484251253
1018 26 475 501 4.250430259000692
1019 26 1418 1444 1.7039034101532669
1020 26 507 533 0.3598228669437431
1021 26 2434 2460 1.472144045566081
1022 26 212 238 1.3409178407282685
1023 26 3307 3333 0.848033437197413
1024 26 2980 3006 1.5244163739562304
1025 26 1191 1217 1.071944129971085
1026 26 1126 1152 0.7766678104130118
1027 26 3226 3252 1.5399927090619652
1028 26 1906 1932 0.35078518674175424
1029 26 3232 3258 1.5326747026693868
1030 26 1231 1257 0.825143761562337
1031 26 2001 2027 1.991991991716998
1032 26 1023 1049 1.5784403583331215
1033 26 2298 2324 2.1409170877455654
1034 26 1088 1114 1.2271911936017414
1035 26 123 149 1.558184479321731
1036 26 3336 3362 0.7505241768393899
1037 26 1380 1406 1.3378433558052807
1038 26 2576 2602 2.4354172259898905
1039 26 1412 1438 0.6851499664435892
1040 27 1298 1325 1.4155074937063847
1041 27 383 410 0.8809581786069107
1042 27 232 259 1.498098754434889
1043 27 2795 2822 1.802202505005442
1044 27 1783 1810 0.836524605203955
1045 27 366 393 0.33073704485830185
1046 27 2425 2452 1.7616537782371893
1047 27 2529 2556 3.2592619377903222
1048 27 14 41 2.5374190917110484
1049 27 429 456 3.482830981711726
1050 27 124 151 2.0719567533626173
1051 27 2788 2815 1.4244365353372006
1052 27 370 397 0.5232116677999886
1053 27 78 105 1.341172697390312
1054 27 697 724 0.5297139296469326
1055 27 2060 2087 1.215150665887584
1056 27 149 176 1.2137064570354459
1057 27 1973 2000 0.4442411218005733
1058 27 220 247 1.2818428092855707
1059 27 774 801 2.1173534156933065
1060 27 2680 2707 2.058031174064447
1061 27 2087 2114 1.420394161627046
1062 27 1356 1383 1.812641596480979
1063 27 822 849 0.8953972368825932
1064 27 3102 3129 2.06902556581702
1065 27 1953 1980 1.1052062561596292
1066 27 1392 1419 0.9100996249806763
1067 27 3291 3318 0.7068419705520145
1068 27 1960 1987 0.4699297834725996
1069 27 1439 1466 4.202284395043645
1070 27 2697 2724 1.3570152733398309
1071 27 140 167 0.6993863237676456
1072 27 1565 1592 0.8992269285213069
1073 27 1248 1275 1.3547853947546509
1074 27 3078 3105 3.0996614365659423
1075 27 2485 2512 2.3868672884678
1076 27 2586 2613 2.989419281641065
1077 27 1615 1642 2.335099367833339
1078 27 359 386 1.1211333534770005
1079 27 1201 1228 1.9376772735107997
1080 28 754 782 2.3466320087107073
1081 28 1691 1719 0.9291169515487842
1082 28 469 497 5.474008179247881
1083 28 2078 2106 1.8094016679096951
1084 28 1596 1624 2.084355610141404
1085 28 2241 2269 0.265275127780339
1086 28 1368 1396 2.459060444861521
1087 28 2197 2225 1.1679683717290967
1088 28 2785 2813 1.2457623678636782
1089 28 3188 3216 0.7624257445897967
1090 28 1649 1677 0.8307787489255515
1091 28 715 743 1.0616396771319654
1092 28 3030 3058 2.704777097544274
1093 28 3006 3034 3.964970751078181
1094 28 1580 1608 0.3318664277094055
1095 28 2266 2294 0.8395950234111987
1096 28 1471 1499 2.4702657840830073
1097 28 753 781 2.362493760810938
1098 28 1486 1514 2.8866595187002297
1099 28 3283 3311 0.501852596725746
1100 28 1698 1726 0.7828080144429165
1101 28 1795 1823 1.0951191584732585
1102 28 939 967 3.259824577784349
1103 28 1820 1848 1.0772822488442562
1104 28 3192 3220 0.559378738433157
1105 28 2878 2906 1.2928403804545632
1106 28 1968 1996 0.5823785534071791
1107 28 1413 1441 1.211525464789713
1108 28 1103 1131 0.7966976829088976
1109 28 3362 3390 0.36918736957350023
1110 28 695 723 0.5755855651531446
1111 28 2076 2104 1.8838991305330313
1112 28 2951 2979 1.2582753287232074
1113 28 3083 3111 2.6984375099095828
1114 28 2480 2508 3.055184872065533
1115 28 2910 2938 1.7646524723302313
1116 28 2854 2882 2.5356295142307994
1117 28 1584 1612 1.2062452870103317
1118 28 1995 2023 1.9428256892625075
1119 28 175 203 2.175880269320896
1120 29 630 659 0.6892180786292535
1121 29 703 732 0.3999198816171673
1122 29 2911 2940 1.998465364869784
1123 29 3078 3107 3.3154916752268604
1124 29 94 123 1.5973430014026602
1125 29 1912 1941 1.217627756649908
1126 29 376 405 0.1950870478607225
1127 29 3106 3135 1.9444559895163818
1128 29 2833 2862 2.224091928210609
1129 29 2774 2803 1.3571040001694812
1130 29 2705 2734 2.1080807227949894
1131 29 397 426 1.535490033356983
1132 29 1311 1340 1.858729424248246
1133 29 971 1000 0.820190478639691
1134 29 2460 2489 2.091389508675786
1135 29 3282 3311 0.5448916264507109
1136 29 2631 2660 2.109259369686707
1137 29 231 260 1.111568269654053
1138 29 2507 2536 1.3495408465015017
1139 29 197 226 0.9229753077844635
1140 29 1842 1871 1.881873741149851
1141 29 1910 1939 0.5498015292168112
1142 29 3001 3030 4.304095561889252
1143 29 2648 2677 0.8950353675573696
1144 29 1366 1395 2.491301152281847
1145 29 1515 1544 1.5234294678761846
1146 29 6 35 2.985059209355984
1147 29 295 324 1.447985108059145
1148 29 798 827 2.5556833891921245
1149 29 1635 1664 2.239690960005813
1150 29 3223 3252 1.5477396263656995
1151 29 430 459 2.9689405371880917
1152 29 1386 1415 0.975639321142713
1153 29 2330 2359 1.8890727410264807
1154 29 1275 1304 1.5654148622875284
1155 29 451 480 3.3509741380598697
1156 29 1844 1873 1.7902079139713087
1157 29 331 360 1.989422300602032
1158 29 3366 3395 0.2481460945092029
1159 29 2658 2687 1.9993251770037856
1160 30 861 891 2.1180589586407654
1161 30 985 1015 1.308097386851978
1162 30 2818 2848 1.779708380060883
1163 30 199 229 1.3254482045279656
1164 30 625 655 0.8927173415415215
1165 30 2640 2670 2.56611389783353
1166 30 586 616 0.838542094694865
1167 30 2398 2428 1.3958710309812417
1168 30 47 77 3.289826396680354
1169 30 459 489 6.105983902195318
1170 30 941 971 3.0009635661435214
1171 30 1177 1207 1.3661475384093236
1172 30 855 885 0.7609931470849524
1173 30 901 931 1.2605068491429072
1174 30 2303 2333 1.8881602018837018
1175 30 2111 2141 2.284139494192079
1176 30 1718 1748 1.1223971613611565
1177 30 2068 2098 1.9725299585143696
1178 30 3199 3229 0.6953086506635647
1179 30 2475 2505 3.2944616340505686
1180 30 1306 1336 1.7310592945742538
1181 30 3230 3260 1.514771100500437
1182 30 2192 2222 1.2632656541363385
1183 30 3203 3233 0.9390435908939206
1184 30 770 800 2.657984143450596
1185 30 1914 1944 0.8755416978922759
1186 30 727 757 0.7664058548976441
1187 30 2549 2579 3.0821772079748584
1188 30 324 354 1.8466912832470297
1189 30 169 199 2.3963047318482382
1190 30 3302 3332 0.44541930973871474
1191 30 460 490 6.33935080120279
1192 30 2450 2480 2.167539689218456
1193 30 98 128 1.8886205312313353
1194 30 415 445 3.209027094372516
1195 30 816 846 1.0550248267998357
1196 30 1044 1074 1.3072730431612074
1197 30 351 381 1.1388493653784155
1198 30 446 476 3.0779263917479764
1199 30 1905 1935 0.4255124575106979
1200 31 1634 1665 2.2034904758856855
1201 31 912 943 3.4903427058099665
1202 31 2787 2818 1.9701528760744764
1203 31 2520 2551 2.0666193190640176
1204 31 445 476 2.2932386157047695
1205 31 2628 2659 2.0967678213723797
1206 31 1988 2019 1.2482476437497316
1207 31 3118 3149 1.4401618775692404
1208 31 2738 2769 4.018001033000956
1209 31 2865 2896 1.5436634322855114
1210 31 1417 1448 2.380421033241919
1211 31 1650 1681 0.9080483165772407
1212 31 2470 2501 1.6807055277688152
1213 31 2707 2738 2.0028078921644465
1214 31 1825 1856 1.5491706713936944
1215 31 3185 3216 0.6257431457132656
1216 31 454 485 5.599619875689068
1217 31 1195 1226 1.713341041319971
1218 31 2434 2465 2.364830316540834
1219 31 1817 1848 1.2667097813712216
1220 31 3337 3368 1.1392189493161131
1221 31 1554 1585 1.0918190946892445
1222 31 843 874 1.9474562483727116
1223 31 478 509 3.0876377867619373
1224 31 2208 2239 1.0570979932243239
1225 31 30 61 3.9009784524198365
1226 31 1901 1932 0.8108077740778927
1227 31 1225 1256 1.0838533136605528
1228 31 2981 3012 2.714255935282891
1229 31 2632 2663 2.103500336607336
1230 31 316 347 2.304531455351277
1231 31 1399 1430 0.6311740463359654
1232 31 786 817 1.7852282731314952
1233 31 1984 2015 1.6065049074969242
1234 31 3086 3117 2.7904890219779643
1235 31 292 323 1.4665060163766608
1236 31 2263 2294 0.9059901775081007
1237 31 2811 2842 2.5186457616949403
1238 31 3011 3042 2.4640402761828986
1239 31 1493 1524 2.3529744081966433
1240 32 1732 1764 1.1893786957830905
1241 32 3211 3243 0.7925748026721761
1242 32 2655 2687 1.4644090798995542
1243 32 274 306 1.6702764101762058
1244 32 2481 2513 2.182511852450461
1245 32 2124 2156 0.8815158096943072
1246 32 877 909 0.4909807391913003
1247 32 1023 1055 2.047906997455484
1248 32 1435 1467 4.231169426663026
1249 32 255 287 1.8107890891268614
1250 32 1372 1404 2.1161113358944132
1251 32 967 999 0.6165377822327288
1252 32 1764 1796 1.0470142241367832
1253 32 1798 1830 1.0929871109662257
1254 32 344 376 1.085498611251789
1255 32 1027 1059 1.929853177804467
1256 32 892 924 1.8400690787135727
1257 32 1323 1355 1.3226518497396842
1258 32 676 708 0.5850826996879768
1259 32 3070 3102 4.574568362554411
1260 32 847 879 1.9576132022898665
1261 32 2975 3007 1.3536778535109264
1262 32 895 927 1.1324324280734177
1263 32 3011 3043 2.4237828357941273
1264 32 2507 2539 1.5727392918515788
1265 32 1898 1930 1.1590202746969258
1266 32 2913 2945 2.5755743892914515
1267 32 2194 2226 1.1627785181644892
1268 32 1715 1747 1.3909794925124002
1269 32 1506 1538 2.1653208366305123
1270 32 782 814 1.3011623864276407
1271 32 2554 2586 2.89710266513364
1272 32 1676 1708 0.8558062131710017
1273 32 1983 2015 1.7315542325113789
1274 32 3168 3200 0.8602701377000674
1275 32 1666 1698 0.44438655874901695
1276 32 1922 1954 1.654169727462889
1277 32 2406 2438 2.7995844892143404
1278 32 143 175 1.005291324581306
1279 32 1196 1228 2.0044115620389014
1280 33 74 107 1.6547145468165496
1281 33 756 789 3.307839056804972
1282 33 392 425 1.0150149804507458
1283 33 115 148 1.8285312446231656
1284 33 2958 2991 1.1732679673983255
1285 33 617 650 0.7501291533014581
1286 33 1205 1238 2.1900692055212
1287 33 2062 2095 1.6475827689141644
1288 33 2127 2160 0.06162562119428584
1289 33 251 284 2.2056003420900985
1290 33 2618 2651 2.682587682692502
1291 33 1933 1966 3.0998393938937205
1292 33 166 199 2.944678840773732
1293 33 797 830 2.7031962941512018
1294 33 3052 3085 5.897299747754958
1295 33 849 882 1.6897893195731406
1296 33 1130 1163 0.936980224803201
1297 33 2014 2047 2.808345094259054
1298 33 1771 1804 1.0108114897209761
1299 33 154 187 2.228234181123804
1300 33 1412 1445 2.413062697116463
1301 33 1917 1950 1.4625355483428675
1302 33 3039 3072 5.482860336573195
1303 33 805 838 2.133593092053587
1304 33 3058 3091 6.546877750445499
1305 33 3203 3236 0.9585571663013814
1306 33 1176 1209 1.1887854564342915
1307 33 585 618 1.0161372351953541
1308 33 423 456 3.627539761444652
1309 33 1818 1851 1.4142371269645606
1310 33 1226 1259 1.0870715518250047
1311 33 1683 1716 0.8751503718116426
1312 33 1817 1850 1.4537782407000281
1313 33 317 350 2.312011837699403
1314 33 842 875 1.929385709060451
1315 33 627 660 0.581689684564594
1316 33 1996 2029 2.4844852937058146
1317 33 3124 3157 1.1811929903743235
1318 33 3317 3350 0.4788165042837475
1319 33 2868 2901 0.6822778022761156
1320 34 1164 1198 2.5682742639278966
1321 34 1536 1570 1.0633181630314104
1322 34 3301 3335 0.6231278877841104
1323 34 2597 2631 2.0405966467301924
1324 34 1526 1560 1.2917143561122928
1325 34 660 694 0.3897511379387928
1326 34 1766 1800 0.7237935014988373
1327 34 1277 1311 1.5170124829762865
1328 34 1897 1931 0.7065551374263778
1329 34 1941 1975 2.2039470650362407
1330 34 2154 2188 2.46565197366657
1331 34 2220 2254 0.5521801034588809
1332 34 911 945 3.8585986055917583
1333 34 1473 1507 3.7744588543196493
1334 34 1181 1215 1.2115254914327118
1335 34 1168 1202 2.574956185470877
1336 34 120 154 2.171978613838771
1337 34 1529 1563 1.1087148450219966
1338 34 1471 1505 3.154693104450789
1339 34 3306 3340 0.7963755053846796
1340 34 1218 1252 1.472750573124129
1341 34 3061 3095 6.740584753085566
1342 34 993 1027 1.6421327399994508
1343 34 3304 3338 0.8343819867913309
1344 34 2128 2162 0.3750179369738682
1345 34 41 75 4.219423209032288
1346 34 58 92 2.385507991680461
1347 34 538 572 1.80607309148908
1348 34 2576 2610 3.279832365620458
1349 34 2174 2208 1.235361107375078
1350 34 610 644 0.9680955236202459
1351 34 2194 2228 1.2697715535662153
1352 34 85 119 1.5076398414285728
1353 34 678 712 0.8864786391473609
1354 34 205 239 1.4652203945543405
1355 34 7 41 3.0781295383707654
1356 34 835 869 1.7560940436733397
1357 34 3153 3187 0.6566866234629379
1358 34 3248 3282 0.332084214099802
1359 34 1907 1941 1.362709839198904
1360 35 1453 1488 1.8597094706481296
1361 35 3217 3252 1.475974759617389
1362 35 1486 1521 2.923085752055876
1363 35 2263 2298 1.61945168360984
1364 35 143 178 1.050513141828427
1365 35 2007 2042 2.934624605379722
1366 35 757 792 3.5317371525058476
1367 35 977 1012 0.9668090002199778
1368 35 54 89 2.2545105551458455
1369 35 1133 1168 1.3422811630866573
1370 35 1770 1805 0.9472925561863766
1371 35 1385 1420 1.25134884055503
1372 35 209 244 1.0607727767649748
1373 35 2471 2506 2.5801920056769014
1374 35 2236 2271 0.789392769174204
1375 35 3322 3357 0.6892613752935403
1376 35 384 419 1.147821828416112
1377 35 1843 1878 1.8999999916761208
1378 35 1276 1311 1.6165966516609749
1379 35 1072 1107 2.072709543485615
1380 35 1012 1047 2.0978579048973898
1381 35 2752 2787 3.2532057167362582
1382 35 3285 3320 0.8573572170188989
1383 35 2042 2077 1.7214374753396764
1384 35 1713 1748 1.3178732172711047
1385 35 2960 2995 1.5603222274211466
1386 35 1066 1101 1.5478793676896012
1387 35 1390 1425 0.8401023207018181
1388 35 180 215 1.5720747402828517
1389 35 120 155 2.1877821510507527
1390 35 1759 1794 0.9757644012205604
1391 35 152 187 1.9968263091281924
1392 35 2570 2605 2.8934398532664756
1393 35 2765 2800 2.441138316224575
1394 35 678 713 0.9668430942061634
1395 35 3118 3153 1.510951808738945
1396 35 3311 3346 0.8684342992270583
1397 35 2309 2344 2.2384795977505694
1398 35 1013 1048 2.0702275340507432
1399 35 555 590 0.9475208686391714
1400 36 3046 3082 5.92769831288731
1401 36 3106 3142 1.8447127223564581
1402 36 3233 3269 1.54865666045905
1403 36 1689 1725 0.7963043062076625
1404 36 2084 2120 2.3772497202256546
1405 36 3074 3110 4.071573421507989
1406 36 1382 1418 1.6304422455404566
1407 36 2260 2296 1.2259406351628717
1408 36 547 583 1.1045389440843585
1409 36 1145 1181 2.2094205015996264
1410 36 68 104 2.1284307687027684
1411 36 691 727 0.6528229162773869
1412 36 185 221 1.209788977599214
1413 36 69 105 2.145304539505878
1414 36 1989 2025 1.9020104956557315
1415 36 2634 2670 2.066958278581318
1416 36 247 283 2.0938920271146486
1417 36 3343 3379 0.7663729799402956
1418 36 1884 1920 1.0822326685105617
1419 36 1914 1950 1.3095414105162846
1420 36 2134 2170 1.8480518799454335
1421 36 2725 2761 3.626499487800225
1422 36 3091 3127 2.8286860786829418
1423 36 3334 3370 1.4940476577721937
1424 36 2468 2504 2.412443786644196
1425 36 2110 2146 2.182446389567657
1426 36 1697 1733 1.763348312750646
1427 36 1519 1555 1.2214703949147276
1428 36 2123 2159 0.5962463134028717
1429 36 2589 2625 2.831538604040289
1430 36 699 735 0.39495386501247365
1431 36 1203 1239 2.5503140271072198
1432 36 749 785 2.8214923703763928
1433 36 302 338 1.8797118092554712
1434 36 2800 2836 2.3245507870641737
1435 36 571 607 0.684694058561476
1436 36 2240 2276 0.9002196611791281
1437 36 416 452 4.189429573913827
1438 36 1671 1707 0.7820289280917949
1439 36 3171 3207 0.5431730623967301
1440 37 1441 1478 4.100719474349652
1441 37 1819 1856 1.558238001697346
1442 37 1863 1900 1.5975427492673506
1443 37 1140 1177 1.4819432106233346
1444 37 3288 3325 1.4997848242560083
1445 37 1046 1083 1.7278861414603368
1446 37 1853 1890 2.371768266855471
1447 37 1159 1196 2.6616876802627307
1448 37 2170 2207 1.370219392568715
1449 37 636 673 0.6133395914326426
1450 37 2364 2401 1.7965049462226301
1451 37 1289 1326 1.5600979164950977
1452 37 572 609 0.7849349524522024
1453 37 2138 2175 1.6479574466081715
1454 37 154 191 2.601622257331126
1455 37 1687 1724 0.8321280587195603
1456 37 1988 2025 1.8232650099077536
1457 37 944 981 2.639808359655724
1458 37 1879 1916 1.0408316655663805
1459 37 2398 2435 1.2755106905507794
1460 37 2508 2545 2.0947189697701942
1461 37 1119 1156 0.5407826349828456
1462 37 125 162 2.1610238905701067
1463 37 1296 1333 1.5393745814352031
1464 37 2353 2390 2.510202795455331
1465 37 2448 2485 2.5443905447817494
1466 37 2251 2288 1.194625657770121
1467 37 475 512 3.8159654443255504
1468 37 1997 2034 2.8029914848216855
1469 37 512 549 1.3338256955251857
1470 37 1146 1183 2.1692721868636773
1471 37 3217 3254 1.3981561135899725
1472 37 2905 2942 2.0414767008749135
1473 37 3087 3124 3.2385059880756484
1474 37 1096 1133 0.8586501552397852
1475 37 419 456 4.3356656977533605
1476 37 1782 1819 1.1513740476306509
1477 37 2738 2775 4.469059342444357
1478 37 310 347 2.383451009695603
1479 37 1520 1557 1.147029829747179
1480 38 137 175 0.6307292956491833
1481 38 2108 2146 2.310959254219145
1482 38 1994 2032 2.877905988628845
1483 38 3082 3120 3.419844869706602
1484 38 2635 2673 1.344574534649864
1485 38 1834 1872 2.162251335431701
1486 38 799 837 2.5236159101889286
1487 38 1275 1313 1.88019326640524
1488 38 1416 1454 3.0216748432090483
1489 38 741 779 1.3810959786465056
1490 38 2678 2716 2.7207944446859407
1491 38 1570 1608 0.6761124954301932
1492 38 1624 1662 3.085035959471309
1493 38 1295 1333 1.506095343650142
1494 38 201 239 1.5329336262090223
1495 38 1109 1147 0.789414491341721
1496 38 877 915 0.4482177594048239
1497 38 155 193 2.5643807424313994
1498 38 1297 1335 1.5423433828431874
1499 38 1300 1338 1.8473312358913037
1500 38 2500 2538 1.8508375130698695
1501 38 1607 1645 3.4047673957949494
1502 38 2274 2312 2.416756679705885
1503 38 1154 1192 2.4631884234546
1504 38 145 183 1.8925424149884704
1505 38 538 576 1.7751499310288257
1506 38 1709 1747 1.6354936674266864
1507 38 1024 1062 2.169595588204269
1508 38 1693 1731 1.5112120881133928
1509 38 324 362 1.8399096577262761
1510 38 2028 2066 3.029901485634595
1511 38 941 979 3.2960260195631306
1512 38 819 857 1.9844855584236238
1513 38 3020 3058 3.0969183609113076
1514 38 325 363 1.612222504018929
1515 38 2859 2897 2.0017472645028143
1516 38 2155 2193 2.3954349160251764
1517 38 471 509 4.3855336982691675
1518 38 3043 3081 6.183732081363939
1519 38 2589 2627 3.0678181187665845
1520 39 506 545 0.5731719997286522
1521 39 2585 2624 2.582719039944984
1522 39 3349 3388 0.6745387197907818
1523 39 21 60 3.5790922115114934
1524 39 1155 1194 2.7364010171169726
1525 39 2834 2873 1.197171219226082
1526 39 284 323 0.9431657112153174
1527 39 1766 1805 0.7483453143690706
1528 39 1096 1135 1.0768584254108198
1529 39 1977 2016 1.4051818286033684
1530 39 1891 1930 1.28499237862166
1531 39 1097 1136 1.162344043776253
1532 39 1185 1224 1.6241221196556883
1533 39 2236 2275 1.0513857147158818
1534 39 2291 2330 2.9405051584787625
1535 39 193 232 1.834176868996475
1536 39 715 754 1.2943487680188208
1537 39 966 1005 0.8689065770164538
1538 39 1993 2032 2.9592086319201045
1539 39 688 727 0.6994885103501651
1540 39 590 629 1.1913742324645318
1541 39 613 652 0.9655708656370228
1542 39 2889 2928 1.362573275501411
1543 39 728 767 1.1629415333015807
1544 39 2826 2865 2.2833528121278395
1545 39 1914 1953 1.496674862828239
1546 39 2763 2802 2.4050239141888636
1547 39 1628 1667 2.5065935174087355
1548 39 2649 2688 1.1275642921347249
1549 39 34 73 4.914011548447533
1550 39 582 621 0.8897997091530634
1551 39 1604 1643 3.1406017300815643
1552 39 223 262 1.4904421498411893
1553 39 738 777 1.0147628143865657
1554 39 3110 3149 1.7157093833849633
1555 39 2566 2605 3.1504089593655924
1556 39 721 760 1.0497648617748656
1557 39 1273 1312 1.7017889924192355
1558 39 776 815 1.4581616151909846
1559 39 2656 2695 2.6562286177369505
1560 40 535 575 1.93039922279415
1561 40 601 641 0.8198351297545607
1562 40 199 239 1.4626630232575961
1563 40 2146 2186 2.2159796502949134
1564 40 622 662 0.5521903863124671
1565 40 2190 2230 1.103365393642103
1566 40 877 917 0.6106170092080695
1567 40 1566 1606 0.5626732814195604
1568 40 3189 3229 0.48600701168861377
1569 40 438 478 1.391316461886327
1570 40 1774 1814 1.3725241682666924
1571 40 1596 1636 2.944322972032887
1572 40 744 784 2.5807095232155195
1573 40 107 147 2.563425219018175
1574 40 1150 1190 3.1668382423773176
1575 40 427 467 2.181258210387306
1576 40 537 577 1.94498270366114
1577 40 471 511 4.345824687711421
1578 40 594 634 0.9934895251236608
1579 40 1208 1248 1.5832881780736558
1580 40 519 559 2.422701112475596
1581 40 1571 1611 0.5938574606064642
1582 40 1443 1483 3.3562938745154636
1583 40 2472 2512 2.4402603146814643
1584 40 315 355 1.9294143291890593
1585 40 786 826 2.66394051628161
1586 40 30 70 4.702592708081412
1587 40 1519 1559 1.3642129198914077
1588 40 583 623 0.6869316942371415
1589 40 1959 1999 1.2637848165923902
1590 40 1007 1047 2.365271676764595
1591 40 263 303 1.9778495068387811
1592 40 1451 1491 2.367315545239044
1593 40 2236 2276 1.0495722361901147
1594 40 1986 2026 1.9434698934524515
1595 40 425 465 3.203041367797477
1596 40 2881 2921 1.7396081118107283
1597 40 1283 1323 1.9540731665466937
1598 40 1936 1976 2.9237981330941754
1599 40 87 127 1.825061970079485
1600 41 3028 3069 5.444642696417205
1601 41 1414 1455 2.9587795097817042
1602 41 2174 2215 1.5871920076555357
1603 41 3064 3105 6.484543432282676
1604 41 3202 3243 1.4349144652675416
1605 41 1812 1853 1.4317744951551583
1606 41 2330 2371 3.211753640092693
1607 41 1668 1709 0.7178221249236449
1608 41 1900 1941 1.8289893933245016
1609 41 2203 2244 0.9520038014940577
1610 41 2204 2245 0.9790037995424404
1611 41 1250 1291 2.3458804938118125
1612 41 1811 1852 1.7188912075732654
1613 41 610 651 1.0688559009716816
1614 41 2189 2230 1.1543988275129637
1615 41 1868 1909 2.386238842251557
1616 41 1572 1613 0.3643001656081518
1617 41 821 862 2.0510711435714217
1618 41 3099 3140 2.0411425139672152
1619 41 2434 2475 2.702904408141017
1620 41 1210 1251 1.9006588399883184
1621 41 3070 3111 4.573520160708944
1622 41 3062 3103 6.882057792071564
1623 41 735 776 0.8471723686253575
1624 41 1231 1272 1.5505456427527966
1625 41 687 728 0.6612365613097706
1626 41 1298 1339 1.6915141295648775
1627 41 1089 1130 0.8638350554732915
1628 41 828 869 1.687742778480793
1629 41 534 575 1.9769797827334756
1630 41 217 258 1.1831273025232119
1631 41 2472 2513 2.220972972249959
1632 41 233 274 1.1680320978565095
1633 41 1676 1717 1.2577659601366575
1634 41 2516 2557 2.567842230976977
1635 41 728 769 1.031813810471167
1636 41 469 510 4.470281541182387
1637 41 2348 2389 3.763958564809339
1638 41 57 98 2.4498269234210484
1639 41 646 687 0.4679484069282927
1640 42 501 543 0.9632951573863856
1641 42 3252 3294 0.24549524528434405
1642 42 1652 1694 1.21670353641277
1643 42 2330 2372 3.2315083140451772
1644 42 2807 2849 2.840480702748974
1645 42 1532 1574 1.0893650355636106
1646 42 2151 2193 2.4628349197813963
1647 42 2854 2896 1.863501870911852
1648 42 3137 3179 0.500658323723635
1649 42 1126 1168 0.471060293626907
1650 42 378 420 1.3683329592699287
1651 42 1898 1940 1.7355464362296922
1652 42 2213 2255 0.8872916150493335
1653 42 2379 2421 2.0603259981764497
1654 42 1807 1849 1.779537208847629
1655 42 1334 1376 2.8538827393616146
1656 42 599 641 0.9553462600974115
1657 42 2418 2460 2.517735044173003
1658 42 2459 2501 4.487755123279865
1659 42 895 937 1.546923264699645
1660 42 1323 1365 2.2008043326861997
1661 42 1868 1910 2.4738803225574943
1662 42 2074 2116 2.651517935567623
1663 42 2308 2350 2.275674342272512
1664 42 1529 1571 0.9036613633804632
1665 42 2608 2650 3.178395319706174
1666 42 1303 1345 1.9086853332452045
1667 42 2420 2462 2.4061300026269135
1668 42 1468 1510 4.099181583439516
1669 42 2877 2919 1.8040664285655879
1670 42 2461 2503 4.913443065188077
1671 42 3157 3199 0.6764549770200352
1672 42 2961 3003 1.346617694652693
1673 42 1409 1451 2.502121589594672
1674 42 2828 2870 1.6867814005384296
1675 42 1398 1440 0.5479619705644644
1676 42 1174 1216 1.6718953138018153
1677 42 1218 1260 1.8492618378931658
1678 42 1104 1146 1.0743681742385056
1679 42 746 788 3.080436997402862
1680 43 504 547 0.7179073714639997
1681 43 2466 2509 2.9354012985294715
1682 43 2051 2094 2.347262224570513
1683 43 906 949 3.721740400005696
1684 43 2999 3042 3.9929143806658853
1685 43 1396 1439 0.6537755779100999
1686 43 2985 3028 4.231822065811813
1687 43 2643 2686 0.7977694496485215
1688 43 1018 1061 1.9825479218651354
1689 43 1156 1199 2.7630401308003916
1690 43 1780 1823 1.383911420258175
1691 43 1093 1136 1.1411950689311396
1692 43 1855 1898 1.731056085959832
1693 43 531 574 2.2455400868304842
1694 43 1957 2000 1.2110105133748594
1695 43 1370 1413 1.4076830010879808
1696 43 2176 2219 1.3476638660283922
1697 43 3230 3273 1.6738442089865362
1698 43 720 763 0.9669531440892637
1699 43 2540 2583 2.975397001071183
1700 43 2164 2207 1.9970784399261317
1701 43 2134 2177 2.233564491763624
1702 43 1808 1851 1.890522342379073
1703 43 2530 2573 3.9335422662453894
1704 43 211 254 1.5956709272048917
1705 43 283 326 0.711501147885527
1706 43 1709 1752 1.8601892587150959
1707 43 1742 1785 1.2384762207530364
1708 43 2252 2295 1.5927732857855998
1709 43 2500 2543 2.349413841727669
1710 43 3184 3227 0.32369196705427355
1711 43 1192 1235 1.8497569883858165
1712 43 243 286 1.4040459244123715
1713 43 968 1011 1.6666809851651079
1714 43 1563 1606 0.6896502338295708
1715 43 1572 1615 0.4236684846091111
1716 43 865 908 0.5754682995203464
1717 43 306 349 2.4188921685717832
1718 43 1501 1544 2.717792563743998
1719 43 2105 2148 2.4302959922911462
1720 44 879 923 1.0304362094429933
1721 44 226 270 1.8342060361518087
1722 44 2247 2291 0.9134298187489287
1723 44 2023 2067 3.404838351165657
1724 44 481 525 1.1256887230144978
1725 44 1765 1809 0.6505409358700467
1726 44 2999 3043 3.7746176933524866
1727 44 1595 1639 3.2658164640146943
1728 44 2913 2957 3.695364068354665
1729 44 2295 2339 2.7842277844177556
1730 44 1480 1524 4.431338166202345
1731 44 48 92 3.6450007081157123
1732 44 1231 1275 1.4289190227683235
1733 44 1523 1567 1.0835278235647967
1734 44 2069 2113 2.2643605664674045
1735 44 1519 1563 1.100015919988666
1736 44 1634 1678 2.0595140186386818
1737 44 1799 1843 1.3995226197424324
1738 44 1525 1569 0.8831264960077857
1739 44 2669 2713 4.042737359859961
1740 44 2807 2851 2.7933400506863424
1741 44 426 470 1.6337016470574415
1742 44 2393 2437 1.5653523289343403
1743 44 2027 2071 3.258546987584265
1744 44 598 642 0.765940849047133
1745 44 1324 1368 2.6189022928817796
1746 44 900 944 3.079686548995256
1747 44 0 44 3.876349387923075
1748 44 263 307 1.8338476616859483
1749 44 2517 2561 2.954491522513807
1750 44 571 615 1.0079483929453172
1751 44 334 378 2.3214233321159594
1752 44 856 900 1.1662157337897923
1753 44 1313 1357 2.5719820816963193
1754 44 1782 1826 1.169225800611757
1755 44 1159 1203 2.8890656915479256
1756 44 806 850 2.0811909227554652
1757 44 120 164 1.9923579645531673
1758 44 116 160 2.4628133888093022
1759 44 2206 2250 1.2121795034823903
1760 45 3003 3048 3.6065919135704068
1761 45 1285 1330 1.7928785310777842
1762 45 2188 2233 1.2279119640771803
1763 45 1820 1865 1.9520489657150024
1764 45 3020 3065 4.612651333572873
1765 45 1490 1535 3.385626426306329
1766 45 2953 2998 1.6177942454754746
1767 45 3280 3325 1.288688386168633
1768 45 872 917 0.8213869806361876
1769 45 1807 1852 1.7562740321011674
1770 45 1389 1434 1.1524399915549568
1771 45 2795 2840 2.578466219643799
1772 45 2392 2437 1.2564196487175756
1773 45 494 539 1.9060284722185168
1774 45 2086 2131 3.641822519987625
1775 45 1549 1594 1.3140955452857077
1776 45 921 966 4.884344683697167
1777 45 1947 1992 1.261501744075055
1778 45 569 614 0.9561527710021458
1779 45 1256 1301 2.158383675556832
1780 45 1174 1219 1.8450582886978213
1781 45 2263 2308 2.5008376823768845
1782 45 777 822 1.1140417217295209
1783 45 480 525 1.8009528447719054
1784 45 711 756 1.2818315140581253
1785 45 2452 2497 2.3527555568923977
1786 45 347 392 1.4932636905014958
1787 45 1764 1809 0.6455929055096219
1788 45 114 159 2.5077351335053515
1789 45 3260 3305 1.2417178186690616
1790 45 1438 1483 3.82564128069115
1791 45 1567 1612 0.7904150639313933
1792 45 30 75 4.923756744481121
1793 45 2007 2052 3.761687773174221
1794 45 752 797 3.447106038507085
1795 45 1936 1981 2.413240820623527
1796 45 1123 1168 1.0234846188253313
1797 45 573 618 1.218336835257016
1798 45 1592 1637 3.121983946606298
1799 45 834 879 1.8431238385846014
1800 46 2095 2141 3.109032392105607
1801 46 2604 2650 2.7610744740045208
1802 46 1770 1816 1.1482568629097847
1803 46 2400 2446 2.3748786427298154
1804 46 2574 2620 2.7124612189103416
1805 46 2702 2748 3.2750114820769207
1806 46 1220 1266 1.921275453850175
1807 46 1786 1832 1.3449926564775747
1808 46 1175 1221 1.9329498354613701
1809 46 397 443 3.7907324039344283
1810 46 2623 2669 3.239153118424344
1811 46 3054 3100 8.228443735224575
1812 46 2831 2877 1.888258471821676
1813 46 342 388 1.570074870912473
1814 46 263 309 1.8348456683681962
1815 46 1809 1855 1.8355216815152369
1816 46 3086 3132 3.4241852801464283
1817 46 3055 3101 7.909818670245836
1818 46 1315 1361 2.4768053113103723
1819 46 270 316 1.2845502879903696
1820 46 38 84 4.855306902289778
1821 46 1328 1374 2.8055519991405715
1822 46 1965 2011 1.9378589720396637
1823 46 1728 1774 2.71705234722806
1824 46 2586 2632 3.1716913147182404
1825 46 385 431 2.1276476800420445
1826 46 2703 2749 3.3227107867903967
1827 46 1358 1404 2.723190543049451
1828 46 2638 2684 0.6058104774269919
1829 46 1715 1761 1.7222780752086178
1830 46 2387 2433 0.767172503183431
1831 46 925 971 4.917290029328647
1832 46 1321 1367 2.609442544569356
1833 46 827 873 1.7465788451618207
1834 46 2655 2701 2.2507646064883233
1835 46 1605 1651 3.684141569925906
1836 46 362 408 1.068719959742206
1837 46 212 258 1.2622195689516613
1838 46 2626 2672 2.3853432578195273
1839 46 2121 2167 0.5458468613543856
1840 47 108 155 2.9600667257255924
1841 47 2084 2131 3.764128868341752
1842 47 2145 2192 2.2748783112443713
1843 47 980 1027 1.549780534882289
1844 47 2350 2397 2.318052748944792
1845 47 349 396 1.0407988568042223
1846 47 737 784 2.210752348702284
1847 47 951 998 1.7890176405935536
1848 47 1920 1967 2.7436837776132657
1849 47 2207 2254 0.9566340343428212
1850 47 1622 1669 3.0650401354799723
1851 47 1165 1212 1.9580145914989082
1852 47 1408 1455 2.7743183156210014
1853 47 1867 1914 2.1830443279594323
1854 47 2709 2756 4.013466300803633
1855 47 2164 2211 2.1823528622712645
1856 47 928 975 4.716576133217471
1857 47 828 875 1.6083880967289794
1858 47 2347 2394 3.0869176023247844
1859 47 1222 1269 1.498289820498514
1860 47 1403 1450 2.175619940813648
1861 47 2408 2455 2.4231430588991656
1862 47 544 591 1.059789391146044
1863 47 2383 2430 0.782622580961101
1864 47 2177 2224 1.515883601853159
1865 47 1492 1539 2.079298879717542
1866 47 2539 2586 2.986010946448749
1867 47 2121 2168 0.702940636852322
1868 47 1453 1500 2.4655547220182887
1869 47 1289 1336 1.7134993501074223
1870 47 3148 3195 0.592890191369104
1871 47 2394 2441 1.8949268949142921
1872 47 2959 3006 1.063825938222869
1873 47 3022 3069 5.339473295361195
1874 47 2153 2200 2.734784721406459
1875 47 833 880 1.688491279062327
1876 47 1831 1878 2.5827477499010913
1877 47 245 292 1.846824086797557
1878 47 2954 3001 1.9694672442415764
1879 47 1772 1819 1.3102673383933583
1880 48 1278 1326 2.796428880454683
1881 48 2578 2626 2.9551461416606455
1882 48 794 842 2.6977924636522004
1883 48 2021 2069 3.7309360658482764
1884 48 885 933 1.8652017310749567
1885 48 752 800 3.301088728950502
1886 48 424 472 1.774028894032564
1887 48 1871 1919 1.9784741423808485
1888 48 490 538 1.5714861492745993
1889 48 2053 2101 2.0433153472955605
1890 48 1626 1674 2.426567380015986
1891 48 868 916 0.7576822630298237
1892 48 1291 1339 1.7674554419995732
1893 48 763 811 2.292381562801048
1894 48 3091 3139 2.694527343386673
1895 48 154 202 3.154773258121009
1896 48 1339 1387 3.1683930272508465
1897 48 2042 2090 2.8168003934116865
1898 48 1011 1059 2.348118992846242
1899 48 1574 1622 1.1480386190063607
1900 48 2788 2836 2.589622239336632
1901 48 2986 3034 4.349174840943788
1902 48 233 281 1.19669480015996
1903 48 969 1017 1.717671499398994
1904 48 1643 1691 1.9512751858556918
1905 48 1502 1550 2.6934497938225435
1906 48 1594 1642 3.8601092414609615
1907 48 915 963 4.342704722361
1908 48 727 775 0.9399491606398251
1909 48 1167 1215 2.086263782003574
1910 48 1026 1074 2.6381658767897576
1911 48 1415 1463 3.924950754755597
1912 48 1078 1126 1.3417431225836514
1913 48 216 264 1.876588047507467
1914 48 2843 2891 1.8721147964724034
1915 48 1393 1441 0.7328435967892519
1916 48 2999 3047 3.477128219841569
1917 48 455 503 4.9430645012503085
1918 48 850 898 2.176158772276695
1919 48 902 950 3.73902564568042
1920 49 1244 1293 3.1319998996121416
1921 49 1811 1860 1.9136108394480777
1922 49 708 757 1.3380342125604463
1923 49 2313 2362 2.0753938662270643
1924 49 689 738 0.8103590872234914
1925 49 1005 1054 3.2431446069662773
1926 49 1978 2027 2.1525982694728345
1927 49 2865 2914 1.4906550850884372
1928 49 856 905 0.9123383493295586
1929 49 882 931 1.9583192655681119
1930 49 3321 3370 1.3235632992043056
1931 49 2747 2796 4.710199573710069
1932 49 1494 1543 2.798635942338657
1933 49 2495 2544 3.2309228377753714
1934 49 951 1000 1.644775791741861
1935 49 719 768 1.1344557257576378
1936 49 2801 2850 2.9766933278209375
1937 49 3076 3125 4.189165028492458
1938 49 2173 2222 1.9770316864183384
1939 49 1614 1663 3.8368463851248977
1940 49 2451 2500 4.074720111691754
1941 49 2209 2258 1.1291576649074653
1942 49 1738 1787 1.7289152334466829
1943 49 2448 2497 2.8490587740888036
1944 49 725 774 0.8686963250062075
1945 49 2572 2621 2.7777165778614705
1946 49 1236 1285 2.4393826462704293
1947 49 1533 1582 1.1972281158236302
1948 49 229 278 1.2660377495219246
1949 49 321 370 1.9971691330650843
1950 49 3222 3271 1.634605845753426
1951 49 2196 2245 1.303640051963434
1952 49 1872 1921 1.8209058863529146
1953 49 2007 2056 4.110731119249463
1954 49 73 122 2.3969371575767724
1955 49 2371 2420 2.4949318170024055
1956 49 722 771 0.8369625658817368
1957 49 1099 1148 1.2922468896540784
1958 49 2128 2177 1.5690012403032896
1959 49 1718 1767 1.9424379810853676
1960 50 2808 2858 3.3144682374057863
1961 50 2027 2077 3.243668992079175
1962 50 908 958 3.9480922542479546
1963 50 1593 1643 3.8123466067570737
1964 50 2050 2100 2.2441131884321504
1965 50 1987 2037 3.263845668927323
1966 50 1417 1467 4.037441676076674
1967 50 1663 1713 1.0061977936780577
1968 50 2535 2585 3.495396285794067
1969 50 1978 2028 2.1457924776924444
1970 50 3105 3155 2.095921167078853
1971 50 732 782 2.026571429538455
1972 50 470 520 4.989293541151115
1973 50 2936 2986 2.939677548462286
1974 50 1716 1766 1.8756596953710851
1975 50 1388 1438 0.975437614495615
1976 50 2999 3049 3.6564871934226395
1977 50 590 640 1.345834795909617
1978 50 2389 2439 1.0224889219351074
1979 50 1316 1366 2.8646741138922653
1980 50 440 490 5.380927873229865
1981 50 1429 1479 4.75498699929996
1982 50 2163 2213 2.287628582730759
1983 50 600 650 1.0314484457106716
1984 50 1220 1270 1.8553934224305126
1985 50 1957 2007 1.5717700131535763
1986 50 2577 2627 2.9365310985393442
1987 50 2209 2259 1.5528276052722254
1988 50 622 672 0.43823822673012586
1989 50 1829 1879 3.34630992609026
1990 50 1535 1585 1.5896442790465366
1991 50 2018 2068 3.598050611545454
1992 50 171 221 2.2879998857351107
1993 50 2387 2437 0.8656003487756374
1994 50 1422 1472 4.439126110962623
1995 50 2599 2649 2.5802414099036746
1996 50 831 881 1.2861628605009907
1997 50 2553 2603 5.122973440280677
1998 50 383 433 2.4852564840942932
1999 50 2875 2925 1.4182651790569871
