0 1 394 395
1 1 430 431
2 1 41 42
3 1 265 266
4 1 523 524
5 1 497 498
6 1 414 415
7 1 310 311
8 1 488 489
9 1 366 367
10 1 223 224
11 1 516 517
12 1 142 143
13 1 288 289
14 1 143 144
15 1 97 98
16 1 256 257
17 1 545 546
18 1 150 151
19 1 317 318
20 1 101 102
21 1 75 76
22 1 338 339
23 1 483 484
24 1 573 574
25 1 103 104
26 1 362 363
27 1 444 445
28 1 323 324
29 1 209 210
30 1 565 566
31 1 453 454
32 1 533 534
33 1 266 267
34 1 63 64
35 1 561 562
36 1 14 15
37 1 95 96
38 1 408 409
39 1 1 2
40 2 505 507
41 2 341 343
42 2 249 251
43 2 333 335
44 2 64 66
45 2 195 197
46 2 581 583
47 2 227 229
48 2 244 246
49 2 145 147
50 2 556 558
51 2 458 460
52 2 93 95
53 2 82 84
54 2 327 329
55 2 520 522
56 2 501 503
57 2 111 113
58 2 308 310
59 2 564 566
60 2 298 300
61 2 127 129
62 2 560 562
63 2 340 342
64 2 553 555
65 2 208 210
66 2 294 296
67 2 455 457
68 2 394 396
69 2 324 326
70 2 589 591
71 2 247 249
72 2 297 299
73 2 188 190
74 2 193 195
75 2 191 193
76 2 33 35
77 2 266 268
78 2 487 489
79 2 70 72
80 3 91 94
81 3 133 136
82 3 153 156
83 3 39 42
84 3 82 85
85 3 553 556
86 3 400 403
87 3 537 540
88 3 282 285
89 3 534 537
90 3 241 244
91 3 220 223
92 3 429 432
93 3 281 284
94 3 461 464
95 3 504 507
96 3 365 368
97 3 84 87
98 3 332 335
99 3 118 121
100 3 498 501
101 3 343 346
102 3 194 197
103 3 248 251
104 3 16 19
105 3 277 280
106 3 119 122
107 3 225 228
108 3 380 383
109 3 174 177
110 3 340 343
111 3 436 439
112 3 63 66
113 3 103 106
114 3 149 152
115 3 224 227
116 3 46 49
117 3 587 590
118 3 547 550
119 3 75 78
120 4 27 31
121 4 127 131
122 4 193 197
123 4 122 126
124 4 400 404
125 4 93 97
126 4 379 383
127 4 118 122
128 4 37 41
129 4 22 26
130 4 199 203
131 4 189 193
132 4 126 130
133 4 490 494
134 4 215 219
135 4 62 66
136 4 23 27
137 4 557 561
138 4 435 439
139 4 103 107
140 4 266 270
141 4 71 75
142 4 226 230
143 4 73 77
144 4 308 312
145 4 358 362
146 4 446 450
147 4 184 188
148 4 515 519
149 4 478 482
150 4 40 44
151 4 204 208
152 4 367 371
153 4 481 485
154 4 583 587
155 4 173 177
156 4 208 212
157 4 59 63
158 4 162 166
159 4 165 169
160 5 350 355
161 5 542 547
162 5 256 261
163 5 120 125
164 5 452 457
165 5 179 184
166 5 13 18
167 5 482 487
168 5 419 424
169 5 582 587
170 5 520 525
171 5 318 323
172 5 365 370
173 5 397 402
174 5 157 162
175 5 574 579
176 5 12 17
177 5 468 473
178 5 80 85
179 5 343 348
180 5 46 51
181 5 557 562
182 5 287 292
183 5 138 143
184 5 245 250
185 5 493 498
186 5 360 365
187 5 294 299
188 5 367 372
189 5 135 140
190 5 317 322
191 5 424 429
192 5 82 87
193 5 1 6
194 5 196 201
195 5 342 347
196 5 163 168
197 5 228 233
198 5 458 463
199 5 387 392
200 6 581 587
201 6 424 430
202 6 32 38
203 6 411 417
204 6 428 434
205 6 47 53
206 6 169 175
207 6 456 462
208 6 65 71
209 6 265 271
210 6 161 167
211 6 457 463
212 6 540 546
213 6 498 504
214 6 574 580
215 6 0 6
216 6 39 45
217 6 506 512
218 6 333 339
219 6 319 325
220 6 478 484
221 6 51 57
222 6 425 431
223 6 192 198
224 6 561 567
225 6 85 91
226 6 133 139
227 6 15 21
228 6 427 433
229 6 323 329
230 6 3 9
231 6 218 224
232 6 14 20
233 6 2 8
234 6 541 547
235 6 100 106
236 6 195 201
237 6 121 127
238 6 203 209
239 6 309 315
240 7 286 293
241 7 186 193
242 7 102 109
243 7 487 494
244 7 406 413
245 7 83 90
246 7 22 29
247 7 281 288
248 7 463 470
249 7 118 125
250 7 262 269
251 7 136 143
252 7 533 540
253 7 355 362
254 7 117 124
255 7 158 165
256 7 285 292
257 7 19 26
258 7 43 50
259 7 41 48
260 7 210 217
261 7 265 272
262 7 571 578
263 7 322 329
264 7 375 382
265 7 581 588
266 7 506 513
267 7 469 476
268 7 445 452
269 7 381 388
270 7 550 557
271 7 182 189
272 7 212 219
273 7 384 391
274 7 298 305
275 7 9 16
276 7 141 148
277 7 154 161
278 7 277 284
279 7 341 348
280 8 345 353
281 8 376 384
282 8 95 103
283 8 346 354
284 8 36 44
285 8 42 50
286 8 276 284
287 8 167 175
288 8 153 161
289 8 296 304
290 8 369 377
291 8 404 412
292 8 561 569
293 8 132 140
294 8 300 308
295 8 117 125
296 8 489 497
297 8 245 253
298 8 49 57
299 8 315 323
300 8 183 191
301 8 535 543
302 8 72 80
303 8 309 317
304 8 412 420
305 8 336 344
306 8 306 314
307 8 424 432
308 8 111 119
309 8 101 109
310 8 574 582
311 8 492 500
312 8 485 493
313 8 351 359
314 8 127 135
315 8 490 498
316 8 118 126
317 8 509 517
318 8 436 444
319 8 38 46
320 9 309 318
321 9 343 352
322 9 159 168
323 9 170 179
324 9 578 587
325 9 384 393
326 9 89 98
327 9 67 76
328 9 86 95
329 9 202 211
330 9 226 235
331 9 62 71
332 9 394 403
333 9 8 17
334 9 100 109
335 9 403 412
336 9 569 578
337 9 531 540
338 9 296 305
339 9 459 468
340 9 500 509
341 9 222 231
342 9 433 442
343 9 85 94
344 9 377 386
345 9 225 234
346 9 267 276
347 9 441 450
348 9 196 205
349 9 367 376
350 9 117 126
351 9 65 74
352 9 28 37
353 9 538 547
354 9 462 471
355 9 206 215
356 9 121 130
357 9 509 518
358 9 407 416
359 9 262 271
360 10 212 222
361 10 43 53
362 10 221 231
363 10 149 159
364 10 107 117
365 10 202 212
366 10 469 479
367 10 387 397
368 10 370 380
369 10 559 569
370 10 154 164
371 10 499 509
372 10 151 161
373 10 577 587
374 10 415 425
375 10 433 443
376 10 533 543
377 10 507 517
378 10 330 340
379 10 510 520
380 10 206 216
381 10 555 565
382 10 224 234
383 10 9 19
384 10 348 358
385 10 325 335
386 10 329 339
387 10 36 46
388 10 537 547
389 10 263 273
390 10 159 169
391 10 388 398
392 10 301 311
393 10 481 491
394 10 67 77
395 10 86 96
396 10 528 538
397 10 40 50
398 10 230 240
399 10 133 143
400 11 41 52
401 11 307 318
402 11 15 26
403 11 459 470
404 11 338 349
405 11 164 175
406 11 152 163
407 11 471 482
408 11 380 391
409 11 517 528
410 11 391 402
411 11 542 553
412 11 514 525
413 11 34 45
414 11 92 103
415 11 530 541
416 11 78 89
417 11 436 447
418 11 211 222
419 11 296 307
420 11 548 559
421 11 427 438
422 11 493 504
423 11 397 408
424 11 239 250
425 11 20 31
426 11 0 11
427 11 186 197
428 11 309 320
429 11 519 530
430 11 260 271
431 11 340 351
432 11 67 78
433 11 505 516
434 11 268 279
435 11 310 321
436 11 417 428
437 11 393 404
438 11 392 403
439 11 63 74
440 12 167 179
441 12 130 142
442 12 244 256
443 12 293 305
444 12 342 354
445 12 56 68
446 12 36 48
447 12 492 504
448 12 427 439
449 12 144 156
450 12 503 515
451 12 83 95
452 12 155 167
453 12 361 373
454 12 421 433
455 12 477 489
456 12 395 407
457 12 469 481
458 12 48 60
459 12 103 115
460 12 482 494
461 12 20 32
462 12 33 45
463 12 135 147
464 12 331 343
465 12 107 119
466 12 562 574
467 12 354 366
468 12 199 211
469 12 392 404
470 12 502 514
471 12 113 125
472 12 61 73
473 12 478 490
474 12 345 357
475 12 127 139
476 12 303 315
477 12 396 408
478 12 300 312
479 12 124 136
480 13 531 544
481 13 193 206
482 13 39 52
483 13 401 414
484 13 455 468
485 13 380 393
486 13 195 208
487 13 466 479
488 13 365 378
489 13 77 90
490 13 45 58
491 13 40 53
492 13 497 510
493 13 261 274
494 13 27 40
495 13 532 545
496 13 221 234
497 13 235 248
498 13 95 108
499 13 514 527
500 13 536 549
501 13 430 443
502 13 519 532
503 13 312 325
504 13 116 129
505 13 149 162
506 13 436 449
507 13 432 445
508 13 86 99
509 13 107 120
510 13 425 438
511 13 64 77
512 13 101 114
513 13 159 172
514 13 31 44
515 13 457 470
516 13 441 454
517 13 427 440
518 13 30 43
519 13 508 521
520 14 332 346
521 14 258 272
522 14 80 94
523 14 360 374
524 14 72 86
525 14 124 138
526 14 367 381
527 14 30 44
528 14 353 367
529 14 356 370
530 14 182 196
531 14 10 24
532 14 236 250
533 14 374 388
534 14 146 160
535 14 212 226
536 14 3 17
537 14 209 223
538 14 126 140
539 14 7 21
540 14 300 314
541 14 377 391
542 14 25 39
543 14 238 252
544 14 145 159
545 14 191 205
546 14 464 478
547 14 115 129
548 14 488 502
549 14 352 366
550 14 264 278
551 14 133 147
552 14 28 42
553 14 213 227
554 14 370 384
555 14 343 357
556 14 484 498
557 14 299 313
558 14 303 317
559 14 566 580
560 15 334 349
561 15 188 203
562 15 82 97
563 15 105 120
564 15 546 561
565 15 315 330
566 15 160 175
567 15 385 400
568 15 150 165
569 15 128 143
570 15 228 243
571 15 323 338
572 15 520 535
573 15 248 263
574 15 242 257
575 15 298 313
576 15 381 396
577 15 429 444
578 15 47 62
579 15 135 150
580 15 21 36
581 15 403 418
582 15 79 94
583 15 74 89
584 15 430 445
585 15 306 321
586 15 563 578
587 15 426 441
588 15 145 160
589 15 432 447
590 15 305 320
591 15 363 378
592 15 86 101
593 15 254 269
594 15 455 470
595 15 378 393
596 15 541 556
597 15 59 74
598 15 418 433
599 15 8 23
600 16 427 443
601 16 328 344
602 16 451 467
603 16 208 224
604 16 380 396
605 16 300 316
606 16 482 498
607 16 93 109
608 16 189 205
609 16 111 127
610 16 283 299
611 16 114 130
612 16 571 587
613 16 157 173
614 16 456 472
615 16 408 424
616 16 431 447
617 16 442 458
618 16 178 194
619 16 253 269
620 16 464 480
621 16 348 364
622 16 535 551
623 16 145 161
624 16 363 379
625 16 473 489
626 16 88 104
627 16 494 510
628 16 301 317
629 16 1 17
630 16 459 475
631 16 7 23
632 16 223 239
633 16 305 321
634 16 117 133
635 16 308 324
636 16 558 574
637 16 159 175
638 16 434 450
639 16 94 110
640 17 509 526
641 17 237 254
642 17 556 573
643 17 415 432
644 17 286 303
645 17 22 39
646 17 123 140
647 17 276 293
648 17 41 58
649 17 0 17
650 17 262 279
651 17 407 424
652 17 538 555
653 17 405 422
654 17 455 472
655 17 104 121
656 17 258 275
657 17 362 379
658 17 290 307
659 17 200 217
660 17 87 104
661 17 36 53
662 17 72 89
663 17 268 285
664 17 312 329
665 17 546 563
666 17 348 365
667 17 121 138
668 17 542 559
669 17 255 272
670 17 167 184
671 17 69 86
672 17 424 441
673 17 296 313
674 17 289 306
675 17 532 549
676 17 137 154
677 17 535 552
678 17 215 232
679 17 544 561
680 18 107 125
681 18 420 438
682 18 556 574
683 18 413 431
684 18 285 303
685 18 299 317
686 18 452 470
687 18 380 398
688 18 141 159
689 18 160 178
690 18 126 144
691 18 123 141
692 18 390 408
693 18 410 428
694 18 479 497
695 18 142 160
696 18 573 591
697 18 306 324
698 18 362 380
699 18 484 502
700 18 425 443
701 18 223 241
702 18 488 506
703 18 500 518
704 18 513 531
705 18 325 343
706 18 504 522
707 18 61 79
708 18 454 472
709 18 307 325
710 18 146 164
711 18 507 525
712 18 53 71
713 18 220 238
714 18 26 44
715 18 363 381
716 18 482 500
717 18 400 418
718 18 10 28
719 18 539 557
720 19 68 87
721 19 83 102
722 19 404 423
723 19 6 25
724 19 369 388
725 19 42 61
726 19 118 137
727 19 3 22
728 19 276 295
729 19 299 318
730 19 232 251
731 19 144 163
732 19 294 313
733 19 195 214
734 19 107 126
735 19 444 463
736 19 471 490
737 19 338 357
738 19 393 412
739 19 172 191
740 19 431 450
741 19 445 464
742 19 151 170
743 19 458 477
744 19 536 555
745 19 323 342
746 19 132 151
747 19 213 232
748 19 191 210
749 19 454 473
750 19 357 376
751 19 398 417
752 19 437 456
753 19 503 522
754 19 225 244
755 19 200 219
756 19 449 468
757 19 209 228
758 19 50 69
759 19 397 416
760 20 34 54
761 20 239 259
762 20 86 106
763 20 191 211
764 20 372 392
765 20 58 78
766 20 177 197
767 20 238 258
768 20 304 324
769 20 88 108
770 20 524 544
771 20 291 311
772 20 361 381
773 20 421 441
774 20 469 489
775 20 55 75
776 20 528 548
777 20 560 580
778 20 440 460
779 20 465 485
780 20 501 521
781 20 260 280
782 20 487 507
783 20 220 240
784 20 345 365
785 20 272 292
786 20 43 63
787 20 44 64
788 20 53 73
789 20 166 186
790 20 358 378
791 20 3 23
792 20 296 316
793 20 7 27
794 20 143 163
795 20 65 85
796 20 438 458
797 20 227 247
798 20 406 426
799 20 571 591
800 21 226 247
801 21 464 485
802 21 197 218
803 21 347 368
804 21 104 125
805 21 87 108
806 21 326 347
807 21 330 351
808 21 548 569
809 21 466 487
810 21 332 353
811 21 261 282
812 21 29 50
813 21 534 555
814 21 45 66
815 21 194 215
816 21 377 398
817 21 82 103
818 21 214 235
819 21 537 558
820 21 354 375
821 21 192 213
822 21 206 227
823 21 257 278
824 21 308 329
825 21 319 340
826 21 529 550
827 21 393 414
828 21 260 281
829 21 493 514
830 21 352 373
831 21 245 266
832 21 313 334
833 21 565 586
834 21 74 95
835 21 9 30
836 21 471 492
837 21 507 528
838 21 448 469
839 21 48 69
840 22 422 444
841 22 505 527
842 22 471 493
843 22 450 472
844 22 120 142
845 22 87 109
846 22 83 105
847 22 246 268
848 22 101 123
849 22 157 179
850 22 423 445
851 22 218 240
852 22 451 473
853 22 78 100
854 22 437 459
855 22 403 425
856 22 40 62
857 22 184 206
858 22 255 277
859 22 501 523
860 22 225 247
861 22 131 153
862 22 285 307
863 22 360 382
864 22 327 349
865 22 445 467
866 22 109 131
867 22 292 314
868 22 554 576
869 22 206 228
870 22 303 325
871 22 452 474
872 22 526 548
873 22 473 495
874 22 549 571
875 22 267 289
876 22 279 301
877 22 237 259
878 22 16 38
879 22 121 143
880 23 101 124
881 23 176 199
882 23 424 447
883 23 254 277
884 23 223 246
885 23 291 314
886 23 6 29
887 23 548 571
888 23 527 550
889 23 438 461
890 23 50 73
891 23 124 147
892 23 393 416
893 23 279 302
894 23 121 144
895 23 367 390
896 23 235 258
897 23 559 582
898 23 288 311
899 23 226 249
900 23 245 268
901 23 66 89
902 23 530 553
903 23 314 337
904 23 335 358
905 23 239 262
906 23 382 405
907 23 491 514
908 23 293 316
909 23 175 198
910 23 140 163
911 23 15 38
912 23 566 589
913 23 516 539
914 23 375 398
915 23 25 48
916 23 132 155
917 23 405 428
918 23 158 181
919 23 181 204
920 24 522 546
921 24 78 102
922 24 138 162
923 24 211 235
924 24 508 532
925 24 218 242
926 24 240 264
927 24 135 159
928 24 239 263
929 24 393 417
930 24 361 385
931 24 510 534
932 24 110 134
933 24 26 50
934 24 539 563
935 24 367 391
936 24 500 524
937 24 466 490
938 24 316 340
939 24 12 36
940 24 225 249
941 24 166 190
942 24 506 530
943 24 492 516
944 24 559 583
945 24 321 345
946 24 80 104
947 24 265 289
948 24 140 164
949 24 411 435
950 24 195 219
951 24 324 348
952 24 298 322
953 24 60 84
954 24 213 237
955 24 39 63
956 24 322 346
957 24 255 279
958 24 351 375
959 24 451 475
960 25 231 256
961 25 266 291
962 25 352 377
963 25 166 191
964 25 312 337
965 25 17 42
966 25 364 389
967 25 552 577
968 25 59 84
969 25 154 179
970 25 361 386
971 25 22 47
972 25 502 527
973 25 62 87
974 25 25 50
975 25 247 272
976 25 46 71
977 25 12 37
978 25 334 359
979 25 68 93
980 25 63 88
981 25 353 378
982 25 432 457
983 25 139 164
984 25 221 246
985 25 459 484
986 25 445 470
987 25 145 170
988 25 366 391
989 25 319 344
990 25 181 206
991 25 336 361
992 25 418 443
993 25 391 416
994 25 9 34
995 25 419 444
996 25 270 295
997 25 546 571
998 25 544 569
999 25 473 498
1000 26 42 68
1001 26 125 151
1002 26 418 444
1003 26 399 425
1004 26 175 201
1005 26 3 29
1006 26 512 538
1007 26 141 167
1008 26 526 552
1009 26 151 177
1010 26 81 107
1011 26 337 363
1012 26 243 269
1013 26 180 206
1014 26 252 278
1015 26 22 48
1016 26 172 198
1017 26 80 106
1018 26 437 463
1019 26 106 132
1020 26 468 494
1021 26 153 179
1022 26 41 67
1023 26 258 284
1024 26 348 374
1025 26 385 411
1026 26 27 53
1027 26 37 63
1028 26 508 534
1029 26 91 117
1030 26 366 392
1031 26 299 325
1032 26 154 180
1033 26 469 495
1034 26 241 267
1035 26 519 545
1036 26 364 390
1037 26 166 192
1038 26 414 440
1039 26 345 371
1040 27 276 303
1041 27 504 531
1042 27 402 429
1043 27 15 42
1044 27 318 345
1045 27 543 570
1046 27 295 322
1047 27 563 590
1048 27 480 507
1049 27 35 62
1050 27 544 571
1051 27 268 295
1052 27 39 66
1053 27 466 493
1054 27 404 431
1055 27 122 149
1056 27 413 440
1057 27 354 381
1058 27 507 534
1059 27 52 79
1060 27 21 48
1061 27 279 306
1062 27 260 287
1063 27 296 323
1064 27 212 239
1065 27 541 568
1066 27 528 555
1067 27 348 375
1068 27 395 422
1069 27 256 283
1070 27 213 240
1071 27 118 145
1072 27 337 364
1073 27 248 275
1074 27 545 572
1075 27 361 388
1076 27 166 193
1077 27 156 183
1078 27 338 365
1079 27 9 36
1080 28 52 80
1081 28 159 187
1082 28 352 380
1083 28 371 399
1084 28 298 326
1085 28 300 328
1086 28 330 358
1087 28 506 534
1088 28 413 441
1089 28 441 469
1090 28 174 202
1091 28 1 29
1092 28 144 172
1093 28 44 72
1094 28 452 480
1095 28 128 156
1096 28 349 377
1097 28 9 37
1098 28 491 519
1099 28 263 291
1100 28 192 220
1101 28 71 99
1102 28 562 590
1103 28 434 462
1104 28 285 313
1105 28 178 206
1106 28 542 570
1107 28 173 201
1108 28 64 92
1109 28 161 189
1110 28 112 140
1111 28 516 544
1112 28 556 584
1113 28 393 421
1114 28 445 473
1115 28 272 300
1116 28 318 346
1117 28 291 319
1118 28 13 41
1119 28 438 466
1120 29 287 316
1121 29 264 293
1122 29 550 579
1123 29 539 568
1124 29 325 354
1125 29 350 379
1126 29 194 223
1127 29 442 471
1128 29 145 174
1129 29 6 35
1130 29 523 552
1131 29 159 188
1132 29 393 422
1133 29 369 398
1134 29 475 504
1135 29 37 66
1136 29 421 450
1137 29 233 262
1138 29 16 45
1139 29 370 399
1140 29 541 570
1141 29 162 191
1142 29 199 228
1143 29 362 391
1144 29 508 537
1145 29 19 48
1146 29 255 284
1147 29 247 276
1148 29 281 310
1149 29 189 218
1150 29 430 459
1151 29 79 108
1152 29 458 487
1153 29 242 271
1154 29 460 489
1155 29 521 550
1156 29 102 131
1157 29 192 221
1158 29 168 197
1159 29 451 480
1160 30 66 96
1161 30 436 466
1162 30 404 434
1163 30 278 308
1164 30 258 288
1165 30 447 477
1166 30 364 394
1167 30 335 365
1168 30 92 122
1169 30 314 344
1170 30 30 60
1171 30 504 534
1172 30 11 41
1173 30 256 286
1174 30 207 237
1175 30 407 437
1176 30 395 425
1177 30 446 476
1178 30 398 428
1179 30 39 69
1180 30 476 506
1181 30 363 393
1182 30 129 159
1183 30 285 315
1184 30 24 54
1185 30 485 515
1186 30 534 564
1187 30 138 168
1188 30 42 72
1189 30 83 113
1190 30 355 385
1191 30 369 399
1192 30 4 34
1193 30 71 101
1194 30 195 225
1195 30 113 143
1196 30 553 583
1197 30 482 512
1198 30 44 74
1199 30 322 352
1200 31 25 56
1201 31 322 353
1202 31 402 433
1203 31 128 159
1204 31 281 312
1205 31 416 447
1206 31 145 176
1207 31 151 182
1208 31 413 444
1209 31 313 344
1210 31 523 554
1211 31 61 92
1212 31 166 197
1213 31 137 168
1214 31 492 523
1215 31 47 78
1216 31 532 563
1217 31 44 75
1218 31 396 427
1219 31 184 215
1220 31 352 383
1221 31 84 115
1222 31 82 113
1223 31 178 209
1224 31 271 302
1225 31 206 237
1226 31 267 298
1227 31 335 366
1228 31 259 290
1229 31 265 296
1230 31 529 560
1231 31 467 498
1232 31 158 189
1233 31 459 490
1234 31 156 187
1235 31 39 70
1236 31 181 212
1237 31 524 555
1238 31 34 65
1239 31 323 354
1240 32 73 105
1241 32 197 229
1242 32 467 499
1243 32 244 276
1244 32 469 501
1245 32 534 566
1246 32 163 195
1247 32 341 373
1248 32 138 170
1249 32 487 519
1250 32 58 90
1251 32 556 588
1252 32 84 116
1253 32 530 562
1254 32 351 383
1255 32 2 34
1256 32 81 113
1257 32 106 138
1258 32 437 469
1259 32 360 392
1260 32 462 494
1261 32 343 375
1262 32 387 419
1263 32 524 556
1264 32 370 402
1265 32 121 153
1266 32 139 171
1267 32 324 356
1268 32 23 55
1269 32 186 218
1270 32 128 160
1271 32 19 51
1272 32 345 377
1273 32 45 77
1274 32 423 455
1275 32 63 95
1276 32 318 350
1277 32 398 430
1278 32 53 85
1279 32 172 204
1280 33 366 399
1281 33 79 112
1282 33 418 451
1283 33 55 88
1284 33 451 484
1285 33 363 396
1286 33 261 294
1287 33 317 350
1288 33 464 497
1289 33 422 455
1290 33 185 218
1291 33 31 64
1292 33 270 303
1293 33 195 228
1294 33 396 429
1295 33 65 98
1296 33 98 131
1297 33 126 159
1298 33 26 59
1299 33 359 392
1300 33 21 54
1301 33 181 214
1302 33 413 446
1303 33 13 46
1304 33 330 363
1305 33 467 500
1306 33 507 540
1307 33 487 520
1308 33 82 115
1309 33 52 85
1310 33 548 581
1311 33 411 444
1312 33 268 301
1313 33 28 61
1314 33 528 561
1315 33 341 374
1316 33 367 400
1317 33 100 133
1318 33 482 515
1319 33 33 66
1320 34 157 191
1321 34 528 562
1322 34 293 327
1323 34 37 71
1324 34 0 34
1325 34 385 419
1326 34 345 379
1327 34 160 194
1328 34 150 184
1329 34 164 198
1330 34 178 212
1331 34 162 196
1332 34 248 282
1333 34 336 370
1334 34 24 58
1335 34 494 528
1336 34 407 441
1337 34 45 79
1338 34 231 265
1339 34 246 280
1340 34 288 322
1341 34 174 208
1342 34 243 277
1343 34 360 394
1344 34 167 201
1345 34 430 464
1346 34 474 508
1347 34 372 406
1348 34 141 175
1349 34 395 429
1350 34 13 47
1351 34 166 200
1352 34 5 39
1353 34 399 433
1354 34 176 210
1355 34 152 186
1356 34 19 53
1357 34 25 59
1358 34 331 365
1359 34 522 556
1360 35 3 38
1361 35 39 74
1362 35 48 83
1363 35 114 149
1364 35 151 186
1365 35 156 191
1366 35 388 423
1367 35 27 62
1368 35 428 463
1369 35 446 481
1370 35 340 375
1371 35 253 288
1372 35 141 176
1373 35 372 407
1374 35 522 557
1375 35 221 256
1376 35 546 581
1377 35 409 444
1378 35 74 109
1379 35 132 167
1380 35 417 452
1381 35 359 394
1382 35 98 133
1383 35 441 476
1384 35 251 286
1385 35 482 517
1386 35 390 425
1387 35 230 265
1388 35 404 439
1389 35 245 280
1390 35 492 527
1391 35 406 441
1392 35 70 105
1393 35 258 293
1394 35 282 317
1395 35 539 574
1396 35 380 415
1397 35 555 590
1398 35 22 57
1399 35 485 520
1400 36 242 278
1401 36 282 318
1402 36 41 77
1403 36 329 365
1404 36 400 436
1405 36 109 145
1406 36 547 583
1407 36 49 85
1408 36 147 183
1409 36 401 437
1410 36 27 63
1411 36 431 467
1412 36 402 438
1413 36 443 479
1414 36 107 143
1415 36 471 507
1416 36 473 509
1417 36 165 201
1418 36 173 209
1419 36 348 384
1420 36 485 521
1421 36 420 456
1422 36 162 198
1423 36 290 326
1424 36 515 551
1425 36 115 151
1426 36 377 413
1427 36 353 389
1428 36 146 182
1429 36 366 402
1430 36 484 520
1431 36 531 567
1432 36 55 91
1433 36 200 236
1434 36 263 299
1435 36 181 217
1436 36 332 368
1437 36 303 339
1438 36 389 425
1439 36 42 78
1440 37 298 335
1441 37 441 478
1442 37 35 72
1443 37 420 457
1444 37 275 312
1445 37 384 421
1446 37 213 250
1447 37 355 392
1448 37 137 174
1449 37 135 172
1450 37 112 149
1451 37 365 402
1452 37 169 206
1453 37 31 68
1454 37 440 477
1455 37 407 444
1456 37 474 511
1457 37 77 114
1458 37 79 116
1459 37 435 472
1460 37 141 178
1461 37 173 210
1462 37 156 193
1463 37 212 249
1464 37 168 205
1465 37 233 270
1466 37 30 67
1467 37 537 574
1468 37 138 175
1469 37 504 541
1470 37 294 331
1471 37 343 380
1472 37 121 158
1473 37 418 455
1474 37 268 305
1475 37 162 199
1476 37 350 387
1477 37 513 550
1478 37 339 376
1479 37 545 582
1480 38 148 186
1481 38 385 423
1482 38 312 350
1483 38 240 278
1484 38 387 425
1485 38 354 392
1486 38 399 437
1487 38 482 520
1488 38 523 561
1489 38 313 351
1490 38 419 457
1491 38 416 454
1492 38 100 138
1493 38 157 195
1494 38 151 189
1495 38 5 43
1496 38 529 567
1497 38 109 147
1498 38 209 247
1499 38 525 563
1500 38 113 151
1501 38 273 311
1502 38 172 210
1503 38 384 422
1504 38 87 125
1505 38 36 74
1506 38 10 48
1507 38 118 156
1508 38 370 408
1509 38 492 530
1510 38 325 363
1511 38 110 148
1512 38 463 501
1513 38 377 415
1514 38 259 297
1515 38 498 536
1516 38 234 272
1517 38 162 200
1518 38 79 117
1519 38 520 558
1520 39 172 211
1521 39 26 65
1522 39 170 209
1523 39 529 568
1524 39 418 457
1525 39 213 252
1526 39 448 487
1527 39 414 453
1528 39 270 309
1529 39 21 60
1530 39 137 176
1531 39 397 436
1532 39 175 214
1533 39 451 490
1534 39 54 93
1535 39 384 423
1536 39 88 127
1537 39 342 381
1538 39 238 277
1539 39 518 557
1540 39 466 505
1541 39 40 79
1542 39 491 530
1543 39 104 143
1544 39 275 314
1545 39 519 558
1546 39 502 541
1547 39 403 442
1548 39 484 523
1549 39 271 310
1550 39 185 224
1551 39 235 274
1552 39 373 412
1553 39 163 202
1554 39 309 348
1555 39 147 186
1556 39 467 506
1557 39 70 109
1558 39 489 528
1559 39 402 441
1560 40 419 459
1561 40 94 134
1562 40 271 311
1563 40 493 533
1564 40 235 275
1565 40 113 153
1566 40 303 343
1567 40 144 184
1568 40 368 408
1569 40 96 136
1570 40 141 181
1571 40 58 98
1572 40 140 180
1573 40 203 243
1574 40 7 47
1575 40 33 73
1576 40 414 454
1577 40 502 542
1578 40 109 149
1579 40 484 524
1580 40 355 395
1581 40 351 391
1582 40 99 139
1583 40 5 45
1584 40 247 287
1585 40 232 272
1586 40 509 549
1587 40 318 358
1588 40 281 321
1589 40 230 270
1590 40 9 49
1591 40 507 547
1592 40 363 403
1593 40 521 561
1594 40 349 389
1595 40 93 133
1596 40 79 119
1597 40 312 352
1598 40 432 472
1599 40 231 271
1600 41 376 417
1601 41 390 431
1602 41 148 189
1603 41 237 278
1604 41 294 335
1605 41 204 245
1606 41 492 533
1607 41 367 408
1608 41 289 330
1609 41 393 434
1610 41 132 173
1611 41 122 163
1612 41 410 451
1613 41 363 404
1614 41 512 553
1615 41 482 523
1616 41 234 275
1617 41 382 423
1618 41 442 483
1619 41 284 325
1620 41 107 148
1621 41 491 532
1622 41 298 339
1623 41 123 164
1624 41 456 497
1625 41 157 198
1626 41 352 393
1627 41 249 290
1628 41 191 232
1629 41 346 387
1630 41 511 552
1631 41 112 153
1632 41 398 439
1633 41 475 516
1634 41 525 566
1635 41 472 513
1636 41 225 266
1637 41 408 449
1638 41 514 555
1639 41 318 359
1640 42 498 540
1641 42 238 280
1642 42 322 364
1643 42 530 572
1644 42 1 43
1645 42 94 136
1646 42 483 525
1647 42 324 366
1648 42 403 445
1649 42 232 274
1650 42 441 483
1651 42 49 91
1652 42 41 83
1653 42 416 458
1654 42 95 137
1655 42 269 311
1656 42 205 247
1657 42 334 376
1658 42 182 224
1659 42 115 157
1660 42 185 227
1661 42 372 414
1662 42 28 70
1663 42 239 281
1664 42 44 86
1665 42 8 50
1666 42 391 433
1667 42 547 589
1668 42 4 46
1669 42 132 174
1670 42 119 161
1671 42 204 246
1672 42 83 125
1673 42 477 519
1674 42 202 244
1675 42 532 574
1676 42 425 467
1677 42 68 110
1678 42 549 591
1679 42 181 223
1680 43 239 282
1681 43 232 275
1682 43 425 468
1683 43 391 434
1684 43 486 529
1685 43 0 43
1686 43 446 489
1687 43 215 258
1688 43 390 433
1689 43 42 85
1690 43 275 318
1691 43 29 72
1692 43 355 398
1693 43 376 419
1694 43 345 388
1695 43 464 507
1696 43 137 180
1697 43 529 572
1698 43 94 137
1699 43 257 300
1700 43 105 148
1701 43 279 322
1702 43 24 67
1703 43 145 188
1704 43 139 182
1705 43 388 431
1706 43 212 255
1707 43 327 370
1708 43 206 249
1709 43 431 474
1710 43 520 563
1711 43 512 555
1712 43 123 166
1713 43 108 151
1714 43 127 170
1715 43 521 564
1716 43 458 501
1717 43 481 524
1718 43 182 225
1719 43 465 508
1720 44 347 391
1721 44 131 175
1722 44 426 470
1723 44 260 304
1724 44 386 430
1725 44 80 124
1726 44 517 561
1727 44 343 387
1728 44 239 283
1729 44 464 508
1730 44 254 298
1731 44 359 403
1732 44 492 536
1733 44 420 464
1734 44 24 68
1735 44 457 501
1736 44 6 50
1737 44 414 458
1738 44 456 500
1739 44 229 273
1740 44 439 483
1741 44 246 290
1742 44 259 303
1743 44 488 532
1744 44 486 530
1745 44 144 188
1746 44 233 277
1747 44 451 495
1748 44 290 334
1749 44 368 412
1750 44 497 541
1751 44 152 196
1752 44 534 578
1753 44 89 133
1754 44 192 236
1755 44 307 351
1756 44 530 574
1757 44 125 169
1758 44 60 104
1759 44 158 202
1760 45 351 396
1761 45 37 82
1762 45 342 387
1763 45 164 209
1764 45 479 524
1765 45 399 444
1766 45 192 237
1767 45 421 466
1768 45 508 553
1769 45 196 241
1770 45 171 216
1771 45 400 445
1772 45 48 93
1773 45 347 392
1774 45 533 578
1775 45 335 380
1776 45 187 232
1777 45 531 576
1778 45 444 489
1779 45 155 200
1780 45 505 550
1781 45 218 263
1782 45 451 496
1783 45 33 78
1784 45 248 293
1785 45 499 544
1786 45 325 370
1787 45 201 246
1788 45 0 45
1789 45 44 89
1790 45 63 108
1791 45 137 182
1792 45 453 498
1793 45 229 274
1794 45 111 156
1795 45 528 573
1796 45 435 480
1797 45 293 338
1798 45 346 391
1799 45 167 212
1800 46 381 427
1801 46 365 411
1802 46 448 494
1803 46 400 446
1804 46 449 495
1805 46 325 371
1806 46 479 525
1807 46 68 114
1808 46 150 196
1809 46 225 271
1810 46 116 162
1811 46 159 205
1812 46 403 449
1813 46 475 521
1814 46 215 261
1815 46 376 422
1816 46 47 93
1817 46 21 67
1818 46 415 461
1819 46 212 258
1820 46 89 135
1821 46 422 468
1822 46 421 467
1823 46 4 50
1824 46 139 185
1825 46 543 589
1826 46 501 547
1827 46 316 362
1828 46 389 435
1829 46 67 113
1830 46 80 126
1831 46 504 550
1832 46 15 61
1833 46 208 254
1834 46 429 475
1835 46 368 414
1836 46 319 365
1837 46 85 131
1838 46 23 69
1839 46 244 290
1840 47 28 75
1841 47 524 571
1842 47 376 423
1843 47 157 204
1844 47 476 523
1845 47 264 311
1846 47 112 159
1847 47 457 504
1848 47 285 332
1849 47 224 271
1850 47 391 438
1851 47 393 440
1852 47 518 565
1853 47 347 394
1854 47 233 280
1855 47 270 317
1856 47 91 138
1857 47 45 92
1858 47 158 205
1859 47 323 370
1860 47 496 543
1861 47 64 111
1862 47 539 586
1863 47 490 537
1864 47 445 492
1865 47 327 374
1866 47 394 441
1867 47 24 71
1868 47 119 166
1869 47 444 491
1870 47 136 183
1871 47 145 192
1872 47 31 78
1873 47 121 168
1874 47 440 487
1875 47 253 300
1876 47 32 79
1877 47 278 325
1878 47 118 165
1879 47 352 399
1880 48 298 346
1881 48 382 430
1882 48 194 242
1883 48 61 109
1884 48 346 394
1885 48 527 575
1886 48 14 62
1887 48 165 213
1888 48 507 555
1889 48 22 70
1890 48 264 312
1891 48 339 387
1892 48 140 188
1893 48 352 400
1894 48 101 149
1895 48 427 475
1896 48 69 117
1897 48 257 305
1898 48 106 154
1899 48 533 581
1900 48 76 124
1901 48 131 179
1902 48 496 544
1903 48 35 83
1904 48 532 580
1905 48 228 276
1906 48 355 403
1907 48 99 147
1908 48 222 270
1909 48 181 229
1910 48 235 283
1911 48 408 456
1912 48 206 254
1913 48 449 497
1914 48 356 404
1915 48 161 209
1916 48 275 323
1917 48 205 253
1918 48 221 269
1919 48 476 524
1920 49 321 370
1921 49 131 180
1922 49 283 332
1923 49 0 49
1924 49 85 134
1925 49 335 384
1926 49 315 364
1927 49 331 380
1928 49 35 84
1929 49 86 135
1930 49 14 63
1931 49 299 348
1932 49 117 166
1933 49 170 219
1934 49 281 330
1935 49 206 255
1936 49 525 574
1937 49 354 403
1938 49 459 508
1939 49 91 140
1940 49 424 473
1941 49 514 563
1942 49 418 467
1943 49 125 174
1944 49 82 131
1945 49 474 523
1946 49 178 227
1947 49 303 352
1948 49 246 295
1949 49 447 496
1950 49 293 342
1951 49 32 81
1952 49 23 72
1953 49 8 57
1954 49 275 324
1955 49 78 127
1956 49 320 369
1957 49 324 373
1958 49 294 343
1959 49 49 98
1960 50 254 304
1961 50 529 579
1962 50 143 193
1963 50 265 315
1964 50 57 107
1965 50 397 447
1966 50 428 478
1967 50 287 337
1968 50 230 280
1969 50 259 309
1970 50 320 370
1971 50 501 551
1972 50 459 509
1973 50 125 175
1974 50 433 483
1975 50 383 433
1976 50 173 223
1977 50 533 583
1978 50 52 102
1979 50 236 286
1980 50 488 538
1981 50 392 442
1982 50 31 81
1983 50 244 294
1984 50 83 133
1985 50 315 365
1986 50 100 150
1987 50 187 237
1988 50 131 181
1989 50 448 498
1990 50 15 65
1991 50 370 420
1992 50 538 588
1993 50 423 473
1994 50 127 177
1995 50 539 589
1996 50 252 302
1997 50 511 561
1998 50 288 338
1999 50 274 324
