0 1.31436475067137 0.020171735723272907
1 1.183515954077419 0.08477459964476948
2 1.4785678702602856 0.026581181755345806
3 0.7803814726463215 0.04310484127220188
4 1.0686971051295984 0.05852726636485594
5 1.6127006934895014 0.010054714734212319
6 1.9226825098414613 0.06437908870153458
7 0.9542381679248623 0.010723048323914495
8 1.9825057496244098 0.0444307095546439
9 1.6825903011322534 0.019802554914203446
10 1.1073731092511119 0.039200773191673
11 1.6149893420535038 0.004354890129773527
12 0.870880913056226 0.02467529756708651
13 2.1316624439604928 0.0613830031704257
14 1.6032542313430764 0.03870868734394708
15 1.0523594779479115 0.10223827371056772
16 1.5521780298324073 0.06538910087946871
17 0.614270861052533 0.046024958861803765
18 0.9769567103322911 0.12842210297427534
19 1.590462740953691 0.03637687454083619
20 0.7051065446136666 0.0943653300392025
21 1.2931333803836542 0.05048038641724201
22 0.6696925190695883 0.030738785366575743
23 1.8630524243891866 0.053018768156966156
24 0.4586637406249438 0.0437460824727134
25 0.8064259882928421 0.06490072430920574
26 1.8011388109729456 0.03990814064845844
27 1.1950952107641655 0.0170474222981661
28 1.1465353402870773 0.035210017158422355
29 2.9106629508450736 0.17368821947913185
30 1.7881273807725446 0.03182861804317952
31 0.8990500361440356 0.04082039159529544
32 0.805851364926361 0.03462076998109876
33 0.8931302066594793 0.02686112931685605
34 1.6854177373685784 0.058293278074710776
35 1.6120870798834486 0.01157572266942206
36 1.6384401240973343 0.08716720137005503
37 1.3830258771599613 0.07005997103135314
38 1.835592624118514 0.024139675169661385
39 1.8405648203474174 0.022252073622259536
40 1.467733421510456 0.007844338297192926
41 0.6458003109874391 0.05534953245508707
42 1.3864784773332872 0.012653656467764392
43 1.6139703988313554 0.02572327330604413
44 0.7086111178717467 0.07915290213891271
45 1.0538376064937183 0.029117333036035913
46 0.2649633840321985 0.05798272068261062
47 1.3880601045808934 0.06388164450664936
48 2.359310593602963 0.01632670919612322
49 1.0061417445353062 0.03805056308488379
50 1.9880547235827781 0.033734333390078426
51 2.1307327033037287 0.024408504980441975
52 0.6794311367186493 0.034539389588943176
53 1.032692255860347 0.08690357034553621
54 1.0278420563647939 0.021022166325597176
55 2.0811930840002733 0.03201502781448413
56 1.3621457371328396 0.028427852022404842
57 1.2590292888505517 0.047220832837141874
58 1.6441263029149435 0.042389625246157955
59 1.3879008323355746 0.00984225736094142
60 1.6156107878291055 0.034788241859886083
61 1.3190815841330679 0.019435161760299993
62 2.0832707806958477 0.032928593832520246
63 2.003612409659144 0.10914039878059081
64 1.6557339173419843 0.008013984643122186
65 1.8305528381343186 0.0995845499123073
66 1.6307050904293405 0.07202038773017758
67 1.149191337423006 0.016369116976642895
68 1.3103923999335778 0.028391551491776756
69 1.6974279515505237 0.05830288398461505
70 1.2848723059129803 0.04294762512603143
71 1.3179242921582202 0.01715952678466339
72 1.4620708738957526 0.040887517690959385
73 1.9827189883135086 0.03920698902362657
74 0.9398529205131191 0.04480212486241251
75 2.1539201453332604 0.03466253016718289
76 1.935142698564061 0.027970451242017694
77 1.608702318626777 0.008572282129496124
78 1.5395812163034657 0.02031753813277086
79 1.0177077431122608 0.05735490606166067
80 1.1367843298432159 0.030637820255379436
81 1.1202552806091692 0.044598962126512424
82 1.8318977960193952 0.019094435627426534
83 2.3172135917528403 0.048099246987274975
84 2.5778832297020413 0.10799760865945587
85 1.4904749392318848 0.005064143355390607
86 1.4039101485146577 0.010773424197956526
87 1.5216753785993868 0.01145678297461061
88 1.3550130761486687 0.054952656332324455
89 1.4468727468590104 0.05497581208082908
90 1.6004447967138156 0.004852329740762651
91 1.076608093841888 0.05678279671411658
92 0.9374222168609474 0.03988983077213973
93 2.1093378185002987 0.09099108711560776
94 1.4986371038161521 0.016943412049805723
95 1.4211800812294944 0.032546939749160425
96 2.071957876709613 0.02839482385607299
97 1.6522762551795973 0.08306399362163465
98 1.4489576337040693 0.015713411869600194
99 0.7914926617341489 0.030771054520631926
100 1.3057962176769842 0.050016481566578695
101 0.900505508843097 0.07408901718014435
102 1.0134043037114993 0.02109871863878421
103 1.2222540097311487 0.02418008026146838
104 1.4214972507780654 0.0228872772304286
105 1.6278147987094114 0.026046708978740826
106 1.78370723212307 0.04489632798990637
107 1.4999861781180375 0.07710576783804055
108 1.6678952494965853 0.08552328195367605
109 1.709396104728557 0.024698100364756108
110 1.2422151675953954 0.03212376246128202
111 0.9732285001589549 0.017998501105764925
112 0.9195851326878122 0.07446305299181237
113 1.1302863928167926 0.04070795706774327
114 1.0184999065940155 0.023871294974756492
115 1.5283441068297143 0.05104880213825345
116 1.354230815838174 0.03996308339608889
117 0.4547227584562789 0.05875972497980924
118 1.3828010251231597 0.03579928306314775
119 1.7222094816250404 0.0692486860911803
120 2.156940799131955 0.08152689766481389
121 1.0158042036416355 0.022624255674342886
122 1.1120460443437978 0.027010850580830185
123 1.6743452771932519 0.061191880647283786
124 1.381916129644675 0.03270357440844669
125 1.095770467838578 0.04503756425564565
126 0.8031118144165115 0.08219625815020602
127 1.3223036096711656 0.00869668813699841
128 2.1158271278471257 0.014734984471856333
129 1.350484389681865 0.04332607023335261
130 1.254516505717164 0.05695985916146542
131 1.9745156098059398 0.0430154130767912
132 0.5009934843004624 0.035204995550268535
133 1.6174046960406792 0.012340262719340548
134 2.099994981836863 0.06564401527404694
135 1.2579254740430883 0.05891017356282919
136 1.791599663533779 0.008009147049463946
137 1.8442186314256528 0.024808501168380376
138 0.662578975610167 0.028884201679716868
139 1.8803865399647492 0.08385110027425502
140 2.2847560096668267 0.03643492403821638
141 1.307621059539159 0.05512552125503942
142 1.443860665337541 0.06519946495251924
143 1.4811607008743624 0.0648196650586454
144 1.4408486161469294 0.04222877445945051
145 2.874079031399095 0.048680008736743885
146 1.3085373860327671 0.03064367558793176
147 2.466284202735852 0.09180639771802211
148 1.42473276695995 0.022010809155067698
149 2.137279154294892 0.03978533710611848
150 3.0392168405735123 0.058966511832452155
151 4.616339272698418 0.19739973078776865
152 1.5805717757082356 0.010827709872346472
153 1.8309834160476073 0.09817955914079972
154 0.8908371671018895 0.052433833190136156
155 1.351250138204082 0.032550693513703266
156 0.9817392244170934 0.023397390207349846
157 1.2398742141335435 0.031353591639704456
158 2.3195391668840957 0.061535811461613334
159 1.5257902589415873 0.10611453483563936
160 0.879919641074844 0.04315631337574816
161 0.7298502200336564 0.030404693532951138
162 1.8430719327186362 0.03664701522152926
163 2.0293026853869387 0.09989630660344895
164 1.047413053241834 0.012946144116156699
165 1.5508401826556233 0.014390143146559621
166 1.2486748346216094 0.0511718936486136
167 1.9359827855595872 0.014325903413028496
168 1.2563506126760597 0.01040258467535288
169 0.7130031801201154 0.04549697904384844
170 1.628954182158079 0.03813592223481181
171 1.232414726585929 0.01648088510947072
172 2.078168225726918 0.008629700077081975
173 1.4336730299703013 0.016280590440438225
174 1.8095657420758524 0.10937325332225901
175 1.2469011946911077 0.056433424352215406
176 1.4594734983413011 0.02436439462749329
177 2.4661525756326124 0.013919415812703739
178 1.0605579702210848 0.058027761304150265
179 1.2065870842863349 0.019795938995654638
180 1.4324644668963145 0.015379806440281604
181 2.22947028368955 0.030990960229146935
182 2.9051533232733884 0.07475692356688549
183 0.6387238847722744 0.04268225308735593
184 0.8478026960379039 0.048757972876674625
185 1.8420701319799646 0.009206253003095837
186 1.5811208531474081 0.038874241553648194
187 1.4046966357975095 0.028433458515393164
188 1.501111334297079 0.005598734825140363
189 0.6158273236153516 0.05201161883318565
190 1.4339286865343412 0.016755047860087652
191 2.735601007539097 0.02405497473671993
192 2.0161999348418145 0.10258027774800704
193 3.0885009502379246 0.10470389621812586
194 1.607524425958962 0.0335527630723026
195 1.130166852101457 0.06154593336628899
196 2.0777341814277217 0.07365293625857904
197 0.9940073628047458 0.05188300122448164
198 2.396523531164576 0.0088428246622046
199 2.4116715009524 0.05257914405503567
200 0.5426736205132469 0.06048423971958095
201 2.182155001129784 0.016545882769294456
202 1.8582678004999083 0.00632950988349464
203 1.4807949363077988 0.016789797421114024
204 1.3762439090672645 0.07125754671227799
205 1.7855483811492414 0.026324584515425586
206 1.2238711263020683 0.1024271205146896
207 1.4892754042911844 0.041133595776871874
208 1.8006693656300596 0.043353445889311254
209 1.7343013685884876 0.01380071417307504
210 3.3822488298594466 0.11739551050583628
211 2.301763661715189 0.02193012100091438
212 0.9869121872134785 0.041891471321128984
213 1.553203494673111 0.03814870353971178
214 1.8947958910490028 0.07013066609301613
215 1.1415591102198217 0.06445914944424389
216 2.7657846180929964 0.03168833959953636
217 1.745559257650004 0.02859504308887016
218 2.5716026539049466 0.06762075257651404
219 1.2048962859138255 0.024953970350474326
220 1.3491942660527247 0.020327597914168223
221 1.6517076936699457 0.0439231464210843
222 1.6969283727732785 0.028776385014669274
223 1.3076106533187952 0.0449770386394971
224 1.3120689991389982 0.02042662130007707
225 0.927295109018934 0.0497064115674317
226 1.236670076980931 0.04462265244778996
227 1.3872450566941081 0.023010025932346252
228 1.5122423646933585 0.05626877690433305
229 1.5468527431519001 0.06083166872650663
230 1.759773613944961 0.12846944145885295
231 1.538475492551265 0.03472136110515861
232 1.3957320993383653 0.04578049700569505
233 2.9835154414882448 0.14506833517655698
234 1.9909429860818313 0.043478116109654144
235 1.2302975889560839 0.06523739888837109
236 1.7877932109910866 0.04607679189583071
237 1.9765564208268194 0.0849859463763885
238 4.182276159363066 0.18546439601095696
239 0.5765636399384029 0.017102418980257043
240 2.0941192778859534 0.0775955291543284
241 3.2805101205420275 0.10739408079172329
242 0.5961466200334001 0.12299103507557213
243 1.535235013858164 0.013679633372887556
244 1.2949022439459135 0.02342846846954306
245 1.9090845937361653 0.08013999100545853
246 1.6630418968832685 0.008629405861560854
247 2.1209771196003095 0.04377848650610498
248 0.3912519437790637 0.06385041658850389
249 1.3246455547215652 0.04746625213596543
250 2.6155834558951603 0.046649524358981356
251 0.46762773484324255 0.048668848664664734
252 1.2817968842855276 0.010823828091384139
253 3.8737906118962964 0.12747555140335262
254 1.9899230068745364 0.053404097069635253
255 0.9861181721882181 0.018997503189336296
256 2.809032774194691 0.09687267536418591
257 1.9543247996049595 0.027967580952423715
258 1.7342289493860552 0.035141157208285256
259 2.3023031109942034 0.029808777868710085
260 0.9868043147235014 0.03691009320357652
261 1.8546449615620464 0.016233610753804206
262 1.288836553566287 0.0432880572153278
263 1.6208168681458777 0.05332814960183555
264 0.7940880718552736 0.030404739810381543
265 1.1235599563791774 0.059591777969012154
266 1.7840471424270432 0.03424736072730945
267 2.5274038185393093 0.018549289057531282
268 1.103244802669732 0.012793555708251886
269 1.6427646320090716 0.030384387287570074
270 1.6487059078793342 0.05833467208351639
271 2.817250159402758 0.09096121785456267
272 1.338776034598282 0.014946258720685649
273 1.953506752879096 0.049379479426275324
274 1.5670740419861486 0.08648438756445787
275 0.7548413776211079 0.05116755052667969
276 2.119835102536799 0.1127396217552182
277 1.0995310211488045 0.06576632667658941
278 2.2516225841386515 0.04661758236372105
279 1.3830528141745537 0.05416684879093963
280 1.2769240631148269 0.048587992545880594
281 1.0619429519889743 0.05517032150834316
282 1.9147039930734688 0.020776264376868685
283 0.6880990714203891 0.08119728635400991
284 2.595391426727387 0.022820671307266525
285 2.0739588591710527 0.04330889796698425
286 2.538906811491439 0.04394260344141294
287 1.2337347513942392 0.07355695446519261
288 0.5384161716675518 0.08071883986449167
289 1.7894219366441306 0.05179936429068328
290 1.6124557961094383 0.03987101151335317
291 1.5516434791253175 0.06751733201243243
292 1.443045851823717 0.04200261134190116
293 1.3880209478446701 0.014723901300710334
294 1.2843884756636401 0.020744350372837117
295 1.912834216597559 0.04573196185740719
296 1.7733490801238507 0.01846268883722544
297 1.1188912972491674 0.03709508676780795
298 1.7169106191369126 0.016508311061704493
299 1.6840994385613044 0.02382739118615694
300 4.031774255725155 0.0985434484079592
301 1.4646580912430778 0.011968472156374397
302 1.7907930868804927 0.07945227457024141
303 0.5686928837203639 0.013342906525488384
304 1.6455395297785438 0.04034553134916862
305 1.6568619068664847 0.08109636536789211
306 1.1371022777567388 0.03544518373012306
307 2.218991569251305 0.019943541216029547
308 1.3973162853264467 0.04857903162507432
309 1.580702180660698 0.10678096635198767
310 1.338742728411371 0.031072118305867955
311 1.6259697203324595 0.030045112335256984
312 1.9776599930425003 0.011371129319709483
313 2.0219093262166132 0.050279417170962085
314 1.2805071584030758 0.017842248070038022
315 1.751316728413256 0.022208653070315096
316 1.4467724273663805 0.04978397707868438
317 1.6168268578945846 0.04839477966363605
318 0.9449761307329289 0.029183731513678417
319 2.820483402171305 0.04641035145581271
320 0.5398401429728533 0.021393890739491956
321 0.9417373355726705 0.047866948954626586
322 2.1888966482257497 0.06786593888123195
323 1.3635931198528262 0.07135263128700983
324 0.5717164015066484 0.03584543359002664
325 1.9853835736604997 0.10738226975226713
326 1.1032508126770422 0.10530595844009297
327 2.247671906380382 0.05092203873137085
328 0.5095272716291072 0.03843627954629458
329 2.3046171048515673 0.07476670178854043
330 1.4940973137357956 0.0697860946318958
331 1.954600124877478 0.04073205942517379
332 1.8045701463571044 0.05077671234284751
333 0.957805462815459 0.06503955381949149
334 2.685109188738295 0.12287951482334608
335 1.1971178343172233 0.1114540545883202
336 1.4017644361054236 0.04479141562352589
337 1.023744891281566 0.015373433773967512
338 1.516090004077065 0.06403174867248389
339 1.1652537779450283 0.08261135910940816
340 1.9178607547857405 0.03852249307572807
341 1.0368818743391808 0.08306987738017838
342 1.217510371204784 0.04460239413509973
343 0.17526041803280437 0.040511686085419
344 1.0194060989360942 0.09703945703062661
345 1.0618568933216086 0.09692013142371247
346 2.7227448872033437 0.01671331025094837
347 0.8159756030221672 0.04010345342231852
348 0.9692585569498926 0.023244526352053204
349 1.5052914186523842 0.025957825206800084
350 2.013000166194471 0.03846393716201309
351 1.936374768445112 0.05503880307869809
352 1.5779765831533172 0.01356823146955733
353 1.5993303800914604 0.01774514439058115
354 0.5242311623244454 0.079964300010463
355 1.6443470479937705 0.04187757129389455
356 1.1332748871377152 0.0591280429948036
357 1.567982528227684 0.04324600423670911
358 1.595380494057909 0.041796365883765466
359 2.8197424181633637 0.03643832049329929
360 1.0548360347470753 0.024643700546457238
361 1.9612543670092122 0.029582647877119877
362 0.5924154207350298 0.06082099928319238
363 1.5792361220294475 0.1029050896740433
364 1.2972591762523016 0.05198131688423482
365 2.6115543429531813 0.09290396812821122
366 2.731216892812323 0.0464369225897508
367 2.1384097584153516 0.07838368821532098
368 1.6693401229236877 0.014132308733204979
369 1.5455312579918699 0.012528568957210606
370 0.8836681494821487 0.02177337579503909
371 2.068650631067188 0.027981704274164694
372 1.3241428224163427 0.09850702510513971
373 0.8850859369429953 0.022748403843827553
374 1.5223330979414422 0.04038282034956058
375 1.0007655645790792 0.0390805366986726
376 1.1474067040738158 0.016695448387370134
377 1.793990189801696 0.05451163700309913
378 1.9271929470719935 0.020638367548080138
379 1.568997511929947 0.05077002293545698
380 1.5676105182217468 0.03293055720065775
381 1.8743282365539569 0.020350369887602686
382 0.9069758301443576 0.08368458620906853
383 1.0633546008063652 0.052571193981252415
384 1.5116392791630675 0.03888035107899853
385 1.8332471779451829 0.03257630500720942
386 2.2925888119835274 0.03777005780048226
387 2.81827382727082 0.024628149124786367
388 1.2265982109278586 0.013171862411670733
389 2.8887969916262497 0.05158079481567977
390 1.8984262736017636 0.05260490628662116
391 0.6103678689578282 0.04951817616610768
392 1.1901209734785423 0.029281650856623875
393 1.8719362025352602 0.037297487849402046
394 2.338435995309353 0.05578202978630918
395 0.5698143455311923 0.05596126061248981
396 0.40529169514923036 0.02393665564564401
397 3.07420086382824 0.03782036093940338
398 1.5005275635611772 0.01605221285339532
399 0.9535265005109703 0.05341264131917813
400 2.509266482779165 0.024406200209863442
401 1.1099899326068483 0.031022993114826806
402 1.4016502087703115 0.033985906149940126
403 0.5047720233826644 0.05153899139551445
404 1.4230167561633456 0.027452392275813652
405 1.9799235398855657 0.06965553664624344
406 0.7607418090803347 0.058503598579211905
407 2.3497875681022915 0.015925126831151
408 1.2388805200000481 0.012595536114053478
409 1.6756875992873124 0.04310667068870945
410 1.8140768120571364 0.011006958688885786
411 1.3918333551673783 0.009039799781520195
412 1.874842135080062 0.05040171253987025
413 2.34963604111391 0.012842626498863785
414 1.382769056503521 0.09465976488807674
415 0.7223156470172489 0.021175953129383192
416 2.0300074815547062 0.09681273218069875
417 0.9684114393222526 0.015130501995733136
418 0.9285380589121724 0.025530537822204914
419 1.9361005774268853 0.021091621498975408
420 1.6699079768339233 0.028534151952914734
421 1.7352073599751652 0.03516499094978827
422 2.1924065624521374 0.023044703963798152
423 1.6649352920232872 0.02221000613603477
424 1.4900136505224333 0.022630408717461685
425 2.8561033518358863 0.045293766569824846
426 1.2072507373421442 0.08322779241516523
427 2.0841838034375133 0.07419111256313506
428 0.8721022836592726 0.010305356048166764
429 1.939152725201225 0.05139403804529253
430 2.797094278128238 0.03090517083700072
431 1.3732665921767075 0.04994039899982126
432 2.666253953351768 0.07005806230797304
433 1.6159431817541112 0.052234206354347744
434 3.71013575373172 0.04927402926870211
435 1.0104498333214562 0.016400216914766657
436 2.188655550950984 0.06308888914901323
437 1.199059511798741 0.054714663871202364
438 1.2480597007389043 0.04208907143903934
439 2.135475101407426 0.06777609977325463
440 1.5091595256776018 0.06234645944301953
441 1.5078244281543725 0.0245436988430162
442 1.5450150509494864 0.03564943818900216
443 1.6157052952297961 0.07351206987140586
444 1.3785521693585832 0.07092428326985716
445 1.9909081503029245 0.07725837183909413
446 2.98787874798321 0.024283606931658912
447 2.1462141309080986 0.018856871383350463
448 1.3775631766583227 0.04024630551754717
449 1.4808505427024452 0.030778517083793314
450 1.9994892863293343 0.04874074176003378
451 0.5811439519725513 0.0412286405657864
452 1.005040410785613 0.02085583823991281
453 1.7294536748337856 0.03505234234037761
454 2.0059388003288396 0.026644120092364276
455 1.585927282232248 0.014184651829542032
456 2.227893768203367 0.0723540388910413
457 2.317457698480659 0.014613296622823905
458 1.9926813049934953 0.02116742603258113
459 1.1563409588831584 0.08420012315806649
460 2.1958482520860105 0.014733827172667194
461 2.2080554046650036 0.018861495253790724
462 3.033007156183543 0.027980878504839796
463 2.160438301915397 0.11318837293958936
464 1.1430869092988494 0.012588057473726275
465 2.109760285549858 0.07814764304842872
466 0.9702499103602548 0.004148560223530675
467 4.42593302960411 0.10208935670084258
468 2.415582403482407 0.07953883255143218
469 1.0155965328759338 0.03665822716922448
470 1.9994535351490321 0.04972102633545576
471 1.7026666554539447 0.01325813884688314
472 2.5485706370792167 0.07366970796618544
473 1.61600649984304 0.013744798776638157
474 0.9207514204970897 0.03877868696600102
475 1.0175636356363504 0.017201063804141686
476 1.0738822790251104 0.034680774452155214
477 1.6377568811905827 0.0418002135430148
478 1.0742766889315578 0.04949698817718981
479 0.888798399364047 0.04272369731704726
480 1.3651907177647011 0.017791820219018283
481 1.2200766822239568 0.02980364624594496
482 3.2479804582107485 0.05388243877074844
483 1.9204228308712483 0.030161710174729846
484 0.8825425100645682 0.0696561374523021
485 1.4293321775480483 0.05967101827489656
486 2.413170302941557 0.0589482680659522
487 1.9883376104347787 0.026942733100015735
488 2.5263051131027217 0.035762806253178514
489 1.8894800619375542 0.095648546377585
490 1.8559772335057716 0.023630284809430063
491 3.226580646860354 0.03087625012048034
492 2.6049509317075947 0.03733385701741288
493 2.83938629360561 0.018401365424369154
494 1.4459886724004554 0.020939361217373123
495 1.1171246152551844 0.016542084238619435
496 0.5044844816323607 0.07159552092505946
497 1.1094023384002196 0.06994487984380537
498 1.6478284731339252 0.057824351271181434
499 1.7536781394820296 0.04142584865278702
500 0.5642397081038103 0.031183615251150522
501 0.814078110766297 0.009895316949507824
502 1.3356697622895852 0.05323848950257209
503 1.4474598090821842 0.02932487392035087
504 1.6888495658859566 0.04206004284938978
505 1.9609744526212038 0.10305379352275733
506 0.9008650506237176 0.01620298671662708
507 0.8873893070223484 0.031275375344839366
508 1.9253686525291678 0.11287217091003995
509 2.006438416467886 0.05610929149686233
510 1.5969286619092835 0.011058235106524516
511 2.0887584425180634 0.05994527554794083
512 1.4641467440319902 0.019272258372184076
513 1.9417205176539263 0.01538597072933237
514 2.4411652732052724 0.028229838355379972
515 1.0128628322578028 0.022068137485555882
516 0.35623141818126386 0.029656069944913883
517 1.1223458714336105 0.05691563535784633
518 2.6618657665498184 0.03267856553774532
519 1.562599700220682 0.0599766144590094
520 1.017508125514862 0.06167133983880585
521 3.3436321050914257 0.03939553309205412
522 0.4044801348406821 0.0448489255077489
523 2.7035111179893536 0.03207677462072472
524 1.8761012245794804 0.12006827152819398
525 1.1674705375511139 0.017654076387188456
526 1.355808032941806 0.025260159420339316
527 2.97151860447933 0.029383929138668486
528 4.794633288887191 0.09289435425190933
529 3.348310459641642 0.05013544019250974
530 2.7141614203259485 0.09198678771552045
531 1.6459222610812916 0.03730080166578555
532 0.5527686087191893 0.028456289580138357
533 1.4909336745997872 0.067271064858514
534 1.1037892889511902 0.08862132971347227
535 1.1427796334997935 0.022681404427343423
536 1.018571931710698 0.05763033743914087
537 0.7217545312401065 0.016012295499404864
538 0.5353557129507286 0.05013460428443062
539 1.215042130516161 0.06220824993388555
540 1.0059735558493876 0.04440991224945956
541 1.0750444081543111 0.053630553643166906
542 2.268296416531544 0.031767972824560786
543 1.485186415313602 0.0418961825485032
544 0.5241658686826666 0.07684940775719598
545 0.8962339950711827 0.06992407823062634
546 1.0497281520498094 0.028675419838971743
547 1.8725950387691335 0.050841580347679806
548 2.0629714430970525 0.03156127666063096
549 2.858325530678339 0.04755366685023374
550 4.369628208468339 0.05853602341858687
551 1.5448886703755214 0.10849919189128635
552 2.2160965574551645 0.017266538240872167
553 0.751193921999139 0.047418078772097916
554 1.2170861347297637 0.04329500869496652
555 0.9707118098695944 0.048757729923642794
556 2.3416211935814712 0.01612887552911482
557 1.755752070536261 0.07730593727379773
558 0.9322856972706073 0.01927324785817199
559 1.3666167240507827 0.04200066393357777
560 1.1315165718913631 0.04117126447604048
561 1.5507852954075034 0.01060063868667057
562 1.3067187675926277 0.05490491213978219
563 2.446855383624866 0.042522412109638995
564 1.713984227199173 0.04032805423277491
565 1.457178134597732 0.030387523120390045
566 1.8247284948619362 0.011986350932191718
567 2.1908147955940853 0.06580912009879188
568 1.012442109612941 0.04778768819657944
569 0.6355808991475261 0.03193574066594542
570 1.5140359654908528 0.01996869279464107
571 1.417339060031271 0.039706819010208505
572 1.4544840843199673 0.035385504501263404
573 2.0763039116173663 0.02417319913696509
574 0.9463527756897707 0.043943616139033026
575 0.4699781138637954 0.08641912455010717
576 1.8571844667582185 0.020513343805537345
577 0.5752878797527706 0.022043746222382244
578 2.016742319731638 0.0287820269257297
579 0.6088935352312617 0.1195540086672232
580 2.4222077306602787 0.02783144711480397
581 1.1306755903221086 0.09069876787569371
582 0.6135757949401892 0.045348442774806964
583 2.6508009393516434 0.1059812906817304
584 0.857512985315774 0.02455184732531702
585 0.7312407113526832 0.030668768780787736
586 1.1569992489646514 0.020787952833882285
587 1.359061271949178 0.019897099635579965
588 0.5941288271998418 0.09611686945475315
589 0.9145707147187294 0.0202527467502504
590 1.5524066531561636 0.022814780499895104
591 2.1802956087483003 0.032257063530272585
592 0.6553705910616188 0.07139467417616902
593 3.077464172548853 0.009020201594420834
594 0.4039614951359664 0.04487237403370798
595 1.3397362150633774 0.06892127696234712
596 1.590581156180561 0.014006473461505908
597 2.5291117491541337 0.07005686239454603
598 2.271167009339979 0.0603242772498964
599 1.5155509646995011 0.05712240015794224
600 1.2108227207934892 0.0251989120189372
601 1.0781289207445064 0.03701901734723747
602 0.8881545603031488 0.04877243627782524
603 0.7182606045014466 0.02372430869418083
604 1.5822049884410938 0.004084124953052591
605 1.1160743539561024 0.020754563461966413
606 2.2265474983022635 0.017008749570249903
607 1.1407449974715762 0.09266853284153974
608 1.1417397519107009 0.06117940101537238
609 1.4674998428064947 0.014098061510868825
610 1.9969944903796435 0.06550267531810224
611 1.3092917522397793 0.030904092672346842
612 1.0872236194842684 0.015280801085828776
613 1.540441105570442 0.05043076972450729
614 0.6096258065113974 0.040042307097756774
615 1.275416441618384 0.030396426774578975
616 0.8639264891289622 0.01828089390136192
617 0.3098089291236671 0.022415964239561693
618 1.92375211084389 0.02915977692684257
619 2.512471579394062 0.014169311539538211
620 1.4123136131757514 0.030923688363555434
621 2.531807377122059 0.05430738201138594
622 1.2811732527357975 0.020476079337339418
623 0.7942329508874014 0.08818039981154871
624 1.6330560270090515 0.03503758920246497
625 1.8151586464478595 0.008526813044007668
626 1.2269362014398246 0.09406199068416335
627 2.8423246814104646 0.04530264507031934
628 0.8520541640999296 0.016607766285801392
629 2.182625922724751 0.04381292832446605
630 1.5599318211298092 0.018784114909333495
631 1.0153703122898057 0.05731183996435263
632 1.4914594669880212 0.03422793961443711
633 1.0862252768381835 0.022525323346020004
634 1.3624275871303184 0.022907005239998394
635 1.1850273840130061 0.029479765075161056
636 1.0870760758881193 0.011301062940311258
637 2.1812171976034858 0.02125426201894957
638 0.7500868763843168 0.0121215642660067
639 1.8158867949733883 0.028715812310874105
640 1.7822371542897588 0.06504464826056072
641 1.4096445336621881 0.014451535986090839
642 1.4727912877186073 0.021567204177077106
643 1.8382863402762228 0.032442603939929475
644 2.204628505956571 0.051032834646343415
645 2.457268760905639 0.040504741297447584
646 0.7378107786987952 0.03307071294081225
647 2.9564841317237676 0.015131217155204527
648 2.813489117052092 0.06214026452708054
649 1.275313809468612 0.04162664259384453
650 4.662870222666591 0.059167415003092354
651 1.3627042624993226 0.05258949502109271
652 1.5980479998797557 0.013837869843304148
653 1.8327976657556206 0.03422210547619816
654 0.7289884262732301 0.04852447645374523
655 2.399077546829052 0.047811925184274524
656 4.034853455879898 0.029220574612588306
657 1.9834747084238347 0.0138986258971292
658 1.8895573596144648 0.05641253215934898
659 2.0687002230881784 0.025674154727825218
660 1.2967772899938002 0.05926048936437864
661 3.2687006278031405 0.030598132779697158
662 1.343681769427332 0.09441552472400071
663 3.2905826162251364 0.053173407190937945
664 1.71545647798153 0.04115453215441345
665 1.865525522472188 0.045768831757564986
666 2.1988863104797756 0.05625601714322432
667 1.2390921268343444 0.023509844172232404
668 1.8845662491718298 0.012377603167331708
669 3.5424857782131687 0.025248614116621257
670 1.811247137812007 0.03337472104156107
671 1.9138600135684851 0.11172484938129887
672 1.9720193677106004 0.04053488984115409
673 1.4400174722065502 0.08378902407138561
674 1.4002533337801482 0.05236102104729441
675 1.3307324567981036 0.02451562209532178
676 1.3147413646643538 0.12199273067829511
677 1.3847618487605964 0.01962590103411573
678 1.3009016004667306 0.036300029676488293
679 1.420152799550253 0.029477582856311912
680 1.4018057487614373 0.02807150507771124
681 2.0206687126342153 0.03691277724246696
682 1.3752255240723115 0.011528667981682183
683 2.675075176887616 0.045716305914087874
684 2.170945688390536 0.07433752666972607
685 1.0765302776675052 0.029239184218090197
686 0.34942734984561363 0.058451124516551344
687 1.233103656398919 0.02714438616511973
688 1.8791756592026954 0.151140435408926
689 2.0398169504683947 0.028356505428385602
690 0.6444595738080876 0.04331479818041264
691 0.793046966779778 0.04874573553076128
692 2.451338469313905 0.03782822129337573
693 1.9926815218429723 0.040840042781559206
694 2.6142291573088445 0.05257879112526065
695 0.31701965093663753 0.0788142224007344
696 0.6430562696850111 0.02500089609564459
697 0.8483151082549109 0.04192985286832531
698 1.7579798681556131 0.006508142268866788
699 2.535253841475794 0.019794565133342407
700 1.1211417966772 0.01825982418977694
701 1.14454491710929 0.028520178908856303
702 2.3124640422806166 0.0226907273117152
703 2.3259575323008264 0.06613877724040064
704 1.709164767692111 0.05656366034558271
705 0.9479742788696918 0.027904178182873978
706 2.1074506484565685 0.07238628947126145
707 2.661874353978665 0.07686881735222695
708 0.9124779736091193 0.048561959730756735
709 1.1526349122324542 0.03236243770069991
710 1.2554669264455418 0.09707885845865005
711 1.9941937246331292 0.08610100226373694
712 2.5837430485208253 0.04313982186293287
713 0.9234114174471106 0.05223383397412301
714 3.071195859273783 0.03218502142041419
715 1.6889197328935994 0.035364311043746925
716 2.1190259882310603 0.01641212762159039
717 1.4200601139215032 0.07082915542383822
718 2.0362082629472447 0.026460330341190108
719 0.5939966028141166 0.03451120245850117
720 4.364204726048417 0.12911316989330773
721 0.7737082160288321 0.07092942889909774
722 1.9032585726206994 0.05275733067007573
723 1.0936728195196475 0.05273607553587826
724 1.7443977862350677 0.03464850254427168
725 2.608867787623002 0.044933901867824484
726 1.347733074023385 0.059508907171468055
727 1.342883055492836 0.06042116819187552
728 2.9212367995951194 0.024315739435587885
729 0.9974523361401071 0.017632790529036598
730 1.2478266477361073 0.05205714708541643
731 0.9309020462714798 0.06944762148515439
732 0.9744718889815965 0.10630875000807496
733 1.8026529209573054 0.06930677731872562
734 1.6442192663069508 0.03748125855302495
735 1.326352186329213 0.03617755183890736
736 2.616394674008685 0.02464742417131774
737 2.1102002980923222 0.06708765263833585
738 1.300818079112405 0.030898253591899946
739 1.5563734023568405 0.030260373836600747
740 0.779698688763424 0.019091070650103462
741 1.4610065576451114 0.0234425764470222
742 0.9644264918655309 0.056301603241047105
743 1.4581419549719237 0.009801331721777598
744 1.5641206646849426 0.013573706271869442
745 1.6006513358536638 0.026115887895170144
746 1.267821319005715 0.04207088636251724
747 0.8948079963581282 0.018063470762399527
748 1.1189355707129536 0.09335824215560294
749 1.1562107746567363 0.03712081833909118
750 3.108603615664208 0.05067188288968832
751 1.9407869248367016 0.02987406579065058
752 0.5179459597135354 0.023955581841878074
753 2.326082978317741 0.07709984726304075
754 0.5751765294172212 0.051913207094142
755 2.449268101672403 0.034917258939040074
756 1.392138256290056 0.0941593144813149
757 0.9532418320092283 0.019809636130587765
758 2.859483442401752 0.05582069080039254
759 1.6992932464523476 0.029073208506682397
760 2.617060895260692 0.028856228933081783
761 1.2036469108066559 0.03653096505178537
762 1.4272212631531729 0.08160931638078414
763 2.178445198739777 0.053641457368590766
764 1.4587600103835494 0.036582171754387965
765 3.175111366417027 0.07300001916125022
766 1.4873514971389319 0.012645687158109403
767 0.6953227490630627 0.01862157560809125
768 0.9142537626596942 0.041966867445733774
769 1.0382749308008394 0.1117518901526936
770 1.6163501560166464 0.035382866250751134
771 1.2860638720846853 0.06972131563988829
772 1.6027352210307557 0.024613012677863956
773 1.953031049781365 0.03160292152575439
774 2.5008486220284243 0.015847300950947083
775 2.54977086293597 0.04893450688074562
776 0.9775482843790998 0.030268067450506725
777 1.5276849501459162 0.029443036803564453
778 0.9149184127224337 0.055376543856112154
779 1.2719821033178544 0.012291724230143273
780 2.2699654350303877 0.07149511478176557
781 4.88863180276693 0.04850401483517777
782 2.3167043494578037 0.029387197660276247
783 1.3349837703849035 0.0583391869174181
784 1.8297739304922673 0.05590622657797338
785 4.10528782670724 0.06611574285007403
786 2.273229802152039 0.027809588752904783
787 2.4705284783731076 0.03181942181155371
788 2.904961514255242 0.06154011489949406
789 1.7901508368295895 0.05151206857089749
790 2.895331510736137 0.060712105959691405
791 1.1091686919756876 0.06592570362206314
792 1.0430113733544848 0.045551208074877225
793 1.636154455578861 0.02528462418276046
794 1.4636278699978036 0.040648806750205456
795 1.2679154922862996 0.08480463516143699
796 0.5067892704420667 0.04081824586295483
797 1.5759834328062017 0.017934981082435256
798 1.6447694121491034 0.02602133654830561
799 1.298952914856534 0.025891048059700713
800 1.3718385579458714 0.04559340886965689
801 0.905952508748756 0.035204388825413505
802 1.7469709077657531 0.039888304485708605
803 3.6544275398850536 0.08948301891028829
804 2.073411020493397 0.038067335037846345
805 1.7272104971392914 0.08431499485628105
806 1.2765419709671253 0.07963805447296946
807 1.2013081059815776 0.025518391040873386
808 2.6837991591326773 0.04995942576230932
809 1.9180700376071966 0.02372855432601295
810 1.0973272798843723 0.05798825212450007
811 4.226892970928788 0.03141408819811873
812 3.1062824363670725 0.012129728150991979
813 1.6089824566081186 0.015993519175784437
814 2.579490344518551 0.03647604270668434
815 1.7602694948069766 0.04082553967254389
816 0.9010832264328166 0.04896434414942101
817 1.318904080615345 0.06107181013655266
818 1.117565981101878 0.017215341278160358
819 1.7673662328793185 0.023417540430349378
820 4.220194511213259 0.08155885663027175
821 2.805698041053376 0.08394783433829953
822 1.709113442433912 0.023108174106274488
823 4.961470098818198 0.04103625277417403
824 1.6105327980099347 0.04930071265365219
825 1.5208314253549282 0.033458927172385224
826 1.0526810227953598 0.02922372581222998
827 1.389869895114818 0.03849309816573057
828 4.857293436917623 0.04762119284112927
829 2.995403683854409 0.05626583739460942
830 2.85570138943835 0.06584035187115098
831 2.032079657935854 0.029101422503083625
832 1.4417484364564028 0.059631980292710544
833 0.6793905835558597 0.015644606554891912
834 1.914715153251736 0.07989212657833988
835 1.9106796066356084 0.012716690258917985
836 2.760930478706975 0.025133251449871746
837 1.766344841687488 0.07885574761936502
838 0.36620039136091476 0.07757021291783243
839 2.271622963946586 0.04064145705859295
840 1.266942539710824 0.02702869572817812
841 2.007182342133915 0.07993140969296533
842 2.8858416939089375 0.01620255578256328
843 0.9228376298160993 0.05245136052969
844 1.0085227316557495 0.014571306056835577
845 0.6339933843647736 0.08827602470883017
846 1.6204760978201769 0.0995768781191674
847 2.1737031568933904 0.03878705591492136
848 2.0496602124876433 0.041812909191709526
849 1.3549080104152689 0.02313151085628505
850 1.1664148223120183 0.03858735072382752
851 1.4444986834339633 0.028434497280887525
852 1.1592558340917012 0.05215939498570086
853 1.534680038740361 0.07176244623476112
854 0.3405220863351022 0.016123895772913024
855 1.7879931050771987 0.06635650437663375
856 2.6578893151936787 0.028389162390122687
857 1.7079655703613523 0.0925630672970612
858 4.758482804251812 0.010470658811715756
859 2.1447120426252706 0.07194088664138396
860 1.9351247657009742 0.06951785561653614
861 1.8547737919718892 0.05327282010380089
862 2.166290178740634 0.09854080211904613
863 1.7933510492874867 0.0638805558208708
864 1.543407363455507 0.047480436513237474
865 0.6887472034595747 0.0494158399180245
866 1.0697050457167958 0.027255618448627037
867 0.80968883511609 0.09666575892443385
868 1.6481752652262895 0.017055497269888933
869 1.7075435031993311 0.02494477763755896
870 1.0112598984347207 0.024653558830856338
871 1.129097731347884 0.027425383156732982
872 1.0210440049313874 0.0371160469380947
873 2.5797694629345016 0.007299890378542865
874 2.4857974623086614 0.06522049835433028
875 3.8541806117462234 0.07494260753935174
876 3.2310434662698717 0.03096534558999561
877 1.4294175756864842 0.0438201233885291
878 2.971632085774855 0.04536829631464883
879 0.6963838845023275 0.033424674404554496
880 2.0276897633205135 0.04994658870027085
881 1.2950448081971313 0.03615738685713023
882 1.7586824499831366 0.05780736779608098
883 4.9399822084756 0.017361933045835828
884 1.4129512785446563 0.033837992980337746
885 1.7468247928038696 0.12411527690779725
886 1.6172911605636955 0.01712801145240933
887 2.213877073797161 0.05548485026219962
888 2.0582085121922575 0.024499384238485324
889 0.33949926125070945 0.03657355669462201
890 2.52768008619116 0.04659079735066582
891 1.0664226127693424 0.047449718284622626
892 1.4336087353284193 0.02902899344366268
893 3.1276417423034872 0.029571346659009977
894 0.665437530237937 0.03958015268237091
895 1.21767979931817 0.008837899934036534
896 1.2543959539147314 0.0068042836466092466
897 1.3266236215799372 0.009630873476391917
898 0.9775058624804729 0.06960433460212405
899 1.2926996799354888 0.042727282089089005
900 1.855681323094919 0.031400370789132534
901 2.769997376980044 0.11319728831841026
902 2.048069787989851 0.011280901509131637
903 1.6652739442319928 0.024307493570092317
904 2.734087836280162 0.09927316235067435
905 1.2385212511522603 0.01030919373075147
906 1.682974862774366 0.057751274513907935
907 3.058878141221459 0.06374914471132831
908 1.1606139803661477 0.071287048593917
909 1.4824695156718435 0.01951271414639689
910 1.097116517415294 0.13258653419350802
911 2.766981243596756 0.040561192781910275
912 0.9423462442629197 0.015941660295726072
913 2.0449976780415233 0.04406288476053751
914 0.7193783181418798 0.03471583284774356
915 3.86501263010633 0.047568802934248575
916 1.1693012590362042 0.04648745847308348
917 2.045870117815202 0.02122260633555678
918 1.8949504322508 0.03401085328114304
919 2.193835739346372 0.06251147131216199
920 2.2306683844166444 0.030618023101580627
921 1.7175947054431386 0.08780633138745453
922 1.556866376784348 0.13886890554471581
923 1.1419253802617206 0.014233433633994196
924 1.681206649238778 0.07020677774958099
925 1.289644999944082 0.0367309176239084
926 1.8730714604231722 0.024658115188463326
927 1.893211419141629 0.14252404892076628
928 1.3762100109276696 0.014703415177733698
929 1.4372468505372604 0.03238075165384001
930 1.5456858777222366 0.06792451385021016
931 1.668473579019791 0.07637190071148006
932 1.4448762692897963 0.04727957968881662
933 3.5047376556596364 0.026521265355529112
934 1.8879578569051445 0.034437299885893155
935 1.2848412416257395 0.011290165321677563
936 2.5585130950870867 0.08077126404041626
937 1.7572717750539582 0.017305849905183135
938 1.2573039332573392 0.06282168600693386
939 2.7657220576828974 0.05344877438930299
940 1.1148423328393862 0.051608663899998714
941 1.3590810787609986 0.033519575166408314
942 1.5936837850638288 0.08037758346104745
943 3.113201347080359 0.04151402485087051
944 1.0575569923772952 0.009219729864720283
945 1.7707728188514642 0.07658396232866711
946 0.9241519009713167 0.0613869103494574
947 3.485384335373728 0.06903234638281319
948 1.3780603743625548 0.13671428754959625
949 2.316111112442819 0.037574700222854245
950 1.924141343735579 0.04956206028019205
951 1.0914170437936406 0.03258106402730886
952 0.5808781973536444 0.051294567406366794
953 2.8387432846163807 0.08416665299684481
954 0.7427236876970882 0.014444707093978442
955 2.9332248567114667 0.02876685016234449
956 1.9943049029842561 0.09262576058245146
957 5.689958528821226 0.02273164724507393
958 3.053118887225942 0.08501953612380336
959 1.802716329579332 0.01836373517065684
960 1.1571551526603825 0.031410427898598006
961 5.300161171565736 0.042669501487108394
962 2.5860573190674567 0.08117663511716731
963 0.5474641062328046 0.05226448115914977
964 1.3582567264425451 0.02101261843319966
965 3.3100416382886446 0.06814446047688687
966 1.9319021187590486 0.0303081801312843
967 2.5063500697456584 0.05889353285945641
968 2.8852518757300136 0.0772905565587998
969 1.6473474625504463 0.05831569836043017
970 1.3848387298902523 0.07649392882141907
971 3.723519655136777 0.049992883164826855
972 2.478279632635168 0.08594188473232606
973 3.252667304409543 0.0997602141082643
974 3.5686030292138753 0.033099880981221234
975 3.3154989291276875 0.025417867984018832
976 2.721415858057471 0.042133112525150035
977 2.6497789826684555 0.051453691301304214
978 3.332337402718737 0.13520512538246535
979 3.110411085531344 0.09220264148079518
980 1.3571857488193688 0.07443762958061122
981 4.485500312378634 0.09098396082807444
982 0.5285180720667658 0.011616608050009657
983 0.7406611604903128 0.08831306862843559
984 1.4113565316163952 0.03223679322424503
985 0.949835604121478 0.022808383216994955
986 0.5597498016229461 0.042795205739690936
987 0.8036781299060819 0.053335487663774744
988 1.2033076470512258 0.017720650011697047
989 1.3417424579182216 0.05653163364817908
990 1.5180932908823055 0.05173169595782193
991 3.327284970396965 0.10732951607404068
992 1.7675061934288174 0.04984373668384214
993 2.0010280544932044 0.015546419000700928
994 2.576679507084926 0.03767958646059178
995 1.5843227978071939 0.04335615648657093
996 4.589906009789725 0.04843574551126867
997 1.8886394322939126 0.04961791643425308
998 2.1121642196505 0.03732958611398889
999 2.6969655217070057 0.01007618147245558
1000 2.809726452567107 0.04767666815330441
1001 1.0214791846207594 0.045524267708324816
1002 1.817123089456241 0.057746674798103886
1003 2.1447970791735727 0.036497335523788074
1004 1.736409803652768 0.026341735089674956
1005 1.0261959737789903 0.02289254029999201
1006 1.3557490738620008 0.07547691762844227
1007 0.7833212775161759 0.0659751698650633
1008 1.359437354922404 0.04177349521821969
1009 1.7610115805645585 0.07527355641799523
1010 2.7056187581642623 0.10361718169066365
1011 3.100822207772443 0.08213897088328266
1012 2.33210673382519 0.03925237260748044
1013 1.7583823528949447 0.04639903442188744
1014 5.132927415839229 0.029259303882269706
1015 4.076198558738743 0.058519513821668714
1016 2.1607091083632595 0.02499505309655455
1017 0.9261252327215043 0.06584363420614725
1018 0.6971808631123674 0.03052068996774042
1019 2.1076918535035474 0.0469298691472021
1020 3.2717185336656174 0.02318729408078704
1021 1.6199283322990146 0.06362253879921619
1022 2.6921489023031038 0.05332008382504535
1023 5.7942732913683885 0.021214081662304745
1024 3.1507063780621296 0.10312733432686415
1025 1.7398268306911004 0.03590745628974868
1026 3.7292294855669925 0.02780030293550323
1027 2.7916289529835403 0.024841875736481292
1028 1.8796786837552701 0.07907670800787443
1029 1.3602995459027432 0.04620439988646931
1030 1.7912334486470707 0.02592354094861217
1031 1.2253491567368882 0.02193306836776396
1032 2.4312224394578053 0.058360407370004426
1033 3.229123966987534 0.0144603313202934
1034 2.4664555659683023 0.02764215838810976
1035 2.039431989196254 0.048411693705207225
1036 1.6975736570934137 0.02299873132927855
1037 0.5123621925717093 0.04495407338650953
1038 1.604851702573302 0.025907346086751784
1039 2.8217830715543126 0.08225098122647076
1040 2.7015418295089715 0.03281653180900576
1041 1.6250491686789517 0.09081784348305294
1042 3.0654341429599437 0.049388747216296325
1043 3.204608986169405 0.05503865560592689
1044 1.511588216581656 0.07214782409025898
1045 2.043290970265621 0.030524467433241668
1046 0.7126304614155956 0.04073206214464939
1047 0.7637174350700375 0.011904766505429583
1048 3.365214219930537 0.0530415063052406
1049 2.557560860940164 0.020106416524173335
1050 1.1172044118079394 0.03963056884701077
1051 4.313542541365072 0.06913367473053023
1052 3.2933036349743743 0.04503581682647215
1053 2.1196886217649875 0.01978534493466795
1054 2.088647436763409 0.021777039130640764
1055 0.2859311220305229 0.05090407870873114
1056 1.8723918979274248 0.02139893388695501
1057 3.533361010370949 0.06809408718586761
1058 1.7420620185974922 0.08260386593945622
1059 2.5733730020186556 0.06134519995824904
1060 4.440926959115668 0.06459828156735938
1061 2.824987027572446 0.05157282463474858
1062 4.632353252769831 0.0660135682535903
1063 0.8225843686587685 0.05230977686640826
1064 1.4053721376213917 0.014413229762551551
1065 1.9359642717600376 0.028038190346102252
1066 2.080233015093281 0.021560716663917685
1067 3.1803878337331226 0.09716195548715852
1068 1.8074060104542837 0.021655175227109424
1069 5.282692083244901 0.011224774339623938
1070 1.3489222899437023 0.011440670617362704
1071 0.9335688866862697 0.05116892294661974
1072 2.986560369608885 0.08221564796676602
1073 4.094876584761277 0.02255900240865267
1074 1.8272618710538304 0.025633039789387902
1075 1.5190167258550022 0.05725816808108176
1076 0.8192642152185319 0.04782846452988745
1077 4.261432923443843 0.14878770993342613
1078 2.8786077964568055 0.0854648163318221
1079 2.126665592515677 0.04024040160450807
1080 3.122041797835722 0.07576029497808288
1081 2.4155464957108035 0.02185530495361289
1082 2.592557708301942 0.08107499988116287
1083 1.2709098963642416 0.014828906264541359
1084 1.6994558698505469 0.043375633766523335
1085 1.8321192337884935 0.0557047865830488
1086 2.2253382930184933 0.08860518046735667
1087 1.6241166417018948 0.08891967132143895
1088 2.44374466071458 0.038653128600425524
1089 1.0144856031651588 0.09267621899207953
1090 2.711886991402668 0.020545546886949043
1091 1.6242900447998825 0.008739477944244364
1092 1.0338583562560801 0.07249439460918349
1093 3.536347067255564 0.06689561441901629
1094 1.2672939071136353 0.04132455452398621
1095 0.7875334251662817 0.07299116690435026
1096 2.2274628963181584 0.1043114659572594
1097 1.9530437196737127 0.041951501251868695
1098 3.3234478013489075 0.07235839391309244
1099 4.919872479055919 0.04939936005653687
1100 1.3965093677124643 0.03977693590339911
1101 3.616119795029161 0.12112399419220965
1102 0.6867423960956747 0.015508033361449191
1103 0.31659951979766204 0.030224977283112988
1104 0.8986389287782078 0.10726728860589584
1105 1.498372425947937 0.0335908529984994
1106 2.1665021276440215 0.02218142474175534
1107 1.8902427120285399 0.026224355652923952
1108 3.1837296275306217 0.1025711575410753
1109 1.751248591825514 0.01835168431401792
1110 0.9169842047704477 0.04845337923507485
1111 2.3800418514176784 0.05115160913169334
1112 1.1166393403000248 0.014592869280538559
1113 1.4151720029607344 0.01906680970464392
1114 0.9525296372087297 0.046102167387113036
1115 3.6034050084321265 0.06302814676109361
1116 1.8311103806946074 0.07534929909099208
1117 1.4895186608117557 0.08669408004463354
1118 2.835943362134394 0.04872723494617453
1119 0.999076134961527 0.07579754058208749
1120 0.9964225431482056 0.07461414812010474
1121 4.720194930219643 0.07177388824801187
1122 2.5194455119119405 0.09103231246891921
1123 1.8605816913413458 0.032471663579316364
1124 0.43673883626855986 0.05997222525699433
1125 2.742717102758954 0.09464855653134863
1126 2.18699497636735 0.04807089363155853
1127 0.690966430304461 0.0763418465899691
1128 0.8429488576634653 0.08946616349804705
1129 2.2257671865182362 0.026322587390976745
1130 2.295604899810257 0.03918378960320226
1131 1.9766895668546571 0.010810749945126619
1132 1.7099701152618494 0.030768068650866096
1133 0.459292574383175 0.03773626629048469
1134 1.818227071675705 0.014337236828662246
1135 2.976478820641914 0.037078121472111
1136 1.5067388758153406 0.01984895458142972
1137 1.2197402526710597 0.008671320625191686
1138 5.248262688013294 0.10378477897233424
1139 1.2926834126996118 0.002944085074247783
1140 1.8421825813740467 0.025364520440502657
1141 2.3211257032310897 0.03078012440780767
1142 2.195664814378633 0.01709328181591263
1143 1.3567015237263542 0.013683857187869151
1144 2.287373636945978 0.0721233320055297
1145 3.000734285202477 0.08110913603303847
1146 5.93240772632768 0.027625352156649772
1147 4.900522583488717 0.02778275457820818
1148 2.5248797300703227 0.09650294069415485
1149 2.1495865594863517 0.022657423415850416
1150 0.1668797165621631 0.03933697623157182
1151 1.979618257048073 0.07857095832120849
1152 1.8958121333313784 0.01064825831914173
1153 2.507271027953742 0.019090525035298882
1154 1.031881766916418 0.02012442851908922
1155 2.4313035821906253 0.04240476406920688
1156 2.0185498674964157 0.04495946979380965
1157 1.5065435904028293 0.034813945092225095
1158 1.7687263421554342 0.023341569211661365
1159 1.5388182559409362 0.040231402876254645
1160 2.5053839546206835 0.08671028400335606
1161 1.2335785210438759 0.05935126054131034
1162 2.1440891697513837 0.021152657327068492
1163 2.7618365830144405 0.030284140370884657
1164 5.91240597046516 0.03200643325539744
1165 0.9800480522052419 0.013372376760086763
1166 1.1192300579887962 0.04703557044133289
1167 2.5453675294068017 0.07974012268781212
1168 2.165331611500611 0.09698448032475633
1169 1.9286572041245686 0.048633643080833594
1170 3.6084993852088543 0.034884693112774236
1171 1.4041656709536292 0.09759220259854383
1172 1.711241777001686 0.04238062828495644
1173 5.032641153075782 0.04874414911686424
1174 1.4444023025859296 0.01528295287476094
1175 1.8940344600033119 0.03344196725407868
1176 1.855998147634865 0.017891841399317848
1177 1.2334801344809796 0.019890426941171643
1178 2.3917624251677623 0.016139374969273063
1179 3.041021028937059 0.03973126828724784
1180 2.192320825246191 0.011718563445673338
1181 1.529915431230171 0.0462337885892694
1182 0.3188181733722441 0.08773338367139455
1183 1.07223065770235 0.10532446058227718
1184 3.6824903852568247 0.03980928112641789
1185 3.9175048363006604 0.025859471775962935
1186 1.856026705460611 0.02874420141748502
1187 1.0167464726459512 0.11908533598075968
1188 3.826447664889948 0.06521071033527213
1189 1.5611296614590493 0.04997769684384003
1190 2.6236401587821696 0.08264396098696794
1191 1.3994007606905938 0.005017028438455398
1192 1.9146906706582267 0.028731726829158494
1193 1.306953885210124 0.06903369965079094
1194 2.1759676272417767 0.02962567168551395
1195 0.9494032765645047 0.02771314730605101
1196 1.420507587597977 0.044934041557100984
1197 3.3296654991678625 0.023681984869498768
1198 3.3570866434687 0.07137691614529766
1199 1.7815954085852597 0.0560572813181273
1200 3.451384190936894 0.03129707861396183
1201 0.8094913994025852 0.07017348813048603
1202 2.471782771724687 0.050724493453273754
1203 0.4000500860761687 0.08965597314051232
1204 1.4665514893717133 0.06559600464967016
1205 1.5813326527414018 0.04331922435629947
1206 0.7124160498805457 0.0643006080384412
1207 4.259634897684563 0.1871950969587623
1208 2.0193675039175325 0.048796750403091296
1209 2.2566342262023436 0.08458276732382734
1210 2.504298719639126 0.03869704679879082
1211 3.1799205689034076 0.10184883572780731
1212 1.038884586266998 0.01969893285245985
1213 1.8701670631295129 0.1655123898605233
1214 3.2453761468259836 0.06511639965403916
1215 3.720461634562425 0.07823862552822705
1216 1.8813249194977728 0.03845716406752642
1217 2.928318212430981 0.06265642894834911
1218 1.8848637583111312 0.022327060393133535
1219 1.8599888150823445 0.14239978578894572
1220 2.152331224267673 0.12412854789851491
1221 1.6327517543146224 0.04423599461396139
1222 1.7129443247132834 0.060484723541376455
1223 2.175607153874873 0.019499959734041197
1224 4.03921500472123 0.0660124028975383
1225 1.8832366640652431 0.027590444101029975
1226 4.3647136710338295 0.06781356232005088
1227 2.9796411446677507 0.08131352122251483
1228 5.464399993562095 0.03518324168259883
1229 4.090829312050661 0.08428851995492856
1230 1.6346584381799514 0.04020981249698834
1231 2.841506397012531 0.02342541435418246
1232 1.0643816910677983 0.050845233112597955
1233 1.204367298315716 0.022734910546475362
1234 1.9825935835404647 0.04141966570055423
1235 3.6096339221544067 0.0473880036802438
1236 1.1843201370662206 0.06255519335847003
1237 2.5264938174367773 0.03796116746732194
1238 2.2760757761039705 0.02882949879322068
1239 0.5035294851690739 0.05140642495557622
1240 2.08419104819906 0.12355438793025982
1241 1.9752645245088152 0.030969794169761707
1242 2.489170626130709 0.03551362216397153
1243 4.438623806290708 0.024320678858400824
1244 2.7155007706439713 0.007742688588992405
1245 2.138205637000813 0.030101877801259384
1246 1.6573515201980038 0.019568072388122477
1247 3.226892346226844 0.11274925859027705
1248 1.6170523993390957 0.12165673995773292
1249 3.242882708966076 0.05821696318705041
1250 2.824618171875602 0.09751354202781244
1251 1.124170023150913 0.010270202487769775
1252 1.712307125647047 0.058062922405323035
1253 2.22118195687649 0.03327343895776449
1254 2.4361575472122508 0.13776834910287053
1255 2.222313611666085 0.01962780832166216
1256 1.8883054386984004 0.06829518006556098
1257 2.0665700263701114 0.045802696832345384
1258 1.3974162600336841 0.0925354225915705
1259 2.4222229507865705 0.030071749027371864
1260 1.8615133389458878 0.01642279873697096
1261 3.096718826535912 0.1037284046570751
1262 1.425939341399241 0.01732255075708874
1263 2.901033000078493 0.034411781509063905
1264 1.194584301348841 0.02560817701579179
1265 0.6466411862531926 0.06614550492086528
1266 0.6771070632085182 0.04829168629925414
1267 1.1227976565931166 0.03830837914414777
1268 3.1167987763096314 0.02391823376795606
1269 1.8943856550957905 0.0658758645547676
1270 0.3316713461824538 0.10131027855475852
1271 3.0794430243238646 0.07019013292472845
1272 2.3714689321141544 0.12439430345728132
1273 2.796862037297675 0.05472438185977917
1274 0.8335956060677165 0.024589130559546327
1275 2.353166274755326 0.05545946549249293
1276 1.43922457404028 0.043330642119060216
1277 2.4281755045221476 0.01986293266981694
1278 3.5836751523016153 0.09088394841646744
1279 2.9518654434567373 0.02666288129039547
1280 1.3020283006442386 0.015460108663941707
1281 1.664472447480721 0.08610032055236698
1282 1.2552272573360619 0.021605658932258555
1283 3.941371491545896 0.11037661061266567
1284 1.376547534311779 0.012587941397497845
1285 1.5283502058103675 0.017939697147433348
1286 5.677195015506636 0.05064460203570562
1287 2.061702821822315 0.057889774555970684
1288 2.3768724727571993 0.018735379443912414
1289 0.7919851214681781 0.034896037578229205
1290 2.2985903204884983 0.09078433342800957
1291 2.961767763934634 0.016290590725105084
1292 4.262116683459337 0.04710862489684387
1293 2.604507954513631 0.03219196510708796
1294 2.7201352835614094 0.02207752989227227
1295 2.940265808117284 0.10074230309919369
1296 2.0104009616561376 0.0755826328610095
1297 0.17709152454218235 0.08856905147458015
1298 3.699641856052403 0.04164041759854979
1299 1.930618723920923 0.0364666026062053
1300 3.758329966777538 0.032728597900316674
1301 1.2564943110781028 0.05421777308214179
1302 2.0842257951094814 0.03446489873810872
1303 2.289311086088997 0.03998480365526011
1304 2.6028549113733255 0.060110019650933114
1305 2.5396970427865226 0.02337119269722824
1306 2.0732636264376914 0.08488018548455085
1307 3.060082380183414 0.06459225496093772
1308 1.67097831264396 0.049916035956136466
1309 2.9634899359763307 0.08870949984547058
1310 2.3883243377224734 0.06015438640622533
1311 1.5679978062875457 0.04376707650873843
1312 3.458492460322071 0.08475811087133994
1313 2.5507703075765638 0.04497841272926504
1314 1.7621886468130215 0.0416765111643813
1315 3.464335576643004 0.14244188388764317
1316 1.462870077929308 0.018934140339941393
1317 2.150470379604668 0.061933146837745964
1318 3.0789907786195596 0.034347804896792
1319 3.2628454037114514 0.03949009787824189
1320 1.43732279715657 0.023396080420072574
1321 1.5846819374131498 0.0474157569948776
1322 1.9651555105728207 0.07039411119804877
1323 2.683488520109711 0.02485980993290666
1324 2.4584039349374107 0.015989867225023633
1325 1.6876187715060533 0.045642344651823916
1326 2.5883032686772562 0.13070149036420375
1327 2.1849946128125732 0.0362799419801396
1328 4.0627672589931105 0.16071049579750032
1329 0.9748739379893427 0.028319547853359953
1330 1.3206346289431505 0.04468911860426889
1331 2.58012859802825 0.058507413224248406
1332 5.4511737553613795 0.02244294560418189
1333 3.21887153883395 0.09336614903575798
1334 3.6057638879717135 0.042333002407133585
1335 3.105730831366329 0.09889790651722977
1336 1.6463085008777987 0.03208980868407346
1337 2.8660445523156115 0.061231569634586924
1338 1.788553569476729 0.034195170647496734
1339 5.089230586108336 0.02028874252446646
1340 0.8248543624979322 0.04573837009943155
1341 3.9633573173994106 0.04628640603349974
1342 4.019777062244768 0.046104023539683556
1343 1.6857122128590314 0.041264177432726
1344 1.0170309530259558 0.06215031210269119
1345 0.5502079637548796 0.048485513970453864
1346 2.194069274997113 0.03167308972191913
1347 0.9198746474099655 0.02707182994398555
1348 2.009602336667634 0.17200552524506152
1349 2.5934948323386955 0.01815679236684888
1350 3.233770614350522 0.058867036993629954
1351 0.7188039777765044 0.03857573263427714
1352 1.6013004112562463 0.05325476870306764
1353 2.1767363973517044 0.01836090630331331
1354 1.4609236375912122 0.045144618559630464
1355 2.9794917373436784 0.10192887002371245
1356 3.999880861506286 0.053843699046873576
1357 4.052617193528577 0.04506091540079575
1358 2.186202504408384 0.05587878817759031
1359 2.982607867609297 0.03681839857390687
1360 2.0286308543757583 0.04155049851193266
1361 3.300530185824603 0.05440607811126799
1362 2.4622066741826485 0.05473629089937928
1363 0.5102889102363917 0.04949352412106628
1364 3.212781234446403 0.11526824434428361
1365 1.356041616234437 0.018269991034570963
1366 2.6547349177043045 0.056076212754403235
1367 3.0365547584887436 0.056763033005612605
1368 0.9335358536385314 0.06943688135843035
1369 0.9769228669782762 0.03220614361504656
1370 3.285211324473326 0.1349954401895623
1371 6.300109235699001 0.05192338981853494
1372 1.8165549825966119 0.13388188425790432
1373 0.7862223906266647 0.05651538346467479
1374 2.2227699772770553 0.053163976639573896
1375 1.6140374219642692 0.07573163192010136
1376 1.7812143526591384 0.05359522026365916
1377 0.9649983914575422 0.032956039794598865
1378 1.8088995557156433 0.09776089525994787
1379 0.7117836396613869 0.05611347467936906
1380 1.417466248244534 0.016557964300330193
1381 1.1619849558171185 0.06440103222807045
1382 2.6536716691731654 0.09304872183679316
1383 0.8642202330727358 0.033289359713528324
1384 5.436100366614242 0.06424754172537832
1385 3.1319316800758368 0.04421455281082085
1386 2.392766374697129 0.038487770926075054
1387 1.7425887107222184 0.04216102130182177
1388 1.7103727357371863 0.023900303499344012
1389 4.045895030678406 0.015639446211678818
1390 2.0575491135529003 0.078349262828573
1391 1.6837417846843978 0.0194989202745676
1392 0.8452089639465289 0.10706051695276464
1393 6.423992026673237 0.046151176617405275
1394 1.5596035332304021 0.10858407842061583
1395 1.543769833516854 0.02681253652203748
1396 2.4361550297891754 0.027934369208851107
1397 0.9995777337415239 0.009908083882158011
1398 3.429169966914733 0.031477312064221157
1399 3.9079447068910165 0.05092471387885861
1400 4.233559778886397 0.016937705272239048
1401 1.4916702079283717 0.0994873790658836
1402 2.9492458065072342 0.05585044351264258
1403 1.753017141676413 0.04544198855462168
1404 2.6362178820708047 0.046774583230306435
1405 1.410120827740562 0.06270437498819684
1406 1.6506540389024373 0.05001613263308259
1407 3.263414239591143 0.08233569809962295
1408 3.0029611473383957 0.1362360088671002
1409 2.6305380756091874 0.04657023691727728
1410 2.844460410915215 0.032562764344971205
1411 1.0639318090893524 0.08777116275250463
1412 2.556586687040317 0.03978052445959145
1413 0.8882782776268197 0.05985457628877834
1414 2.0382753064340826 0.08093423281482212
1415 3.721795483053614 0.033394470899064894
1416 3.88088252304864 0.034705111946739614
1417 1.5990599474359128 0.03880861208800143
1418 3.5721655006177735 0.03356139653167869
1419 2.471029689657987 0.15268532161618925
1420 3.759821235799306 0.04661046533255311
1421 1.6593549324126242 0.03655951901448569
1422 2.511723254948555 0.05661214338512723
1423 2.0378553430127795 0.06293708112405488
1424 2.087813330574124 0.07932834072553228
1425 0.6000520445937635 0.048363307015847734
1426 1.377366586671492 0.033930988018175776
1427 3.917246263018175 0.0995467538869166
1428 2.3689159976818623 0.16675082021908846
1429 1.2157123733592683 0.021130735800447775
1430 3.1289437002803444 0.05693247602050381
1431 1.7215583668291858 0.03886281735467875
1432 3.710252623827104 0.08340306766497108
1433 2.3660467695883876 0.019574863268261675
1434 3.4055563167200646 0.08224022070010631
1435 1.0013834811575513 0.06123556999528374
1436 3.039489655327992 0.07939843771019693
1437 0.012767580285320412 0.06951150225474471
1438 2.5868451823952934 0.04739906720350376
1439 3.536835898856254 0.06685169782073276
1440 1.2958930180635242 0.06519043084275562
1441 0.7542531669375918 0.048716487891934765
1442 2.67186484617489 0.03259082455834565
1443 1.3285923939528927 0.02470494502483345
1444 3.7460363589706422 0.0260624059050258
1445 1.8958400657103969 0.030838391935161857
1446 1.526040400211749 0.04547412963044831
1447 3.5306150205923914 0.08122610002378093
1448 1.9856430796980853 0.22456734887549
1449 0.8247705480059111 0.14001467621838512
1450 1.155671543575166 0.06404917737403958
1451 1.4809341831766083 0.031105832941672868
1452 1.7607268163959229 0.024193221769222804
1453 3.0350448169226207 0.052119576403944406
1454 0.5766184731331601 0.038141170889361566
1455 1.466058829301093 0.05373931197361775
1456 3.2719071491862026 0.03246683722217348
1457 2.1262194464844635 0.060828284915273985
1458 2.3193805216930783 0.06958106646758858
1459 1.126445589294448 0.10062832131855604
1460 2.0193716983312386 0.09410900713421953
1461 3.340458772057824 0.026684670913112656
1462 1.4956796677159196 0.035666217042027104
1463 1.5610669419814014 0.01835548046671042
1464 2.144028349074897 0.01080772832367325
1465 2.2185600867340565 0.02328727884320879
1466 3.3032333102529834 0.037064762502321366
1467 1.380710253208153 0.033123376601758264
1468 2.988940062746228 0.18212289357227007
1469 1.6227091412791308 0.10051659064764845
1470 2.453465043816182 0.04530323217810674
1471 2.760166880743808 0.12647849745300044
1472 0.5885589374350683 0.05809269706567365
1473 1.2022778014033286 0.02755108787492028
1474 4.116094335088828 0.06257200009647748
1475 2.6504328552201812 0.058616808085261526
1476 2.6966934279481656 0.14967156351633415
1477 2.249683287821566 0.08270452408548572
1478 3.154582245370869 0.13992237766338705
1479 1.6957621518749708 0.03530752922706512
1480 2.412602826644348 0.18298452696899556
1481 1.9446425468176964 0.048029407047723086
1482 2.4665846574331622 0.044643078204711785
1483 4.497840483297363 0.03311960541338264
1484 1.8432748192548365 0.041612483879263175
1485 3.8263050826624085 0.0933442691244397
1486 2.2284270536481006 0.018479994663461837
1487 3.0205763499025506 0.05500270759464587
1488 2.0439578777083964 0.06434004320969094
1489 1.3346553629360625 0.05793606347624618
1490 1.0348056747002883 0.011462231256190834
1491 0.785839771403512 0.03448365608395021
1492 1.999518943039888 0.0572403627413313
1493 1.1430578355535865 0.04039397014610406
1494 1.2138722679848968 0.03851122802537179
1495 1.5435731902712813 0.06757802087650405
1496 1.923990217935861 0.047409925093900636
1497 1.3999331680267217 0.061742402938981686
1498 2.2738642584521047 0.04549830177084799
1499 2.396371248636071 0.062314930337419576
1500 1.187925380753751 0.07497111348185354
1501 3.5554886484469312 0.05198883178307859
1502 3.399072221638143 0.023617911160690848
1503 2.0317005468249643 0.03059263306696989
1504 1.555984408782572 0.04985550065021406
1505 2.626492716634219 0.03796316248090463
1506 2.458553747277549 0.05630170560088889
1507 2.6728728382794453 0.1305046056230688
1508 0.7866417680578023 0.052709650124878604
1509 1.8480671121419625 0.08136292022131368
1510 2.4792424246927607 0.05242916690768586
1511 1.6179838754373335 0.0579406605466623
1512 1.7461384680473129 0.030485779198470973
1513 1.9861193196687572 0.029582467294242885
1514 5.338824831657873 0.05683926295990561
1515 1.026410174328926 0.1207172416109493
1516 1.8878792239135602 0.030555312532377334
1517 2.1028078872772276 0.026340080794723206
1518 2.0817559991572248 0.05229614138214798
1519 2.3292882412537375 0.07662830502021732
1520 3.060875648727695 0.02793157699843338
1521 3.028788644730581 0.04471576215543721
1522 3.295027382400311 0.044633338499185084
1523 1.816365944948239 0.04942884045298416
1524 1.312025194489587 0.012126120007403691
1525 0.7866193174421358 0.019366846379616456
1526 1.5936284479211649 0.025038718850475948
1527 1.719277576921575 0.026699715125155156
1528 4.9395100469379845 0.02013990105217694
1529 3.853434069391931 0.04857354503675587
1530 2.372122050825386 0.17348506546288026
1531 2.4130048118855862 0.04142086828088033
1532 2.6268297708178254 0.032039514687785105
1533 1.6580596036429185 0.012309078323922867
1534 2.9803526116966497 0.061296183372936276
1535 2.2526475539074937 0.036850012415208994
1536 2.1280503964564033 0.08269976913601086
1537 2.681491886302986 0.15780839132995586
1538 3.116546300189378 0.03981985093657395
1539 2.6341650749512198 0.07119772365226068
1540 2.67643685955765 0.010480664724060406
1541 3.0055747465826625 0.053912251428024284
1542 1.872993204394928 0.10321325998016587
1543 2.247346080659222 0.07133249683414467
1544 2.7854942586332867 0.056941330146642294
1545 2.355316910555021 0.08016773703970487
1546 1.799810554780962 0.10994958396753504
1547 1.9761619370728396 0.042691120671763456
1548 4.125274269763686 0.05156393424664018
1549 4.839126419781362 0.0328454941147642
1550 1.7699446389368 0.11421153397901494
1551 2.256437200787649 0.025025601894226975
1552 1.334913632535905 0.021638653113282447
1553 2.6680731674964475 0.028388267130439068
1554 2.1360057218858937 0.0743079057115235
1555 2.3434009710116355 0.10739388737307567
1556 2.213396756366285 0.008870580211822028
1557 2.9790357250520416 0.10222127281670068
1558 2.573907665348063 0.0879209492578367
1559 2.3306142077572654 0.04497917718729213
1560 1.165908669742125 0.012357323295168619
1561 2.527364776484496 0.0855394872071747
1562 3.694759064529295 0.0370843585517105
1563 2.166095653022127 0.10394917856405747
1564 2.5055963222558777 0.01141862099316884
1565 0.48144490405892876 0.06840209103294927
1566 1.106702986979459 0.05281418527258576
1567 1.8565130138741914 0.13450237522325462
1568 0.7805320480718095 0.05481470858700863
1569 2.7368839510087377 0.09744875706909578
1570 2.8809476837840107 0.193927034065552
1571 3.5044246325483526 0.10207769325371792
1572 3.409354357920865 0.16560507355571474
1573 2.828247349117174 0.040814206442527215
1574 2.5242577660621315 0.04667941568595627
1575 3.096042117633327 0.037900182856638896
1576 1.067932172078433 0.02286549092353377
1577 1.6625729915613083 0.10863531943185697
1578 1.6823835068976816 0.08142047268376154
1579 4.010225507124953 0.04943001444472855
1580 2.948289990511548 0.09121151574501019
1581 1.9314828142695435 0.10884229304828293
1582 1.9255245985105167 0.07465135541494503
1583 1.535172107226595 0.06048043172161006
1584 5.263431788957523 0.03593790154872105
1585 2.0624484426178524 0.03607355625277097
1586 2.0865333348846864 0.0961411458500667
1587 2.2025370809481104 0.07587827390960407
1588 1.6787417992704485 0.048803711115310254
1589 2.2162078332820694 0.03953274083779699
1590 3.6715719727881235 0.07329686735971844
1591 2.28651510727388 0.09066628594482944
1592 1.5178539933919888 0.007855606013915021
1593 2.1243871474540406 0.07293875265316349
1594 2.059862564196477 0.11795885621284787
1595 2.432225931990158 0.08379407107909956
1596 2.460154458433493 0.07173037529376337
1597 2.2172706042744315 0.04010222084011942
1598 1.3376734184017558 0.1223629371064599
1599 1.5915070233959279 0.020802406770248017
1600 1.379888394947319 0.01762810960661819
1601 2.862540861521274 0.02705162585153362
1602 1.772247693323262 0.10395176282559586
1603 4.042138661743666 0.02656060213372542
1604 1.9681480012120711 0.08250185350718921
1605 2.8980395881368834 0.03325342904095182
1606 2.3913873298404362 0.08934941357069075
1607 1.0166743172997081 0.04188265984325664
1608 2.7039362146534103 0.05483171028377026
1609 2.2253220085509073 0.03569781012161333
1610 1.1111467787804221 0.12439887666783751
1611 0.18396796287051453 0.0742491548310466
1612 1.1143659112492572 0.015614034192937555
1613 1.1767081767234084 0.025091393288817862
1614 2.5831676205992458 0.08398862239343378
1615 3.5311527719863967 0.0692814298322803
1616 2.3272584852608533 0.018732890991673756
1617 2.370414848479654 0.029337504699984675
1618 0.9919859490587103 0.025254604427665164
1619 1.8686215389431446 0.05844435817818179
1620 3.501987888787865 0.1482849793044049
1621 1.6811487277420087 0.11066192268755053
1622 1.6711565098838093 0.09434141838808738
1623 1.228334228401039 0.12930648630979943
1624 1.9305909058763577 0.02505282469892286
1625 1.7085469868994545 0.060345924602238275
1626 2.5606204971399 0.07461333836968187
1627 6.677110596090119 0.022174698602619027
1628 2.15940080036754 0.022522201120106153
1629 3.276437828351282 0.18305364781478137
1630 2.136474704544885 0.09120903633585446
1631 1.409597638980298 0.09444390516773868
1632 2.025990226493472 0.03136297020476487
1633 2.3721622147094656 0.05116055596524772
1634 2.580456618981148 0.054716085524428595
1635 3.865183325946428 0.008502095428536294
1636 1.8766228259448932 0.032729892089744916
1637 1.128036888884912 0.018713473119486894
1638 2.235496572734711 0.08245812445239982
1639 2.534350943711516 0.08083658352090556
1640 1.3897421146656934 0.11467480325360674
1641 4.022922456664613 0.032612050287454446
1642 2.396026939019711 0.05032382807868791
1643 2.142417432215208 0.03024235596824783
1644 2.503091423693648 0.0664151191284756
1645 3.1282361279376216 0.08851457588742759
1646 3.6255107923925656 0.0730997093564779
1647 2.3131362584091577 0.032020492671086705
1648 1.6889427322020503 0.051385397333007274
1649 2.091479383553747 0.0323573155025412
1650 0.8961513491831051 0.023612135030755703
1651 3.6450227330534157 0.0793389945870563
1652 2.406497957858207 0.053777950161489424
1653 0.9080344715260876 0.013463497797442566
1654 3.0892887842705985 0.09302023561613137
1655 3.628666696491748 0.03874807083645103
1656 3.31169829237258 0.05308304337452659
1657 2.742323792223164 0.10169673124876807
1658 1.5008938639665197 0.07299585228356706
1659 1.6850331317775205 0.09296010753362581
1660 2.7197420471343157 0.11535619814226276
1661 1.1815981066104893 0.045448979345225425
1662 3.015118316642146 0.05762516100021018
1663 4.376322754292625 0.02690980459145676
1664 3.4329031784911774 0.10475525942628905
1665 2.276963459240257 0.05001910042434471
1666 2.4578684662374592 0.0284260272324409
1667 1.959848677838887 0.071272810634369
1668 4.585649591109316 0.10413961711313073
1669 1.7696352229601406 0.14475174039863387
1670 2.436775724044063 0.11923497052287382
1671 2.47508097648525 0.014280792709737668
1672 1.6994174250212122 0.052943201569797906
1673 2.5706806014573083 0.07747925241069738
1674 1.6590898749687266 0.02023626513547293
1675 1.702296214598232 0.03520384942635087
1676 0.6827275789352172 0.09095967544247933
1677 2.4462518424786275 0.07361124991484197
1678 2.1897657611484704 0.07590888060457533
1679 1.0939391725196443 0.032065431451757054
1680 4.30805578437103 0.02178973552392917
1681 2.5878042900621305 0.023902635986619958
1682 1.2853450655935952 0.11687297164294781
1683 2.6885787276092366 0.029923038598494323
1684 2.617241320963601 0.11182380826580259
1685 2.06385483598633 0.0522560310623883
1686 1.2565482107930455 0.020957261915711265
1687 1.044339863425257 0.01681507565242186
1688 2.696199675418789 0.027604457153863393
1689 3.519528656691757 0.09634362920146487
1690 2.7847768059111444 0.03228502375763239
1691 2.888292814521595 0.03831635123690267
1692 2.0884560269012673 0.13682380771330974
1693 1.2849075793299218 0.021902156847060324
1694 3.128292765689236 0.16962552834604575
1695 2.4787525589678645 0.01729078667191226
1696 3.293422674315816 0.19963457342547836
1697 2.3547416091446074 0.037155654499223555
1698 2.7770022788793507 0.07467334388578202
1699 4.54098579463532 0.06510512942392062
1700 2.0055725439551177 0.11951267801072854
1701 2.0048658916006143 0.046474443463520865
1702 2.8905344737058463 0.033749246411893634
1703 1.8892761385114503 0.09003880498681939
1704 2.990613417750858 0.20451969437805154
1705 2.6518563855959973 0.04774214708448306
1706 1.4509624358662727 0.041861064611886455
1707 1.9994928483611596 0.046200039726454596
1708 2.3214677226920095 0.034957500084070045
1709 0.7111344958883417 0.07826105780594592
1710 2.1757679150384526 0.09215242332849173
1711 2.422996205124845 0.08737195813916063
1712 1.4045524503966718 0.09858171906000643
1713 3.061113555284199 0.11158184075084908
1714 0.8057545264661765 0.08630937351129007
1715 2.5830046768618153 0.06854516144576306
1716 2.412373313688929 0.014932810631320237
1717 3.7055975887828234 0.05863939499787382
1718 1.3669291185735521 0.08127064695425451
1719 2.5819450111103115 0.026141119134893004
1720 3.0576316204242695 0.14445127382819872
1721 1.064370100043471 0.12066374073093941
1722 0.44464820462837196 0.10622299690854607
1723 4.447278196897381 0.05741994942836401
1724 2.3674209751078292 0.048934185820370374
1725 1.8653407922792569 0.05110347497975755
1726 1.9024477978904626 0.08942556400044113
1727 3.424219787564467 0.17507937657790865
1728 4.299699260413511 0.01934073079703813
1729 2.3694183105897935 0.01648715540682476
1730 6.433789383280205 0.043417407081967355
1731 2.1360629122160306 0.03584245603404152
1732 1.5051962070333411 0.09257909166355904
1733 1.785970452265685 0.019511019322297384
1734 2.6814235568101923 0.04594467784947797
1735 2.2459574036419983 0.033718831641627124
1736 3.120628739432071 0.06097886084768693
1737 1.3528981411321135 0.007465169524332367
1738 2.0913641524447004 0.02017875499741884
1739 1.9631165034799947 0.023567628509826726
1740 1.1378372693301626 0.031442485912892955
1741 4.9059230969922725 0.03199468645210129
1742 4.2759956663464385 0.043658630404487024
1743 1.6378760617800812 0.10466591054179399
1744 2.420379274980901 0.09472289136431235
1745 1.7479703562144273 0.1011015700732922
1746 2.9997427851887792 0.04287593179568486
1747 2.342934041885973 0.01705845167367587
1748 1.9899714684170422 0.06728551992437105
1749 1.3282178211518847 0.02345472767097666
1750 1.8345589932618624 0.11460522574508382
1751 2.5128216645815105 0.0885564165150459
1752 1.8073210986695747 0.025651916781986948
1753 3.0145905841534093 0.12653833720957056
1754 1.9020847416673656 0.0490308392377408
1755 2.217851138079288 0.041615784166085856
1756 1.7510850046220852 0.039160735240733366
1757 0.9884344858150107 0.06040591271922499
1758 2.3300837669361143 0.07479357259064012
1759 1.5918740061039485 0.029001448028195646
1760 2.2214103997825108 0.12831009228696963
1761 2.566530872415376 0.04850887694591765
1762 3.0841639108425833 0.17864465164500734
1763 2.633149416221605 0.03406729643199132
1764 3.6803586966876303 0.05456806661245878
1765 1.5388931036740003 0.026393716517782793
1766 1.7309968152451316 0.045858610027752
1767 1.1011765328544774 0.042999071276892946
1768 2.155600130624984 0.10439674568770593
1769 1.6960017918623813 0.022316063010189256
1770 3.0495985381963755 0.03293561204220173
1771 1.9304674453678354 0.053847950116618575
1772 3.059388866084954 0.06762182727900577
1773 3.900520256293284 0.14146963193982745
1774 1.6391398362908782 0.03332439789864148
1775 2.45847468357615 0.13629239963934717
1776 2.2642302649563057 0.05685289364698648
1777 1.6916577147041914 0.03078348300264771
1778 1.2234229998581878 0.02263453022042749
1779 0.46907376012032886 0.048107277850425165
1780 1.9488729594146414 0.10887326332291714
1781 0.3511965837020544 0.02612684326503715
1782 2.5824545733232 0.024431435279063617
1783 2.7905102453302666 0.030886218901415036
1784 5.628673106937429 0.04180865062120296
1785 1.8134363681990777 0.10462822277883402
1786 2.240859900449819 0.049555962399970205
1787 1.841199039177478 0.025896273403352012
1788 2.01653823326146 0.054940764333485034
1789 4.303956630746382 0.11963089075771641
1790 2.659818355842934 0.05527448313543105
1791 3.0961515002970788 0.2661422210813053
1792 2.3087959734805223 0.020007490916521545
1793 1.744858562589618 0.0255943128941191
1794 1.0968968872842226 0.10853379070624421
1795 1.7574429340736246 0.043954024813793874
1796 0.3466902362618082 0.06906550122820962
1797 1.7431531336699535 0.11459899369980357
1798 2.4340424181727545 0.12126615510784174
1799 1.591780386287678 0.0345727148226395
1800 2.0536080054152657 0.06042596442004147
1801 1.6870038438283497 0.028590353099608175
1802 1.7796322394679633 0.01394269935296772
1803 1.9203936195936857 0.04864824496128589
1804 2.069153405553509 0.012212100417285992
1805 2.426132203240965 0.06818384602275727
1806 3.766654713100223 0.0631227980475786
1807 3.2377888172404496 0.0912516602520856
1808 3.713035617081042 0.14085671806789454
1809 1.8529777055509415 0.00694810438750945
1810 0.7535423358752303 0.10303812572680075
1811 2.628185640849347 0.05742209850300917
1812 1.7815148450055585 0.02723426570644646
1813 2.779591633813575 0.06156281502284916
1814 0.7269032866969385 0.017930166376132813
1815 1.6548001059107882 0.014949819681980643
1816 3.7052068805464518 0.08587491472581361
1817 3.27551506006206 0.03259088541309636
1818 1.0529433708653824 0.01114290895909182
1819 0.920590428647907 0.023948458257689313
1820 3.095081269786366 0.11805192247065638
1821 1.3088473253724442 0.09312181654643156
1822 0.8343650053741325 0.06704065904750299
1823 4.282452432433492 0.0935446724680445
1824 2.4678127035350657 0.1662778131907447
1825 1.7796702376562077 0.046542065621564516
1826 1.9691346533916227 0.09741752102631834
1827 2.8938662616853397 0.0843980039171337
1828 3.3992007884596034 0.0605272698985592
1829 3.3337503624366764 0.08030388956398092
1830 2.143996869473517 0.06541274965983425
1831 1.9291946657490247 0.11417429507195065
1832 4.634963414667499 0.08667878845665787
1833 2.3843148109173717 0.06362599847795869
1834 0.8648078382731524 0.06091094795899899
1835 1.6454572251564459 0.0519392179402282
1836 2.381825051228441 0.0314985116508833
1837 2.0882615851274404 0.10411644424376479
1838 2.434305387632695 0.04128440335499269
1839 4.7669031336342025 0.02922933477642228
1840 2.1499392676284215 0.010559651764214308
1841 2.742212196823479 0.06187878368286255
1842 2.017923566816756 0.02246956206311956
1843 1.986731194814838 0.06744615155568666
1844 3.7910152639586205 0.05279716666919151
1845 3.3984216664040083 0.057770782441952655
1846 0.8265221438848227 0.12392997274019214
1847 2.6659639376936886 0.02994559065530957
1848 2.5178913287732003 0.062435456070987834
1849 1.705796841543918 0.010459765095632732
1850 2.7184290657760712 0.02941822640859775
1851 1.540769377719393 0.028927584836957947
1852 2.8889313009749076 0.08233838306377268
1853 3.3754564791034762 0.1475265713774241
1854 4.270425953785193 0.023844319229595838
1855 4.296690566751836 0.029413125175652827
1856 1.7441622563557484 0.08211195281739322
1857 4.738159140485251 0.13348135002896203
1858 1.4160981905947947 0.012328008457882938
1859 2.2565413726499206 0.04206064015336719
1860 1.9346489726559586 0.11473338942966514
1861 3.715723915282674 0.07602368776313942
1862 1.435310065741402 0.040349752390076724
1863 1.5075684095070672 0.10763086066096395
1864 1.5032635577370017 0.01784787853811538
1865 2.1748215831870996 0.08188662683264691
1866 1.9400033952530136 0.033619537187888876
1867 2.4826294775425737 0.04335768905413596
1868 1.6253816584942495 0.15409475211613766
1869 1.1561156701835618 0.023002835668863218
1870 1.3384662794513258 0.20561704396934405
1871 2.5720904466748076 0.09242667724794586
1872 2.398974823923931 0.019535885722107845
1873 0.4445682140041075 0.15210514873771708
1874 1.1154283722956115 0.028140526332659618
1875 4.595982305864296 0.04082680534574178
1876 2.798348164317031 0.04054380849014895
1877 2.9983722111192836 0.04275059739833912
1878 1.7560765755422414 0.12793434492506642
1879 2.306409588142586 0.14304829815469
1880 3.5379133524672195 0.13798921017196758
1881 2.6861296531577024 0.027114192746208476
1882 2.269462300447759 0.024876203269223664
1883 2.862357106421308 0.0842018849807652
1884 2.986810643850947 0.13326363900953245
1885 1.7283469216092355 0.04857437008183538
1886 3.311758901223229 0.05691589544009818
1887 2.867475186225861 0.034247136889723376
1888 2.3110928151565377 0.10739149081524312
1889 2.381652266382497 0.006401341780418777
1890 3.7954772492793674 0.048754449447488385
1891 3.027770642928497 0.2107143070952702
1892 2.0593059328110406 0.1431057048994342
1893 2.679977523141912 0.15306360097343472
1894 2.248724937900244 0.0998669735381869
1895 1.0119778013548424 0.08280471567474543
1896 3.2479521956690847 0.09329627834379556
1897 5.210246607045795 0.03608955204309849
1898 2.3440273504849767 0.13256423074403886
1899 1.675641636730321 0.035587458359642964
1900 1.7268492794253594 0.056418176613213356
1901 2.0503810537537768 0.11859769418659445
1902 1.7034723434907881 0.11611499393950588
1903 2.0686878996804516 0.02588583239093528
1904 1.6814620533891473 0.0295149147187082
1905 2.848904867252171 0.027099282978004735
1906 3.237325621753649 0.12667885165564044
1907 2.0942059004908313 0.07927612840709744
1908 1.777482039228649 0.005835825739959671
1909 1.2298880950961153 0.04042533413994575
1910 3.8778665021253476 0.014079863182961642
1911 0.8848074550126583 0.0262457903742019
1912 2.473554573187148 0.048884613157219
1913 1.938993024154229 0.011196459118371324
1914 2.4988720696681423 0.09558387082852622
1915 2.9813569469192425 0.06418689428768434
1916 3.302579473928802 0.03205365472785273
1917 2.813122733250881 0.04223119482984137
1918 1.5145389268520313 0.015823661546502738
1919 3.813920302613418 0.049087309501426285
1920 2.37542027685382 0.03680169639520146
1921 2.441398205568703 0.1043512616678674
1922 3.0964862277318406 0.05950552283043615
1923 3.1920772987347035 0.05470838390191483
1924 2.106104828697237 0.1474644820405281
1925 2.912357809489078 0.17492119645498888
1926 3.180094678861184 0.04713199349604984
1927 2.2101826489233654 0.10226733332092373
1928 2.029995165776211 0.020736481364979808
1929 3.3594702210284577 0.13281728244485674
1930 2.9843393407830545 0.05153145570973262
1931 1.2255369885396463 0.041643721383490505
1932 0.9368325629371753 0.0956777880216616
1933 2.5416901644736627 0.043160834570939596
1934 2.9994720145070985 0.04107140052146682
1935 2.276184102790485 0.0467229275099682
1936 2.2883102472928587 0.05486153643815558
1937 3.535461842825509 0.12117773972462084
1938 2.4098724616812586 0.026294804348897416
1939 2.0006341707645245 0.10235665701889933
1940 1.1837454986173346 0.10760892796364496
1941 2.1279093511863607 0.11424412541643482
1942 1.2971433521342524 0.05031968698494567
1943 0.9059139619488992 0.12670085963701325
1944 1.9190313428193762 0.08560396211262905
1945 3.438977865258861 0.06123946022374058
1946 0.7749485213352143 0.04367612856576414
1947 0.8648943096343344 0.03309704794357738
1948 4.854259782136602 0.015978391595441704
1949 2.132066379556643 0.016695512732832693
1950 1.7741099410876227 0.09330590001164372
1951 2.337645699113031 0.05902973061005857
1952 1.943629369833274 0.03967169741906639
1953 1.0756101111383212 0.021979496005097375
1954 2.807123159723299 0.02212610423310196
1955 2.365693465126241 0.07132269893336331
1956 2.5429224959688153 0.04236798198522494
1957 2.0004074358247292 0.04476224046827747
1958 3.2961231948115026 0.11701431074018073
1959 3.4462937611492954 0.09178733854033469
1960 4.578763251000268 0.024058511006229674
1961 1.648685805423896 0.03685261748255864
1962 2.631120996951966 0.08272883558976606
1963 3.5254540617647026 0.03877515929223634
1964 2.0570667707273063 0.05585160222922857
1965 1.751664689522054 0.05886909917308841
1966 0.7509228452880207 0.10913018207675856
1967 1.572348924096622 0.07002219967775973
1968 4.097135618943079 0.024702803003881176
1969 5.844465638743709 0.04960671749861229
1970 2.2726537660524153 0.026457213006632264
1971 1.6500140638694416 0.1187388551194754
1972 2.806000881557406 0.020786283930052916
1973 1.5187528091374183 0.11046459303695931
1974 0.499400184284097 0.026671578861114268
1975 2.109777835749217 0.040695034610849244
1976 2.844371362308773 0.026989498374573536
1977 1.3775457807611822 0.036461006246971295
1978 2.7322061852643693 0.07277025829616128
1979 4.181928682493222 0.025769387519280235
1980 1.534855285790473 0.10960599519166489
1981 1.634636828548672 0.027819106329980102
1982 2.2423504972224366 0.04751931686946833
1983 6.4646416618381615 0.04323517372495269
1984 2.2366358828104707 0.10337687496201577
1985 3.4117808878098947 0.04614368304515816
1986 1.8373324407862568 0.10642075844846527
1987 2.830757630534391 0.03751065626522392
1988 2.5765861231284912 0.14939046720688687
1989 1.980358691245311 0.012401942866365227
1990 3.612392058797581 0.06645098237627559
1991 0.9961025629566712 0.019473997400036275
1992 1.6163997690193788 0.04474835051072785
1993 1.0534479967860901 0.10695270641420335
1994 0.5214571436212282 0.12626941853983462
1995 1.566099902672267 0.0459245012407361
1996 4.109371544662506 0.04511543895626578
1997 1.7691014778513368 0.11792507199409018
1998 1.3547146998062245 0.10681384000354523
1999 3.638552185713825 0.032854793628587856
