0 1 394 395 0.6845571903133949
1 1 430 431 0.6842447977237766
2 1 41 42 1.817495124859005
3 1 265 266 0.420872953652942
4 1 523 524 0.763998152208518
5 1 497 498 0.2627431261292676
6 1 414 415 2.0480697950358864
7 1 310 311 0.5943006417590982
8 1 488 489 0.8140136506202864
9 1 366 367 1.4989199000166455
10 1 223 224 0.5920712251219244
11 1 516 517 0.48002623062267324
12 1 142 143 0.7363958511941572
13 1 288 289 0.8092668601232548
14 1 143 144 0.6614613193688069
15 1 97 98 0.959746237442974
16 1 256 257 1.4170276710525331
17 1 545 546 0.6814740424270158
18 1 150 151 1.2873826748601025
19 1 317 318 0.810655659040624
20 1 101 102 1.7072922130076893
21 1 75 76 0.38638323536788305
22 1 338 339 1.7929141789244964
23 1 483 484 0.8156363063561732
24 1 573 574 0.419763110689369
25 1 103 104 1.1139788895811489
26 1 362 363 1.9035472654615246
27 1 444 445 0.520975913294726
28 1 323 324 0.5950680791138141
29 1 209 210 1.2701502516984307
30 1 565 566 0.4217692208600159
31 1 453 454 0.8462459937882506
32 1 533 534 0.5506286203992973
33 1 266 267 0.7767577519825242
34 1 63 64 1.107042531313748
35 1 561 562 0.8706925376514729
36 1 14 15 1.5159701173130609
37 1 95 96 1.0726988584112942
38 1 408 409 1.1730040796398202
39 1 1 2 1.2299485327108723
40 2 505 507 1.6974259103278484
41 2 341 343 4.571135236186781
42 2 249 251 0.9873708940641532
43 2 333 335 2.0202142786056827
44 2 64 66 3.260030991354882
45 2 195 197 1.229033285594088
46 2 581 583 0.5013378382087116
47 2 227 229 1.196955511402156
48 2 244 246 0.8490608370526594
49 2 145 147 1.6063126666118035
50 2 556 558 1.3389616193246752
51 2 458 460 1.6864219915591645
52 2 93 95 1.7243508261127691
53 2 82 84 1.5019146012180586
54 2 327 329 4.339171041719017
55 2 520 522 1.3034961474179991
56 2 501 503 1.0117942077408568
57 2 111 113 2.3517778079160077
58 2 308 310 1.6324135326804758
59 2 564 566 1.3949466502412056
60 2 298 300 1.677720815330461
61 2 127 129 1.1855180831177803
62 2 560 562 1.1046461296864067
63 2 340 342 5.479070936898796
64 2 553 555 1.5888851993884932
65 2 208 210 2.2332891052159582
66 2 294 296 2.013601303981123
67 2 455 457 1.6954494876896953
68 2 394 396 0.5353797524610151
69 2 324 326 3.0621665633026716
70 2 589 591 0.2706657530072063
71 2 247 249 1.5681634496509536
72 2 297 299 1.5575607775798965
73 2 188 190 2.238389868208807
74 2 193 195 0.7063102394186175
75 2 191 193 2.1102144678718378
76 2 33 35 3.5605156264534914
77 2 266 268 1.5150844029536839
78 2 487 489 1.6683239948896798
79 2 70 72 1.492281388946565
80 3 91 94 3.5785012063154182
81 3 133 136 3.685536467859695
82 3 153 156 7.1586018760671175
83 3 39 42 5.468677852831505
84 3 82 85 2.2159056394687338
85 3 553 556 2.8313300900002236
86 3 400 403 3.0444833323461022
87 3 537 540 2.4686334281099627
88 3 282 285 3.8751926151258447
89 3 534 537 2.0718584057625775
90 3 241 244 1.4448791000974763
91 3 220 223 2.1939927874232064
92 3 429 432 2.032775095932474
93 3 281 284 4.7705761050483595
94 3 461 464 2.214224789863232
95 3 504 507 2.320122958112826
96 3 365 368 4.175226481048733
97 3 84 87 3.5327854761953223
98 3 332 335 3.025084660887001
99 3 118 121 4.4318459276545354
100 3 498 501 1.1032514597149878
101 3 343 346 7.508862222077122
102 3 194 197 1.4477367330010655
103 3 248 251 1.6448962390884285
104 3 16 19 6.217866350549832
105 3 277 280 4.233472243819008
106 3 119 122 4.598605150767633
107 3 225 228 2.7859420614044135
108 3 380 383 0.7037061663891353
109 3 174 177 5.773212085271694
110 3 340 343 7.585591052099901
111 3 436 439 2.084246695731735
112 3 63 66 4.354005512040936
113 3 103 106 2.7969073806976863
114 3 149 152 2.7213116845692764
115 3 224 227 2.9843134270448632
116 3 46 49 3.467692036518979
117 3 587 590 0.5637894539493533
118 3 547 550 2.9633282344968688
119 3 75 78 1.4883746973075669
120 4 27 31 7.579167028905596
121 4 127 131 1.9430299944560032
122 4 193 197 1.5460272491333538
123 4 122 126 3.2424672386313693
124 4 400 404 4.005933733828823
125 4 93 97 3.1633815635153626
126 4 379 383 0.6082867203934176
127 4 118 122 5.988667371335293
128 4 37 41 8.392407431092103
129 4 22 26 8.76621940747643
130 4 199 203 1.7883049000700886
131 4 189 193 4.741638762991098
132 4 126 130 2.420143530616498
133 4 490 494 3.0913447846867754
134 4 215 219 6.066688524845966
135 4 62 66 6.225647899334234
136 4 23 27 10.37451875009441
137 4 557 561 2.3141286927242084
138 4 435 439 3.3543974862015853
139 4 103 107 3.2122630114259976
140 4 266 270 3.5865026552934554
141 4 71 75 2.8903483103720378
142 4 226 230 2.348318080596998
143 4 73 77 1.9842707617436621
144 4 308 312 2.1720983756656853
145 4 358 362 9.888158496258075
146 4 446 450 0.9935343940847011
147 4 184 188 14.313445402760745
148 4 515 519 1.805018991507019
149 4 478 482 4.968633992574855
150 4 40 44 4.602252933968665
151 4 204 208 2.385848458535097
152 4 367 371 6.264878326549464
153 4 481 485 2.314024182269546
154 4 583 587 0.5343081646162176
155 4 173 177 9.071771167484725
156 4 208 212 4.783387060975638
157 4 59 63 6.592824387933233
158 4 162 166 5.423664227538879
159 4 165 169 2.313165004538621
160 5 350 355 11.593819757462272
161 5 542 547 3.670754581928827
162 5 256 261 6.340293705494397
163 5 120 125 5.224313945133145
164 5 452 457 2.4327076155204232
165 5 179 184 24.209492032363887
166 5 13 18 8.484081305487168
167 5 482 487 3.5098525288328886
168 5 419 424 5.32133879020213
169 5 582 587 0.9199929385453691
170 5 520 525 3.214919865131977
171 5 318 323 5.1021687962953415
172 5 365 370 7.147725182798523
173 5 397 402 3.942556690400706
174 5 157 162 5.244352710672043
175 5 574 579 0.7954811901540874
176 5 12 17 7.389673157317941
177 5 468 473 9.047071328481522
178 5 80 85 4.881514042052839
179 5 343 348 13.242892154535992
180 5 46 51 4.7449515732118215
181 5 557 562 2.804088790831458
182 5 287 292 5.507364143871589
183 5 138 143 3.5132067732929158
184 5 245 250 2.4271292934294317
185 5 493 498 2.202059483153067
186 5 360 365 11.1703584358322
187 5 294 299 4.202521751665127
188 5 367 372 7.623653499322792
189 5 135 140 4.461476687517926
190 5 317 322 4.675531957295758
191 5 424 429 2.3524576324184414
192 5 82 87 4.727314118313623
193 5 1 6 6.251936795087285
194 5 196 201 2.382170265810366
195 5 342 347 12.989357080990757
196 5 163 168 1.8271531951391362
197 5 228 233 0.871631272789546
198 5 458 463 3.410491791387441
199 5 387 392 5.115537790275386
200 6 581 587 1.014013346247128
201 6 424 430 2.9716458672976573
202 6 32 38 12.669924150746061
203 6 411 417 6.086056859870485
204 6 428 434 4.548807146686664
205 6 47 53 4.281503431575179
206 6 169 175 10.006626758236429
207 6 456 462 3.0094838262831702
208 6 65 71 6.776614226310645
209 6 265 271 5.134435697139177
210 6 161 167 7.853837688223675
211 6 457 463 3.2143812343584974
212 6 540 546 3.7014896429418016
213 6 498 504 2.5950144001005193
214 6 574 580 0.9037505905199573
215 6 0 6 7.867069914093067
216 6 39 45 6.4605938602580055
217 6 506 512 2.212842645124341
218 6 333 339 6.517823207306755
219 6 319 325 5.320860489068399
220 6 478 484 5.171729863353146
221 6 51 57 4.280008618474892
222 6 425 431 3.318202403105569
223 6 192 198 1.4009101321805513
224 6 561 567 2.819086738987492
225 6 85 91 8.71032679514224
226 6 133 139 6.631037587731319
227 6 15 21 11.223572249719139
228 6 427 433 4.558137627996463
229 6 323 329 9.19374054404318
230 6 3 9 7.005146153604217
231 6 218 224 4.988794986809405
232 6 14 20 10.635906505427943
233 6 2 8 7.077980832702702
234 6 541 547 4.242515394891071
235 6 100 106 5.797917879624432
236 6 195 201 2.687516285067302
237 6 121 127 5.638428202223615
238 6 203 209 3.8729686901701976
239 6 309 315 4.679357962835148
240 7 286 293 7.344801468762051
241 7 186 193 9.316109755659454
242 7 102 109 5.421831977425967
243 7 487 494 5.159131628260594
244 7 406 413 6.602610159608979
245 7 83 90 8.616200400686902
246 7 22 29 15.138279258323696
247 7 281 288 7.755188709999733
248 7 463 470 7.759077781129668
249 7 118 125 8.247012356235981
250 7 262 269 3.9008745455220306
251 7 136 143 6.122590887546093
252 7 533 540 4.990943141601684
253 7 355 362 13.28404643632122
254 7 117 124 8.907512971591403
255 7 158 165 10.289264516974656
256 7 285 292 6.538095848599291
257 7 19 26 14.12510548896894
258 7 43 50 7.000270533176331
259 7 41 48 5.908355872837854
260 7 210 217 11.652015284363731
261 7 265 272 6.342406501559016
262 7 571 578 1.9524397971624317
263 7 322 329 9.774199918046286
264 7 375 382 5.104174224163204
265 7 581 588 0.9437784253746383
266 7 506 513 2.19254462637804
267 7 469 476 9.652408416395287
268 7 445 452 2.0280324012301425
269 7 381 388 5.7476487363992925
270 7 550 557 6.403796714983333
271 7 182 189 28.017541702860868
272 7 212 219 11.581044427789898
273 7 384 391 5.076537339962591
274 7 298 305 4.1079143152313895
275 7 9 16 8.572573144405858
276 7 141 148 2.3352025019154
277 7 154 161 6.135228784881708
278 7 277 284 10.252130394541672
279 7 341 348 16.902997166956055
280 8 345 353 20.01076895216001
281 8 376 384 2.692810361912665
282 8 95 103 8.210640930913017
283 8 346 354 19.74072690679194
284 8 36 44 11.574304342465927
285 8 42 50 7.671729494839679
286 8 276 284 11.518671867101018
287 8 167 175 9.032884668341365
288 8 153 161 7.5768135987719765
289 8 296 304 5.4927126117912835
290 8 369 377 10.245782387741919
291 8 404 412 7.297607523252958
292 8 561 569 3.1381511008164713
293 8 132 140 7.694976593602082
294 8 300 308 3.1275959452797224
295 8 117 125 9.436391677274795
296 8 489 497 4.8247210728646035
297 8 245 253 2.9437638376364017
298 8 49 57 5.4407172490261715
299 8 315 323 8.007773272567789
300 8 183 191 22.922552686138463
301 8 535 543 5.804394181273914
302 8 72 80 4.617468943151909
303 8 309 317 6.868993634000723
304 8 412 420 8.386832556227732
305 8 336 344 15.556885830635045
306 8 306 314 4.727779087205732
307 8 424 432 4.017137459547849
308 8 111 119 8.614746824802864
309 8 101 109 6.856799140916344
310 8 574 582 1.2143793538639156
311 8 492 500 3.3828453325619923
312 8 485 493 5.945283998439845
313 8 351 359 15.33324121646318
314 8 127 135 4.600341659646293
315 8 490 498 4.4575003910708375
316 8 118 126 9.15752813749704
317 8 509 517 1.8704769606479066
318 8 436 444 4.219028646213558
319 8 38 46 8.101112601364228
320 9 309 318 7.562082266486151
321 9 343 352 21.768555509624377
322 9 159 168 8.915727041961498
323 9 170 179 13.276885257739211
324 9 578 587 0.6727349400627287
325 9 384 393 5.664125708520992
326 9 89 98 9.200760998803842
327 9 67 76 5.1345597028683665
328 9 86 95 11.32676077715345
329 9 202 211 5.772766988805257
330 9 226 235 2.5411341405844756
331 9 62 71 10.985470858738982
332 9 394 403 5.0062859670878375
333 9 8 17 10.59951837828544
334 9 100 109 7.769161533956616
335 9 403 412 8.055244242068309
336 9 569 578 1.6800354901668184
337 9 531 540 6.64290051007904
338 9 296 305 5.5070278384394085
339 9 459 468 3.316824411730817
340 9 500 509 5.54110223003373
341 9 222 231 5.453211721515632
342 9 433 442 6.2274184801143795
343 9 85 94 12.259759697144515
344 9 377 386 1.792449756360731
345 9 225 234 3.6061141638070366
346 9 267 276 11.523419031127322
347 9 441 450 1.3988724448599774
348 9 196 205 5.771272687443617
349 9 367 376 12.858645806349159
350 9 117 126 10.364573967527347
351 9 65 74 7.031206644760112
352 9 28 37 17.71570516315123
353 9 538 547 6.151232931207877
354 9 462 471 9.529670000782684
355 9 206 215 11.823099215659624
356 9 121 130 7.218167871869597
357 9 509 518 2.435085905439937
358 9 407 416 8.59672963245854
359 9 262 271 5.053776378214548
360 10 212 222 13.783381008487824
361 10 43 53 8.043230584158161
362 10 221 231 6.414460282393325
363 10 149 159 12.476848601839551
364 10 107 117 10.305553720705115
365 10 202 212 6.59863874727912
366 10 469 479 13.914422172266894
367 10 387 397 5.729530203422111
368 10 370 380 10.66603118180076
369 10 559 569 3.043538612746424
370 10 154 164 9.338682954416385
371 10 499 509 5.930509685666956
372 10 151 161 9.406210185998795
373 10 577 587 0.8596935218067057
374 10 415 425 9.217415633043716
375 10 433 443 6.233669046766313
376 10 533 543 6.70332350008471
377 10 507 517 3.102866497333966
378 10 330 340 11.077211011988469
379 10 510 520 3.476214752120107
380 10 206 216 14.067677506439663
381 10 555 565 5.434971847240084
382 10 224 234 4.538227527862968
383 10 9 19 14.089502684217312
384 10 348 358 19.203363207908634
385 10 325 335 13.696760879288707
386 10 329 339 10.187034193941667
387 10 36 46 10.78206232495292
388 10 537 547 6.993349996511208
389 10 263 273 7.724542224829311
390 10 159 169 7.82079578683343
391 10 388 398 5.820328897712845
392 10 301 311 3.7886704673623446
393 10 481 491 6.794102231811236
394 10 67 77 5.501729039877703
395 10 86 96 11.679942178155505
396 10 528 538 7.463754397787706
397 10 40 50 6.894645495061773
398 10 230 240 3.0571145722058657
399 10 133 143 9.663766580493025
400 11 41 52 8.034949282074432
401 11 307 318 8.238780124621037
402 11 15 26 21.541103227593673
403 11 459 470 6.491526807251644
404 11 338 349 22.836646956982772
405 11 164 175 9.25787614610217
406 11 152 163 9.499720502409293
407 11 471 482 13.53600496938295
408 11 380 391 5.7885802670500155
409 11 517 528 6.412841951134481
410 11 391 402 5.905991066158778
411 11 542 553 9.27598834407871
412 11 514 525 5.454388211774576
413 11 34 45 14.419534681300266
414 11 92 103 10.557749441362091
415 11 530 541 7.668906035685085
416 11 78 89 10.163538116321787
417 11 436 447 4.244396007813199
418 11 211 222 15.15285030823501
419 11 296 307 5.789023543170157
420 11 548 559 10.018951644900103
421 11 427 438 9.14968030547971
422 11 493 504 4.6739409975045785
423 11 397 408 8.270027645044557
424 11 239 250 4.339363890316298
425 11 20 31 23.460753833740092
426 11 0 11 10.174066344354499
427 11 186 197 9.407880611672722
428 11 309 320 9.589267734507603
429 11 519 530 8.283268276947256
430 11 260 271 7.050840464271189
431 11 340 351 25.51919169046923
432 11 67 78 6.034136567846547
433 11 505 516 4.175088512911422
434 11 268 279 14.322695150935852
435 11 310 321 9.860716495030735
436 11 417 428 8.279029537537287
437 11 393 404 6.380792485375797
438 11 392 403 5.997279204386271
439 11 63 74 9.4012553757262
440 12 167 179 13.301246682520157
441 12 130 142 9.9867828663984
442 12 244 256 5.2432358323061194
443 12 293 305 8.590771087604281
444 12 342 354 28.680652132809122
445 12 56 68 16.83485443909288
446 12 36 48 9.340275187669578
447 12 492 504 5.367897072592489
448 12 427 439 9.352223746164588
449 12 144 156 10.557527924995439
450 12 503 515 4.811755907550595
451 12 83 95 13.779483775625605
452 12 155 167 10.070865002747858
453 12 361 373 19.94196792174941
454 12 421 433 7.272287793449235
455 12 477 489 9.65922147701295
456 12 395 407 7.176423727594037
457 12 469 481 15.973416162737353
458 12 48 60 10.045317511175856
459 12 103 115 10.311330886595952
460 12 482 494 8.56471572963796
461 12 20 32 24.929561632631412
462 12 33 45 15.84314344561474
463 12 135 147 6.7842346800865885
464 12 331 343 17.863402950692876
465 12 107 119 12.296114153267625
466 12 562 574 3.2973879883427704
467 12 354 366 20.92237893469844
468 12 199 211 6.801254860865537
469 12 392 404 6.842366645838906
470 12 502 514 4.916399724153755
471 12 113 125 13.980813549558059
472 12 61 73 12.478375102660353
473 12 478 490 8.518736698655417
474 12 345 357 26.65983318695182
475 12 127 139 8.23373662396242
476 12 303 315 6.0342875124533455
477 12 396 408 8.328669910719434
478 12 300 312 5.142718917733525
479 12 124 136 7.70243747061503
480 13 531 544 9.099471617313501
481 13 193 206 6.384001578299215
482 13 39 52 7.5991538325759125
483 13 401 414 10.784240969921795
484 13 455 468 5.250182357105061
485 13 380 393 6.186154335545527
486 13 195 208 6.781969116851482
487 13 466 479 18.93776610139652
488 13 365 378 15.923794419987075
489 13 77 90 12.245354112463497
490 13 45 58 10.773251873693471
491 13 40 53 7.219694828556018
492 13 497 510 6.234160012986376
493 13 261 274 9.398522392258517
494 13 27 40 25.589744664219623
495 13 532 545 9.007966793276143
496 13 221 234 6.716272145649273
497 13 235 248 4.501508439949544
498 13 95 108 12.035094938423464
499 13 514 527 6.611621921325208
500 13 536 549 9.242511337423174
501 13 430 443 8.125571140328418
502 13 519 532 9.884671444697839
503 13 312 325 12.219848143756135
504 13 116 129 13.534986097371528
505 13 149 162 10.741674249723996
506 13 436 449 3.848673390078031
507 13 432 445 7.640049014271442
508 13 86 99 14.57539117367946
509 13 107 120 13.986713115714725
510 13 425 438 9.260085001203961
511 13 64 77 8.97966095795467
512 13 101 114 10.971241818608034
513 13 159 172 8.009866597100885
514 13 31 44 20.68615442485844
515 13 457 470 7.38988354928078
516 13 441 454 3.420203090304251
517 13 427 440 9.307829336724165
518 13 30 43 22.65491341868797
519 13 508 521 4.4816684561378795
520 14 332 346 22.502229830095366
521 14 258 272 9.04148720974877
522 14 80 94 15.066064338333579
523 14 360 374 23.467768150780827
524 14 72 86 9.779308815040348
525 14 124 138 10.034127786112814
526 14 367 381 14.846968002676308
527 14 30 44 22.275406292836262
528 14 353 367 23.096243196179405
529 14 356 370 23.749153106777634
530 14 182 196 31.526027474377145
531 14 10 24 23.17174198013143
532 14 236 250 5.0233827980585986
533 14 374 388 3.751312660545109
534 14 146 160 11.441378105894554
535 14 212 226 16.265185949769474
536 14 3 17 9.816595853765055
537 14 209 223 18.250100847704427
538 14 126 140 9.644955812992414
539 14 7 21 17.474802072653585
540 14 300 314 7.128724916058569
541 14 377 391 4.393817495075889
542 14 25 39 29.79688133751405
543 14 238 252 4.483278283490951
544 14 145 159 11.921534384974073
545 14 191 205 4.417775701888658
546 14 464 478 19.409556843830558
547 14 115 129 14.558490011790811
548 14 488 502 7.037493247712804
549 14 352 366 23.90897200718718
550 14 264 278 14.265369207747556
551 14 133 147 9.519394322078787
552 14 28 42 26.990424524875316
553 14 213 227 15.44174392884541
554 14 370 384 10.08717013735817
555 14 343 357 31.00854083916043
556 14 484 498 8.501333709696487
557 14 299 313 6.751939404992539
558 14 303 317 8.179433869829543
559 14 566 580 2.2231895033026046
560 15 334 349 27.012454641059144
561 15 188 203 6.95585156864006
562 15 82 97 14.955450972928075
563 15 105 120 15.313514814056521
564 15 546 561 12.277851510610539
565 15 315 330 16.55513692212888
566 15 160 175 14.71285101116224
567 15 385 400 8.355173793820148
568 15 150 165 11.601987918404467
569 15 128 143 10.777242294079693
570 15 228 243 3.942934856728276
571 15 323 338 16.967814979018115
572 15 520 535 10.979575154449353
573 15 248 263 13.313104832100404
574 15 242 257 6.599997499107881
575 15 298 313 7.486234007387777
576 15 381 396 7.519999544246335
577 15 429 444 9.3301079587605
578 15 47 62 14.25802868508096
579 15 135 150 6.960556577986377
580 15 21 36 31.519039996103313
581 15 403 418 14.342408132043865
582 15 79 94 15.717119483220182
583 15 74 89 12.102002614022762
584 15 430 445 8.749809910774493
585 15 306 321 11.18486132706098
586 15 563 578 3.7118015031389016
587 15 426 441 10.297981885225687
588 15 145 160 11.197116854396517
589 15 432 447 7.272378553622696
590 15 305 320 10.60385810397745
591 15 363 378 19.10655279942326
592 15 86 101 16.38130202731915
593 15 254 269 12.23174265418347
594 15 455 470 8.152504192181475
595 15 378 393 5.7075475515446445
596 15 541 556 12.489843303420596
597 15 59 74 15.379533048729956
598 15 418 433 9.858498382032517
599 15 8 23 21.21696708883145
600 16 427 443 10.67512275717821
601 16 328 344 22.611796760278047
602 16 451 467 4.783631462011191
603 16 208 224 19.6590766439736
604 16 380 396 7.243056370046199
605 16 300 316 9.00924494083981
606 16 482 498 9.614508499277049
607 16 93 109 14.47824531275683
608 16 189 205 6.062321489831498
609 16 111 127 17.051879145627357
610 16 283 299 15.537806493755111
611 16 114 130 16.028722467359355
612 16 571 587 2.5783522869807785
613 16 157 173 9.703500266554997
614 16 456 472 12.016366304173738
615 16 408 424 15.122978616398257
616 16 431 447 7.824235821115598
617 16 442 458 4.524011528081044
618 16 178 194 45.192756141508156
619 16 253 269 12.94351153640764
620 16 464 480 21.49308580618378
621 16 348 364 23.079885680921187
622 16 535 551 12.185080843705332
623 16 145 161 10.133876031845386
624 16 363 379 19.51042503310103
625 16 473 489 13.380159072301673
626 16 88 104 15.0469300509582
627 16 494 510 7.340635084972448
628 16 301 317 9.14978867180373
629 16 1 17 9.67533578724603
630 16 459 475 13.756300951579638
631 16 7 23 20.918048859672528
632 16 223 239 5.559270088934778
633 16 305 321 11.33830937532805
634 16 117 133 13.32785076337151
635 16 308 324 13.606978009600613
636 16 558 574 4.399376395274348
637 16 159 175 15.2538819584054
638 16 434 450 5.381607869553128
639 16 94 110 14.257518783079721
640 17 509 526 6.055032594041909
641 17 237 254 4.971785375993075
642 17 556 573 4.894124924475434
643 17 415 432 11.89613121356792
644 17 286 303 15.704327174045096
645 17 22 39 36.242235341418684
646 17 123 140 11.45462433427822
647 17 276 293 20.276935227782324
648 17 41 58 11.74647636907949
649 17 0 17 9.247648155637098
650 17 262 279 14.776058735955228
651 17 407 424 16.414515098222722
652 17 538 555 13.117400403023222
653 17 405 422 16.314334176056832
654 17 455 472 12.16446334535584
655 17 104 121 17.45599939064883
656 17 258 275 12.070172306008791
657 17 362 379 21.215632704807508
658 17 290 307 12.853155473998434
659 17 200 217 15.3890161327382
660 17 87 104 16.03120084314959
661 17 36 53 7.5415287261691475
662 17 72 89 13.371613372697182
663 17 268 285 22.125558740836123
664 17 312 329 17.863217565238177
665 17 546 563 12.893204888993457
666 17 348 365 24.414601525370628
667 17 121 138 13.099021748463805
668 17 542 559 14.18232547851296
669 17 255 272 11.766823769213586
670 17 167 184 29.652166246268482
671 17 69 86 11.233326538755936
672 17 424 441 10.459571726175831
673 17 296 313 9.048378185971185
674 17 289 306 14.188126066076865
675 17 532 549 12.092589687988136
676 17 137 154 10.584634117303233
677 17 535 552 12.992170715326298
678 17 215 232 13.32519782868813
679 17 544 561 13.374121421154408
680 18 107 125 19.049082976836413
681 18 420 438 12.412312978192318
682 18 556 574 5.083617331455666
683 18 413 431 14.352394960744974
684 18 285 303 16.309136434976075
685 18 299 317 10.647429333903489
686 18 452 470 9.31379770865525
687 18 380 398 8.787874857410234
688 18 141 159 13.165137191067592
689 18 160 178 17.5715805213547
690 18 126 144 12.473933821130704
691 18 123 141 12.792526139543474
692 18 390 408 10.397157450307734
693 18 410 428 14.518481507341887
694 18 479 497 9.739337754961246
695 18 142 160 11.595976867055917
696 18 573 591 1.612742418916817
697 18 306 324 13.93949452663689
698 18 362 380 21.22268862465938
699 18 484 502 9.903040684731232
700 18 425 443 10.837162164422395
701 18 223 241 6.939855672788168
702 18 488 506 9.627636618211508
703 18 500 518 7.865402171568482
704 18 513 531 10.30652569632462
705 18 325 343 23.378226312666044
706 18 504 522 7.248805435600272
707 18 61 79 13.89827772529787
708 18 454 472 12.575477256313528
709 18 307 325 14.397038573270036
710 18 146 164 12.14264485794492
711 18 507 525 6.532044743488747
712 18 53 71 20.811009828933784
713 18 220 238 7.336679434104162
714 18 26 44 31.341738832994935
715 18 363 381 19.891336859256313
716 18 482 500 10.131322245727516
717 18 400 418 16.728119090034287
718 18 10 28 32.375438652838504
719 18 539 557 13.93578975654012
720 19 68 87 13.046181218892757
721 19 83 102 19.389299175827645
722 19 404 423 17.785232561183157
723 19 6 25 25.034482651277248
724 19 369 388 10.706733010671922
725 19 42 61 17.00747760780022
726 19 118 137 16.201208502589594
727 19 3 22 16.648934562298
728 19 276 295 22.51147009884257
729 19 299 318 11.391668029256085
730 19 232 251 5.480901418742521
731 19 144 163 11.56804719002682
732 19 294 313 10.755037572720022
733 19 195 214 11.267718376583986
734 19 107 126 19.85500452164154
735 19 444 463 4.619974308685215
736 19 471 490 17.675494206312447
737 19 338 357 36.879081213904186
738 19 393 412 11.798914970500459
739 19 172 191 42.8559266511772
740 19 431 450 7.17878406685753
741 19 445 464 4.528678136366134
742 19 151 170 9.569751666656016
743 19 458 477 15.746985627815448
744 19 536 555 14.634899402245408
745 19 323 342 22.361874339029512
746 19 132 151 10.967709811050552
747 19 213 232 16.88100369940536
748 19 191 210 6.807159723577445
749 19 454 473 14.077714741744282
750 19 357 376 30.23133172677999
751 19 398 417 16.03039446582263
752 19 437 456 4.188813177822196
753 19 503 522 7.7888265853531715
754 19 225 244 6.304613857484822
755 19 200 219 17.60713415574608
756 19 449 468 6.747733704555973
757 19 209 228 21.42398088684993
758 19 50 69 21.668750342556198
759 19 397 416 15.604460782681949
760 20 34 54 8.703964131819667
761 20 239 259 8.999570151451572
762 20 86 106 19.188520429662614
763 20 191 211 7.76490613761886
764 20 372 392 4.5990597003278015
765 20 58 78 17.70274167471769
766 20 177 197 46.20559099048783
767 20 238 258 7.756590435629882
768 20 304 324 14.28302749181439
769 20 88 108 18.771921627689675
770 20 524 544 14.15411883568783
771 20 291 311 13.47656240747328
772 20 361 381 24.212242994298126
773 20 421 441 12.775517349919753
774 20 469 489 20.05130618685141
775 20 55 75 19.949223233138895
776 20 528 548 14.055436204038346
777 20 560 580 4.9659202315985125
778 20 440 460 5.1206034444023505
779 20 465 485 23.12981599269111
780 20 501 521 8.70237647326361
781 20 260 280 15.30113264621122
782 20 487 507 11.075957331751034
783 20 220 240 8.130976320832788
784 20 345 365 31.38501403196072
785 20 272 292 23.782444456216123
786 20 43 63 20.06248262953538
787 20 44 64 20.522949019592545
788 20 53 73 20.87622087274699
789 20 166 186 38.49898347459948
790 20 358 378 29.558268007699432
791 20 3 23 18.172659571558096
792 20 296 316 12.044071387121779
793 20 7 27 31.090659869832955
794 20 143 163 11.345608236666262
795 20 65 85 11.758420161970871
796 20 438 458 5.423024178493893
797 20 227 247 4.989957402999352
798 20 406 426 18.64364786001226
799 20 571 591 2.431960524302011
800 21 226 247 5.886877086108289
801 21 464 485 24.30970134015189
802 21 197 218 17.335324284518435
803 21 347 368 27.776274046128997
804 21 104 125 21.093333108378346
805 21 87 108 19.723089526062648
806 21 326 347 31.765519010036318
807 21 330 351 36.150250774648015
808 21 548 569 11.667531374464298
809 21 466 487 23.801882437405975
810 21 332 353 38.77552744396573
811 21 261 282 17.86008710891551
812 21 29 50 19.654569905271355
813 21 534 555 15.922380494571948
814 21 45 66 22.575149487034718
815 21 194 215 13.117304820751068
816 21 377 398 7.115325194125842
817 21 82 103 19.671973135289587
818 21 214 235 15.368190381922552
819 21 537 558 16.37939394461345
820 21 354 375 30.712508123057248
821 21 192 213 9.733899864628006
822 21 206 227 23.042313453278993
823 21 257 278 14.3106570422075
824 21 308 329 19.833552006801735
825 21 319 340 22.05654817592004
826 21 529 550 15.498698807946903
827 21 393 414 13.666886495162656
828 21 260 281 16.01688639389697
829 21 493 514 8.426939255981287
830 21 352 373 30.26253167038637
831 21 245 266 14.291623155633895
832 21 313 334 22.777874639935074
833 21 565 586 3.1846760334335587
834 21 74 95 18.250959833628993
835 21 9 30 36.9598484839729
836 21 471 492 18.458389472677467
837 21 507 528 7.923305865377695
838 21 448 469 8.198495266527308
839 21 48 69 23.27039308965716
840 22 422 444 13.226135626690015
841 22 505 527 7.918699783094192
842 22 471 493 18.875458686520208
843 22 450 472 14.24667295894194
844 22 120 142 17.47742258985926
845 22 87 109 20.589297578500208
846 22 83 105 20.204343227274467
847 22 246 268 14.99528182161479
848 22 101 123 21.160690695685552
849 22 157 179 16.511887333205053
850 22 423 445 12.513804102287892
851 22 218 240 10.032819614129858
852 22 451 473 15.047116676079474
853 22 78 100 20.28215914442701
854 22 437 459 5.859330174264063
855 22 403 425 20.54507592036502
856 22 40 62 16.65890968908455
857 22 184 206 21.781471343988663
858 22 255 277 14.6162338759397
859 22 501 523 8.963848998895886
860 22 225 247 6.789423860476557
861 22 131 153 13.6922139171827
862 22 285 307 16.768392833414886
863 22 360 382 26.079118703649655
864 22 327 349 34.64222493922964
865 22 445 467 4.7058551883916975
866 22 109 131 20.294608663672335
867 22 292 314 14.661059047320633
868 22 554 576 6.795971588727836
869 22 206 228 23.589854042860086
870 22 303 325 14.99373401635924
871 22 452 474 15.811213840783784
872 22 526 548 15.490990580659787
873 22 473 495 15.651068942901475
874 22 549 571 10.926817531591716
875 22 267 289 25.01517125420363
876 22 279 301 23.280027835952836
877 22 237 259 8.218870594222686
878 22 16 38 44.27390266145345
879 22 121 143 16.546789923318354
880 23 101 124 21.694804024375344
881 23 176 199 47.15899349541131
882 23 424 447 11.17636109435694
883 23 254 277 14.410751249844832
884 23 223 246 7.702866718892191
885 23 291 314 15.90172932104592
886 23 6 29 33.33881364910204
887 23 548 571 11.832985498341081
888 23 527 550 16.884778190137304
889 23 438 461 6.326902033796008
890 23 50 73 22.018602295596047
891 23 124 147 13.640785793810046
892 23 393 416 16.5114306171932
893 23 279 302 24.133419233916445
894 23 121 144 16.94654904980797
895 23 367 390 11.172633143330117
896 23 235 258 7.0644232870709285
897 23 559 582 4.95662348516555
898 23 288 311 17.092579204171493
899 23 226 249 7.26657590685469
900 23 245 268 14.468295681219152
901 23 66 89 15.780305727590669
902 23 530 553 17.206599371710706
903 23 314 337 24.272009769349715
904 23 335 358 40.294426484016334
905 23 239 262 12.512165967721177
906 23 382 405 13.227063058850451
907 23 491 514 9.775704278580953
908 23 293 316 15.160041549906566
909 23 175 198 46.368103070234056
910 23 140 163 12.54568226024916
911 23 15 38 45.80162045561626
912 23 566 589 2.5086773487014575
913 23 516 539 14.959611219475248
914 23 375 398 5.624289408290663
915 23 25 48 29.63581509430756
916 23 132 155 17.890527851696955
917 23 405 428 19.766051404404113
918 23 158 181 14.396683689964767
919 23 181 204 37.671828349804194
920 24 522 546 16.317784733607304
921 24 78 102 21.634821888161486
922 24 138 162 13.159215863618872
923 24 211 235 19.917389460590616
924 24 508 532 11.229940077227896
925 24 218 242 11.07840883190871
926 24 240 264 14.632041936521297
927 24 135 159 19.055128926733573
928 24 239 263 13.263831092647115
929 24 393 417 17.23983694026661
930 24 361 385 24.53024996447171
931 24 510 534 12.47128375146223
932 24 110 134 21.01589515895101
933 24 26 50 25.854136577776984
934 24 539 563 16.94258946866053
935 24 367 391 10.075525796441317
936 24 500 524 9.762058587975305
937 24 466 490 25.746634310630654
938 24 316 340 24.657390074718982
939 24 12 36 45.88321177836501
940 24 225 249 8.17577835806864
941 24 166 190 44.9633672827875
942 24 506 530 9.890874842270634
943 24 492 516 10.12846959568988
944 24 559 583 5.035233535800661
945 24 321 345 31.587568493701127
946 24 80 104 20.252859408486056
947 24 265 289 25.360916498828338
948 24 140 164 12.427748486496286
949 24 411 435 17.446725451170263
950 24 195 219 18.528226250476607
951 24 324 348 36.213063917919314
952 24 298 322 16.034670718241376
953 24 60 84 17.374667726678368
954 24 213 237 16.970211083591614
955 24 39 63 17.966223666117987
956 24 322 346 32.84180535277517
957 24 255 279 15.027852077133318
958 24 351 375 31.83182880209285
959 24 451 475 16.512109649089442
960 25 231 256 6.070167030634489
961 25 266 291 26.924604430165772
962 25 352 377 31.963091888454205
963 25 166 191 46.19029454503378
964 25 312 337 26.175598112891997
965 25 17 42 49.951063042991215
966 25 364 389 16.241608396644683
967 25 552 577 8.322760975039154
968 25 59 84 18.58390212436167
969 25 154 179 16.13217622756314
970 25 361 386 24.861518384074152
971 25 22 47 37.36612841601234
972 25 502 527 9.266999641282379
973 25 62 87 17.636567538459023
974 25 25 50 28.134667264765124
975 25 247 272 14.469544426469662
976 25 46 71 25.997393024220962
977 25 12 37 47.44740870703899
978 25 334 359 40.380747867612534
979 25 68 93 21.184148360212344
980 25 63 88 17.270042975523417
981 25 353 378 31.14002521045812
982 25 432 457 7.342856716154161
983 25 139 164 13.050662100020126
984 25 221 246 9.232055620977773
985 25 459 484 22.014804613701106
986 25 445 470 10.114846860230973
987 25 145 170 10.645253669734306
988 25 366 391 11.556902991335187
989 25 319 344 31.269996315013593
990 25 181 206 38.275401038059634
991 25 336 361 37.97859354732764
992 25 418 443 15.835936851520623
993 25 391 416 17.636583660315882
994 25 9 34 44.66741595005527
995 25 419 444 15.457383276845833
996 25 270 295 29.02864730200191
997 25 546 571 13.378330854610311
998 25 544 569 14.376908807854244
999 25 473 498 15.761997749164182
1000 26 42 68 27.52614906331693
1001 26 125 151 13.904544558828361
1002 26 418 444 16.28137220978404
1003 26 399 425 23.228294345813005
1004 26 175 201 47.61034522037883
1005 26 3 29 30.481542350018575
1006 26 512 538 14.61224160813801
1007 26 141 167 12.269007060777652
1008 26 526 552 18.927015255289895
1009 26 151 177 19.566279535410928
1010 26 81 107 21.84788164824072
1011 26 337 363 36.848012152976146
1012 26 243 269 14.864546708201875
1013 26 180 206 41.5320449186387
1014 26 252 278 14.775249642091984
1015 26 22 48 36.082421112088404
1016 26 172 198 43.5122786574607
1017 26 80 106 21.759778474099864
1018 26 437 463 7.538480542729659
1019 26 106 132 23.301600134015416
1020 26 468 494 24.05774185914508
1021 26 153 179 16.784809503433582
1022 26 41 67 25.1550696172386
1023 26 258 284 18.890604668829702
1024 26 348 374 30.785315285892686
1025 26 385 411 15.837224267032584
1026 26 27 53 21.161911517970776
1027 26 37 63 14.671109016696997
1028 26 508 534 12.465570317709401
1029 26 91 117 23.8676096100996
1030 26 366 392 11.71354607921922
1031 26 299 325 17.594809692863667
1032 26 154 180 14.839994090332008
1033 26 469 495 22.201909731362953
1034 26 241 267 15.31444114518343
1035 26 519 545 17.386989014098933
1036 26 364 390 15.114394567999899
1037 26 166 192 46.715338396256605
1038 26 414 440 18.93670444659535
1039 26 345 371 34.8998997197159
1040 27 276 303 28.414728315105005
1041 27 504 531 10.98959889678334
1042 27 402 429 22.144707424089354
1043 27 15 42 53.18981665935252
1044 27 318 345 34.38009129134008
1045 27 543 570 15.062434968144164
1046 27 295 322 18.299723791492312
1047 27 563 590 3.978362378817017
1048 27 480 507 14.3311499875238
1049 27 35 62 11.335241298071638
1050 27 544 571 14.542398989884232
1051 27 268 295 30.678845505525928
1052 27 39 66 22.133933146577505
1053 27 466 493 27.132544365925646
1054 27 404 431 22.01696558810294
1055 27 122 149 15.302346648774103
1056 27 413 440 19.8536247884192
1057 27 354 381 30.481646454736627
1058 27 507 534 12.668225578993729
1059 27 52 79 22.274040885697595
1060 27 21 48 37.85027599336431
1061 27 279 306 24.866012895554306
1062 27 260 287 22.044319675701054
1063 27 296 323 18.715779714103594
1064 27 212 239 18.376761471730187
1065 27 541 568 16.740883460647883
1066 27 528 555 19.943193608462767
1067 27 348 375 31.376609135528003
1068 27 395 422 20.88684495508869
1069 27 256 283 17.60415929459057
1070 27 213 240 17.240473678584284
1071 27 118 145 21.693364320838043
1072 27 337 364 36.608961086160214
1073 27 248 275 15.802283865900721
1074 27 545 572 14.114611905913339
1075 27 361 388 24.26849101548939
1076 27 166 193 46.671402336355364
1077 27 156 183 17.353258933873953
1078 27 338 365 36.63295871698983
1079 27 9 36 48.446746408622055
1080 28 52 80 22.678719224578128
1081 28 159 187 33.278948981737855
1082 28 352 380 30.527806649275874
1083 28 371 399 4.807495116724824
1084 28 298 326 20.10528795840156
1085 28 300 328 20.919984382872055
1086 28 330 358 45.390573345826645
1087 28 506 534 12.7631994217008
1088 28 413 441 20.582259286690086
1089 28 441 469 9.935045631162195
1090 28 174 202 46.69903449898039
1091 28 1 29 28.735314594665734
1092 28 144 172 13.04338982372708
1093 28 44 72 28.01125244803036
1094 28 452 480 22.070595993078207
1095 28 128 156 20.80336138554076
1096 28 349 377 31.047511086482885
1097 28 9 37 49.98906317346578
1098 28 491 519 11.899909334758016
1099 28 263 291 26.04948757267732
1100 28 192 220 19.55123933040288
1101 28 71 99 22.864886150064034
1102 28 562 590 4.174170919484939
1103 28 434 462 8.781169365598204
1104 28 285 313 19.921166967941016
1105 28 178 206 47.483738514439025
1106 28 542 570 15.87313885335579
1107 28 173 201 44.91542790920695
1108 28 64 92 22.18515539934413
1109 28 161 189 37.94600236162965
1110 28 112 140 24.138706948336353
1111 28 516 544 17.77252059346648
1112 28 556 584 5.866655646691006
1113 28 393 421 21.28002277355647
1114 28 445 473 15.766345522440815
1115 28 272 300 31.017718210939762
1116 28 318 346 36.6175031338173
1117 28 291 319 20.41398020835003
1118 28 13 41 54.276538920935806
1119 28 438 466 7.097322861477006
1120 29 287 316 21.921024992147828
1121 29 264 293 29.339707462331894
1122 29 550 579 9.713593175761657
1123 29 539 568 17.54429735932719
1124 29 325 354 48.24680518760897
1125 29 350 379 30.500447063449958
1126 29 194 223 20.953501073085487
1127 29 442 471 13.330193839227105
1128 29 145 174 17.145781431367116
1129 29 6 35 45.402649006576254
1130 29 523 552 20.311765966664357
1131 29 159 188 35.21983288757278
1132 29 393 422 21.912205481230476
1133 29 369 398 6.871074266485084
1134 29 475 504 15.962547253301587
1135 29 37 66 18.540532858101766
1136 29 421 450 13.096818462362336
1137 29 233 262 10.649914082704742
1138 29 16 45 50.36135243988688
1139 29 370 399 5.636606150034399
1140 29 541 570 16.494239275866782
1141 29 162 191 41.68058587525759
1142 29 199 228 22.981584437016366
1143 29 362 391 17.59349458071184
1144 29 508 537 14.294831197885035
1145 29 19 48 41.394693528937644
1146 29 255 284 17.97085835250454
1147 29 247 276 15.507687848041819
1148 29 281 310 23.746716288201362
1149 29 189 218 21.34081815987849
1150 29 430 459 8.855671782114138
1151 29 79 108 24.080932995884236
1152 29 458 487 23.466429077137445
1153 29 242 271 14.22235595363559
1154 29 460 489 25.578795049211674
1155 29 521 550 20.216170109691294
1156 29 102 131 24.604747083884288
1157 29 192 221 20.112750019040725
1158 29 168 197 45.3081015203306
1159 29 451 480 22.198958820554648
1160 30 66 96 22.86435775817958
1161 30 436 466 7.892338513831951
1162 30 404 434 23.476755206133173
1163 30 278 308 26.894384485716323
1164 30 258 288 21.369432276928254
1165 30 447 477 19.027415939728936
1166 30 364 394 14.499499443698998
1167 30 335 365 38.81139775058465
1168 30 92 122 28.33044843909132
1169 30 314 344 35.79387761994013
1170 30 30 60 10.628724753177734
1171 30 504 534 13.042495024941605
1172 30 11 41 56.841120809129016
1173 30 256 286 20.186693097325204
1174 30 207 237 24.047188225952027
1175 30 407 437 23.1117152606195
1176 30 395 425 23.65161397748307
1177 30 446 476 18.02878106977616
1178 30 398 428 23.95867779266619
1179 30 39 69 26.55227046859852
1180 30 476 506 16.618181426868418
1181 30 363 393 16.158313019690656
1182 30 129 159 22.289588054104904
1183 30 285 315 21.91979855528108
1184 30 24 54 27.96071100320699
1185 30 485 515 14.295779489343696
1186 30 534 564 20.910109195378958
1187 30 138 168 13.318108481986588
1188 30 42 72 29.187711007305143
1189 30 83 113 27.195620949887132
1190 30 355 385 31.453059568504965
1191 30 369 399 6.841400635204439
1192 30 4 34 42.13343527764974
1193 30 71 101 24.228425128561497
1194 30 195 225 21.73680375493919
1195 30 113 143 26.087790655412743
1196 30 553 583 7.467307182514294
1197 30 482 512 15.550158564037128
1198 30 44 74 28.50924022032204
1199 30 322 352 46.693784981158004
1200 31 25 56 24.49751427402526
1201 31 322 353 49.195619081711165
1202 31 402 433 24.590996652667915
1203 31 128 159 22.705082185838968
1204 31 281 312 24.64311548636791
1205 31 416 447 18.132307352306263
1206 31 145 176 20.146945039817354
1207 31 151 182 19.731978035594768
1208 31 413 444 21.834037979346437
1209 31 313 344 37.11497760895781
1210 31 523 554 21.585060911975656
1211 31 61 92 25.932157205623476
1212 31 166 197 46.4405380919818
1213 31 137 168 14.532438054942682
1214 31 492 523 12.5163997488054
1215 31 47 78 26.23880947284849
1216 31 532 563 22.19724258873634
1217 31 44 75 28.682669043418027
1218 31 396 427 24.118926121039767
1219 31 184 215 31.872837855867523
1220 31 352 383 31.055096717936518
1221 31 84 115 28.969000230191547
1222 31 82 113 27.454297237139272
1223 31 178 209 49.48233966120654
1224 31 271 302 33.39193706987568
1225 31 206 237 24.488915195989552
1226 31 267 298 33.26684033483007
1227 31 335 366 39.33461804979379
1228 31 259 290 23.125602862517542
1229 31 265 296 32.50509846109654
1230 31 529 560 22.7066160513658
1231 31 467 498 26.616087308324875
1232 31 158 189 35.80561554655744
1233 31 459 490 25.376138410490217
1234 31 156 187 32.426984015022626
1235 31 39 70 26.71215941457904
1236 31 181 212 43.54419567586267
1237 31 524 555 21.76060241887177
1238 31 34 65 13.518354411050456
1239 31 323 354 49.39587681289658
1240 32 73 105 23.76534934675367
1241 32 197 229 23.787305283666672
1242 32 467 499 26.769567246346323
1243 32 244 276 14.695023017166424
1244 32 469 501 22.95878038745421
1245 32 534 566 21.36554667347736
1246 32 163 195 43.78229648820953
1247 32 341 373 40.01678861834106
1248 32 138 170 12.737631343005875
1249 32 487 519 14.662998661837854
1250 32 58 90 26.46068160118151
1251 32 556 588 5.678009082223789
1252 32 84 116 29.976726369481945
1253 32 530 562 22.962439739222358
1254 32 351 383 31.1196482194758
1255 32 2 34 40.015894901825945
1256 32 81 113 27.544054133624346
1257 32 106 138 27.82500643017922
1258 32 437 469 10.288497930964658
1259 32 360 392 22.540338174036577
1260 32 462 494 28.212953292944327
1261 32 343 375 39.793301182329095
1262 32 387 419 21.88898958774624
1263 32 524 556 22.650255594642633
1264 32 370 402 7.204432369140563
1265 32 121 153 19.6837003501457
1266 32 139 171 13.600055377658016
1267 32 324 356 50.998623219982136
1268 32 23 55 29.951181232711697
1269 32 186 218 26.602708601796223
1270 32 128 160 21.85586936613361
1271 32 19 51 39.35420764927311
1272 32 345 377 36.307079709605595
1273 32 45 77 28.084961572835915
1274 32 423 455 11.001184979129789
1275 32 63 95 25.44493967535159
1276 32 318 350 46.08999477967472
1277 32 398 430 25.140946044187306
1278 32 53 85 24.86802008716885
1279 32 172 204 46.01096357593546
1280 33 366 399 10.314719986831921
1281 33 79 112 27.651161981858955
1282 33 418 451 15.394865486203718
1283 33 55 88 26.69113952945847
1284 33 451 484 24.500270035227487
1285 33 363 396 16.03351985402948
1286 33 261 294 28.300161031182462
1287 33 317 350 46.86038137488217
1288 33 464 497 29.25871182286402
1289 33 422 455 11.95310159902154
1290 33 185 218 31.973724165514614
1291 33 31 64 10.967117473384913
1292 33 270 303 34.664938656864855
1293 33 195 228 23.534353493507776
1294 33 396 429 24.59310314991893
1295 33 65 98 25.352702409343124
1296 33 98 131 28.978275716464847
1297 33 126 159 23.86541868645727
1298 33 26 59 19.267728380254052
1299 33 359 392 24.26777214715117
1300 33 21 54 34.163047101341334
1301 33 181 214 46.784259578830344
1302 33 413 446 22.003355138814083
1303 33 13 46 53.5939186907535
1304 33 330 363 43.94133007857275
1305 33 467 500 26.931722818045024
1306 33 507 540 16.67475619699276
1307 33 487 520 15.31564857480682
1308 33 82 115 29.69527952545361
1309 33 52 85 24.87250569336107
1310 33 548 581 11.996873963233025
1311 33 411 444 22.831853813508424
1312 33 268 301 34.92580159977239
1313 33 28 61 13.939945490207199
1314 33 528 561 23.626772216566476
1315 33 341 374 40.419899869378455
1316 33 367 400 9.195642072974383
1317 33 100 133 26.720380827473114
1318 33 482 515 16.19088734221514
1319 33 33 66 13.709444269386655
1320 34 157 191 37.08552405446286
1321 34 528 562 24.23068579428317
1322 34 293 327 25.923111487888193
1323 34 37 71 22.68819087339149
1324 34 0 34 37.22137104220369
1325 34 385 419 23.683800044458554
1326 34 345 379 35.23078512414769
1327 34 160 194 38.504228474562034
1328 34 150 184 27.911919016847254
1329 34 164 198 45.63854135990939
1330 34 178 212 52.910514476340516
1331 34 162 196 41.80937908288964
1332 34 248 282 15.667328830023626
1333 34 336 370 39.09833696048964
1334 34 24 58 24.715950995165418
1335 34 494 528 11.649589120826226
1336 34 407 441 25.161873171663167
1337 34 45 79 28.600193499292295
1338 34 231 265 12.734498833892676
1339 34 246 280 14.922260164080969
1340 34 288 322 26.843291300018965
1341 34 174 208 49.39177481659582
1342 34 243 277 15.465892125193323
1343 34 360 394 22.946606946394397
1344 34 167 201 48.46002169271765
1345 34 430 464 12.226174662273353
1346 34 474 508 18.983619888100982
1347 34 372 406 9.72261000307822
1348 34 141 175 18.028368278924624
1349 34 395 429 24.437188278928986
1350 34 13 47 52.54476867406374
1351 34 166 200 47.62108386890537
1352 34 5 39 53.18418154928383
1353 34 399 433 26.644649015361342
1354 34 176 210 52.30140995821298
1355 34 152 186 34.26473111624562
1356 34 19 53 38.45978623674795
1357 34 25 59 21.52784601860514
1358 34 331 365 42.714691341359824
1359 34 522 556 23.61759994497579
1360 35 3 38 48.15092346266241
1361 35 39 74 26.412620779165277
1362 35 48 83 26.430647195785717
1363 35 114 149 25.359596462790442
1364 35 151 186 34.97343760920267
1365 35 156 191 37.19866066768203
1366 35 388 423 24.213849840382533
1367 35 27 62 14.46939020406575
1368 35 428 463 13.045236632749864
1369 35 446 481 23.760998158546794
1370 35 340 375 40.61707305601776
1371 35 253 288 19.312098504196836
1372 35 141 176 19.188973354050532
1373 35 372 407 11.121705201149345
1374 35 522 557 23.920984190676965
1375 35 221 256 12.343710583875689
1376 35 546 581 13.52549491059271
1377 35 409 444 24.10679086625686
1378 35 74 109 26.718569078664924
1379 35 132 167 19.04613241864739
1380 35 417 452 16.541092231835183
1381 35 359 394 24.672457129587308
1382 35 98 133 29.168596715528604
1383 35 441 476 19.120217184902813
1384 35 251 286 18.511088911620437
1385 35 482 517 17.026737271825354
1386 35 390 425 25.72641109155044
1387 35 230 265 12.857293699504417
1388 35 404 439 27.186168195166623
1389 35 245 280 14.22333530755594
1390 35 492 527 12.640687546353325
1391 35 406 441 27.003472201242534
1392 35 70 105 24.903016804225103
1393 35 258 293 25.30195123081661
1394 35 282 317 27.290884445692082
1395 35 539 574 17.73478507875567
1396 35 380 415 21.05479250863186
1397 35 555 590 6.125023722537326
1398 35 22 57 29.864437380556982
1399 35 485 520 16.562062328448217
1400 36 242 278 15.168758536380986
1401 36 282 318 28.07952413733232
1402 36 41 77 29.02223380442314
1403 36 329 365 45.00773375314068
1404 36 400 436 28.140805588022967
1405 36 109 145 29.24824908033852
1406 36 547 583 12.764577442439892
1407 36 49 85 26.6237720984764
1408 36 147 183 24.65700616956809
1409 36 401 437 28.128805271941648
1410 36 27 63 13.743716058903216
1411 36 431 467 9.64000527433926
1412 36 402 438 28.196755200001594
1413 36 443 479 22.522937822001403
1414 36 107 143 30.23673843565184
1415 36 471 507 22.579667295017398
1416 36 473 509 20.133498147440367
1417 36 165 201 47.484310749817375
1418 36 173 209 48.57205817825136
1419 36 348 384 30.91877515975546
1420 36 485 521 17.05733700024295
1421 36 420 456 14.327170944759516
1422 36 162 198 42.133681156095705
1423 36 290 326 28.743814019482777
1424 36 515 551 23.042665848630957
1425 36 115 151 24.642096076891754
1426 36 377 413 17.136121265597403
1427 36 353 389 31.425722165264403
1428 36 146 182 21.005392930486256
1429 36 366 402 10.439573974369354
1430 36 484 520 17.402222809963764
1431 36 531 567 23.50509350292267
1432 36 55 91 30.732354124755556
1433 36 200 236 23.17957114266083
1434 36 263 299 33.1677286852285
1435 36 181 217 52.062814890471095
1436 36 332 368 41.86227370505051
1437 36 303 339 30.406507368238515
1438 36 389 425 25.643900991590517
1439 36 42 78 30.41355852270314
1440 37 298 335 31.04223174658131
1441 37 441 478 21.815530273376353
1442 37 35 72 19.378165637113003
1443 37 420 457 14.78440489285802
1444 37 275 312 32.394345128939975
1445 37 384 421 25.948339281329336
1446 37 213 250 20.80966220171942
1447 37 355 392 27.91343679854333
1448 37 137 174 19.477750947530446
1449 37 135 172 17.486104818881014
1450 37 112 149 26.96722328431726
1451 37 365 402 11.559346331617107
1452 37 169 206 47.8227811967439
1453 37 31 68 13.759481968994532
1454 37 440 477 19.56751850036046
1455 37 407 444 26.448064153530012
1456 37 474 511 19.170301062920633
1457 37 77 114 30.603091982045637
1458 37 79 116 31.829890690897926
1459 37 435 472 15.319820806900431
1460 37 141 178 20.296047940835187
1461 37 173 210 49.5940713566749
1462 37 156 193 37.45955385341944
1463 37 212 249 21.964659027002295
1464 37 168 205 48.801747075098554
1465 37 233 270 12.997444781895991
1466 37 30 67 11.780963690182134
1467 37 537 574 19.63259796281547
1468 37 138 175 19.711787998813772
1469 37 504 541 17.43763629840513
1470 37 294 331 30.08167487562002
1471 37 343 380 38.15248939008224
1472 37 121 158 28.137908574952263
1473 37 418 455 15.326563515099838
1474 37 268 305 36.45228947590984
1475 37 162 199 42.56007184453482
1476 37 350 387 33.57927939756377
1477 37 513 550 23.08500771077841
1478 37 339 376 40.37107524796966
1479 37 545 582 14.160870374396495
1480 38 148 186 35.79312342157151
1481 38 385 423 26.89547885011306
1482 38 312 350 51.94810477252461
1483 38 240 278 16.491792544400496
1484 38 387 425 26.904569319369205
1485 38 354 392 28.483297197183784
1486 38 399 437 29.36496730137256
1487 38 482 520 18.371550339000645
1488 38 523 561 25.504045920251325
1489 38 313 351 53.2318263531947
1490 38 419 457 15.501863732146887
1491 38 416 454 16.955090587261033
1492 38 100 138 30.36878780139538
1493 38 157 195 37.08124938583567
1494 38 151 189 40.255547237477494
1495 38 5 43 57.51052327760207
1496 38 529 567 24.78137132956884
1497 38 109 147 28.91960504129503
1498 38 209 247 24.018139385756427
1499 38 525 563 25.725333982947635
1500 38 113 151 26.78372328275106
1501 38 273 311 33.81272876147054
1502 38 172 210 49.58850385950494
1503 38 384 422 26.542297641588785
1504 38 87 125 36.94562166928755
1505 38 36 74 21.12427662730131
1506 38 10 48 54.38493479671792
1507 38 118 156 29.885281573973636
1508 38 370 408 12.611123324698665
1509 38 492 530 13.596734382159573
1510 38 325 363 51.267549100084615
1511 38 110 148 28.666580304421363
1512 38 463 501 29.520064149179383
1513 38 377 415 20.121196087519667
1514 38 259 297 28.99864006154861
1515 38 498 536 15.889265684414818
1516 38 234 272 13.275586352807688
1517 38 162 200 43.02055302550141
1518 38 79 117 33.19902123639301
1519 38 520 558 25.871619602583976
1520 39 172 211 50.538700462381605
1521 39 26 65 14.837143780836064
1522 39 170 209 49.217392917619954
1523 39 529 568 24.76326601005648
1524 39 418 457 16.34636011677589
1525 39 213 252 21.156871891527388
1526 39 448 487 26.19847769111665
1527 39 414 453 19.95808617693686
1528 39 270 309 35.696981570373126
1529 39 21 60 28.5039561698615
1530 39 137 176 21.787973166586102
1531 39 397 436 28.744508278404957
1532 39 175 214 57.33821820842319
1533 39 451 490 27.65265395870675
1534 39 54 93 33.975450993260054
1535 39 384 423 27.2680395378968
1536 39 88 127 37.312075361804084
1537 39 342 381 39.06199350458119
1538 39 238 277 16.205579366967832
1539 39 518 557 26.1962404185436
1540 39 466 505 29.363783705673615
1541 39 40 79 28.007208654233334
1542 39 491 530 13.956295477184433
1543 39 104 143 31.747607734895436
1544 39 275 314 34.31666090448099
1545 39 519 558 26.4743010489818
1546 39 502 541 18.13328598279792
1547 39 403 442 29.663640256819527
1548 39 484 523 17.807217957541646
1549 39 271 310 35.23970160090872
1550 39 185 224 35.95900981131696
1551 39 235 274 14.494117259970935
1552 39 373 412 14.875268455234814
1553 39 163 202 45.599372385814384
1554 39 309 348 49.03537668079074
1555 39 147 186 35.693258299975206
1556 39 467 506 29.127032532586355
1557 39 70 109 28.214972076306186
1558 39 489 528 14.278823939342706
1559 39 402 441 29.52584614305939
1560 40 419 459 16.13082683092724
1561 40 94 134 32.19144944600313
1562 40 271 311 35.79696518151892
1563 40 493 533 15.456397496262117
1564 40 235 275 15.128734791662023
1565 40 113 153 28.86503509199203
1566 40 303 343 38.23993094054767
1567 40 144 184 28.457348170335248
1568 40 368 408 13.923155550442555
1569 40 96 136 32.742610147407426
1570 40 141 181 20.567837754189377
1571 40 58 98 33.734089145192364
1572 40 140 180 20.423744240659644
1573 40 203 243 23.666691605768342
1574 40 7 47 55.75346809352268
1575 40 33 73 16.475812522809214
1576 40 414 454 19.731324181058156
1577 40 502 542 18.78242816993902
1578 40 109 149 28.736388595553475
1579 40 484 524 17.924574587040972
1580 40 355 395 28.769092334318785
1581 40 351 391 30.465000538549653
1582 40 99 139 31.69378752588021
1583 40 5 45 56.303887209823344
1584 40 247 287 17.793524681920555
1585 40 232 272 13.636786815616926
1586 40 509 549 21.82563931256736
1587 40 318 358 57.51807828888855
1588 40 281 321 33.04224124075076
1589 40 230 270 13.221030749470538
1590 40 9 49 54.005222264879706
1591 40 507 547 20.76019378883
1592 40 363 403 14.393176910645272
1593 40 521 561 26.433701184509673
1594 40 349 389 32.038886055321576
1595 40 93 133 32.682947398814974
1596 40 79 119 35.07079585045863
1597 40 312 352 56.441922928527184
1598 40 432 472 14.612062693662914
1599 40 231 271 13.24958434064683
1600 41 376 417 21.055484092921457
1601 41 390 431 27.6550164776588
1602 41 148 189 40.93658207530334
1603 41 237 278 15.566872736350048
1604 41 294 335 34.3222010198151
1605 41 204 245 25.088993047757153
1606 41 492 533 15.69617080005436
1607 41 367 408 14.444819850134373
1608 41 289 330 35.705863194305394
1609 41 393 434 28.01092042466033
1610 41 132 173 21.275792046515434
1611 41 122 163 21.98213593006814
1612 41 410 451 22.56458917046534
1613 41 363 404 14.990471310044295
1614 41 512 553 25.34494178123298
1615 41 482 523 18.689927188732973
1616 41 234 275 14.640352720636166
1617 41 382 423 28.152336077627968
1618 41 442 483 25.346766096250796
1619 41 284 325 31.889012867213655
1620 41 107 148 30.842135273593566
1621 41 491 532 15.123739302373494
1622 41 298 339 34.059234749962556
1623 41 123 164 20.444983648758004
1624 41 456 497 27.839484704463555
1625 41 157 198 37.42965183608029
1626 41 352 393 30.20362278621713
1627 41 249 290 18.998889212285125
1628 41 191 232 26.089434453760127
1629 41 346 387 36.82133024938764
1630 41 511 552 24.541049688547343
1631 41 112 153 29.167782291372124
1632 41 398 439 30.574848816186673
1633 41 475 516 19.71977696622989
1634 41 525 566 26.781692714746935
1635 41 472 513 21.491309315780292
1636 41 225 266 15.068804516745919
1637 41 408 449 24.69184992067238
1638 41 514 555 26.36150956037649
1639 41 318 359 56.967986875727824
1640 42 498 540 18.5440811715147
1641 42 238 280 16.018523903699148
1642 42 322 364 53.294050380371765
1643 42 530 572 24.158227150720617
1644 42 1 43 53.04000678722335
1645 42 94 136 33.77242586305489
1646 42 483 525 18.35923773258462
1647 42 324 366 52.72706541573609
1648 42 403 445 30.625330844757855
1649 42 232 274 14.491605147441181
1650 42 441 483 25.278130598521145
1651 42 49 91 34.09987939324527
1652 42 41 83 30.538820926123968
1653 42 416 458 18.35887748854847
1654 42 95 137 33.77803833839999
1655 42 269 311 37.34936122075885
1656 42 205 247 25.78198220697499
1657 42 334 376 41.534563765208546
1658 42 182 224 52.58058307476708
1659 42 115 157 33.84946061979773
1660 42 185 227 37.45790847030411
1661 42 372 414 16.646903124762222
1662 42 28 70 12.328629025989688
1663 42 239 281 15.983843114618196
1664 42 44 86 32.591553509030675
1665 42 8 50 53.31403336020289
1666 42 391 433 28.918208802377926
1667 42 547 589 12.635583160400655
1668 42 4 46 54.2480124794656
1669 42 132 174 22.512210134042366
1670 42 119 161 27.306108311404177
1671 42 204 246 24.89670154937335
1672 42 83 125 40.405987198724326
1673 42 477 519 18.962470195099524
1674 42 202 244 23.67330970600299
1675 42 532 574 23.137658057230414
1676 42 425 467 12.07583881678408
1677 42 68 110 30.461709769992765
1678 42 549 591 10.877444340681938
1679 42 181 223 56.409716441487966
1680 43 239 282 16.516603137266987
1681 43 232 275 15.159921524603925
1682 43 425 468 11.8389962654272
1683 43 391 434 29.163711182953556
1684 43 486 529 15.70262108723106
1685 43 0 43 51.24197205775287
1686 43 446 489 27.84870235923534
1687 43 215 258 20.120529136235668
1688 43 390 433 28.739894091602952
1689 43 42 85 32.7080128129939
1690 43 275 318 37.944013737756435
1691 43 29 72 11.251881134135402
1692 43 355 398 27.85820725470184
1693 43 376 419 23.082144863719723
1694 43 345 388 38.894284003610274
1695 43 464 507 32.48946621093041
1696 43 137 180 22.660043558351656
1697 43 529 572 24.908565736360977
1698 43 94 137 34.19727664195874
1699 43 257 300 29.473684904913778
1700 43 105 148 31.980134287407267
1701 43 279 322 36.664735949495956
1702 43 24 67 16.938846327290392
1703 43 145 188 39.70942737308257
1704 43 139 182 23.164801066736054
1705 43 388 431 27.91183733786149
1706 43 212 255 24.017835693314247
1707 43 327 370 49.90970181382496
1708 43 206 249 27.63835145287093
1709 43 431 474 16.120152839111093
1710 43 520 563 28.202721844459457
1711 43 512 555 26.47303672245551
1712 43 123 166 19.839889839954505
1713 43 108 151 29.315861299874754
1714 43 127 170 18.702989977409832
1715 43 521 564 27.79150801871265
1716 43 458 501 27.425613545487767
1717 43 481 524 18.659840626003227
1718 43 182 225 52.89115538439168
1719 43 465 508 31.90061053958306
1720 44 347 391 31.874680876840877
1721 44 131 175 23.619565859581385
1722 44 426 470 12.631152820693487
1723 44 260 304 33.83311626456963
1724 44 386 430 29.14302922283997
1725 44 80 124 40.65579170919273
1726 44 517 561 28.390746617165
1727 44 343 387 41.90117860742039
1728 44 239 283 17.033772494471062
1729 44 464 508 32.89637639706833
1730 44 254 298 25.357038435185128
1731 44 359 403 22.471078768313898
1732 44 492 536 17.29202055702845
1733 44 420 464 18.610751815326804
1734 44 24 68 16.677967978998304
1735 44 457 501 28.223510698658927
1736 44 6 50 52.12438040494207
1737 44 414 458 21.213977698731977
1738 44 456 500 28.20414564179088
1739 44 229 273 13.680137210001037
1740 44 439 483 25.194657547578824
1741 44 246 290 18.480652269546233
1742 44 259 303 32.68281667922622
1743 44 488 532 16.496271722744382
1744 44 486 530 16.18147260895809
1745 44 144 188 40.17719682249342
1746 44 233 277 14.961455097297613
1747 44 451 495 29.10280911995259
1748 44 290 334 38.66981365220668
1749 44 368 412 16.402094409488704
1750 44 497 541 18.955311208373708
1751 44 152 196 41.29331067448807
1752 44 534 578 21.67606285717037
1753 44 89 133 38.305947849086266
1754 44 192 236 24.598090483831495
1755 44 307 351 56.33117900623469
1756 44 530 574 24.30886265486918
1757 44 125 169 19.50012237479749
1758 44 60 104 35.560645089717454
1759 44 158 202 39.478908639387804
1760 45 351 396 31.26950192888735
1761 45 37 82 23.84410593745892
1762 45 342 387 42.63721066052157
1763 45 164 209 50.83708770420816
1764 45 479 524 18.294837084237823
1765 45 399 444 32.71813593976106
1766 45 192 237 24.624944571520942
1767 45 421 466 15.993686443493607
1768 45 508 553 25.49833973457015
1769 45 196 241 24.11327530841513
1770 45 171 216 58.86328370322743
1771 45 400 445 32.6770625443644
1772 45 48 93 37.63557807191512
1773 45 347 392 31.874861040015375
1774 45 533 578 22.180903351511482
1775 45 335 380 39.654681751224985
1776 45 187 232 31.393081488932065
1777 45 531 576 23.85940448355852
1778 45 444 489 28.38019706995881
1779 45 155 200 38.995378179407325
1780 45 505 550 23.827690520862493
1781 45 218 263 18.403050056061453
1782 45 451 496 28.974985180877418
1783 45 33 78 16.747237571513377
1784 45 248 293 20.842637489283035
1785 45 499 544 20.935888652198056
1786 45 325 370 52.90629246166412
1787 45 201 246 23.61955966575605
1788 45 0 45 50.03603814946762
1789 45 44 89 36.1896783580331
1790 45 63 108 34.535156035726416
1791 45 137 182 25.014338107365315
1792 45 453 498 28.79384814958533
1793 45 229 274 14.115965384961312
1794 45 111 156 35.20882958642198
1795 45 528 573 25.656536470046916
1796 45 435 480 22.501786087017813
1797 45 293 338 38.16568706680394
1798 45 346 391 34.4201600873631
1799 45 167 212 55.24640037346767
1800 46 381 427 30.434480402593906
1801 46 365 411 18.75649389610593
1802 46 448 494 29.367968897340216
1803 46 400 446 32.56158396536221
1804 46 449 495 29.713451544024544
1805 46 325 371 53.217013191418864
1806 46 479 525 18.08545701108522
1807 46 68 114 34.64010468027707
1808 46 150 196 42.13427577999574
1809 46 225 271 15.770874331242723
1810 46 116 162 29.232059772819568
1811 46 159 205 41.95554538431106
1812 46 403 449 29.92737991694344
1813 46 475 521 21.655333706569557
1814 46 215 261 22.80427273420194
1815 46 376 422 25.521377004661318
1816 46 47 93 38.97734990890515
1817 46 21 67 21.731107059536622
1818 46 415 461 21.284968440752653
1819 46 212 258 25.37354511293177
1820 46 89 135 39.67316647116202
1821 46 422 468 14.549408191635507
1822 46 421 467 15.26698486212654
1823 46 4 50 50.27353084742884
1824 46 139 185 34.132421499116234
1825 46 543 589 15.403526045576708
1826 46 501 547 22.204817007458768
1827 46 316 362 58.81264102820818
1828 46 389 435 29.020002503270575
1829 46 67 113 34.502759683486
1830 46 80 126 41.85097096787974
1831 46 504 550 24.04716819519826
1832 46 15 61 38.85424302194115
1833 46 208 254 27.95068212656
1834 46 429 475 17.136201712713852
1835 46 368 414 17.83205174433398
1836 46 319 365 56.24533046375091
1837 46 85 131 42.64351467963484
1838 46 23 69 17.77815386697605
1839 46 244 290 17.970125688789192
1840 47 28 75 10.420358427460734
1841 47 524 571 27.1432592549063
1842 47 376 423 26.2448555770153
1843 47 157 204 40.3030845582288
1844 47 476 523 20.667201723807572
1845 47 264 311 38.24850852416875
1846 47 112 159 36.37962686506717
1847 47 457 504 28.672449134978383
1848 47 285 332 40.65436348553313
1849 47 224 271 16.463709250743396
1850 47 391 438 32.06678790450933
1851 47 393 440 31.631778403277604
1852 47 518 565 30.166590690679392
1853 47 347 394 33.010231517917155
1854 47 233 280 15.199482859924553
1855 47 270 317 41.48038577183893
1856 47 91 138 38.308833959980205
1857 47 45 92 39.615654614412925
1858 47 158 205 41.507912259126066
1859 47 323 370 54.23115441163083
1860 47 496 543 20.598774555453737
1861 47 64 111 36.00605777831181
1862 47 539 586 17.991081520061222
1863 47 490 537 18.39627516230497
1864 47 445 492 29.43611689847113
1865 47 327 374 50.47181952664776
1866 47 394 441 31.55675225745125
1867 47 24 71 15.025145757292574
1868 47 119 166 22.913576814589522
1869 47 444 491 29.469836766907417
1870 47 136 183 29.301369443015513
1871 47 145 192 42.51080239825833
1872 47 31 78 13.56062780286218
1873 47 121 168 22.249401539159656
1874 47 440 487 26.859399703132393
1875 47 253 300 26.449650171613555
1876 47 32 79 14.532282239106225
1877 47 278 325 40.52551709088774
1878 47 118 165 24.059885779256962
1879 47 352 399 30.35203474274815
1880 48 298 346 48.787031937257794
1881 48 382 430 31.500511159798144
1882 48 194 242 24.64941874370121
1883 48 61 109 38.78750949516791
1884 48 346 394 35.651325262593474
1885 48 527 575 26.404374957441508
1886 48 14 62 38.997300201065876
1887 48 165 213 55.79382985487473
1888 48 507 555 26.902918450075614
1889 48 22 70 18.2048535097455
1890 48 264 312 38.61563315868893
1891 48 339 387 42.19686647772935
1892 48 140 188 42.08444440110127
1893 48 352 400 30.008231785439833
1894 48 101 149 32.87279155001884
1895 48 427 475 15.978777397241753
1896 48 69 117 36.66316548465297
1897 48 257 305 31.472041035308383
1898 48 106 154 34.81353709603384
1899 48 533 581 22.15037751229244
1900 48 76 124 42.27541941833493
1901 48 131 179 24.935190568987128
1902 48 496 544 21.169820224115746
1903 48 35 83 21.57704719727024
1904 48 532 580 23.06897351217947
1905 48 228 276 15.139123941556617
1906 48 355 403 26.752910306055583
1907 48 99 147 34.99364547971725
1908 48 222 270 17.11605247131587
1909 48 181 229 58.8158741069527
1910 48 235 283 16.816658012609555
1911 48 408 456 24.970673392772497
1912 48 206 254 29.204342129632764
1913 48 449 497 29.647591517749657
1914 48 356 404 25.98417056648277
1915 48 161 209 45.55320449484378
1916 48 275 323 42.9137059390602
1917 48 205 253 28.43075410696342
1918 48 221 269 17.846868221606588
1919 48 476 524 20.54328128143525
1920 49 321 370 55.642389847390184
1921 49 131 180 25.59454514880563
1922 49 283 332 42.77225457880817
1923 49 0 49 45.706438101533
1924 49 85 134 43.33530255302598
1925 49 335 384 40.23867615764628
1926 49 315 364 59.44707600095531
1927 49 331 380 43.13984921222224
1928 49 35 84 21.95699413917283
1929 49 86 135 43.49042862889254
1930 49 14 63 37.59018607087416
1931 49 299 348 53.11214028869682
1932 49 117 166 25.432272962928064
1933 49 170 219 61.28287525390958
1934 49 281 330 43.676260228470575
1935 49 206 255 29.866108476560157
1936 49 525 574 27.305454240238575
1937 49 354 403 27.64309923531412
1938 49 459 508 30.168891906394176
1939 49 91 140 38.9299866415145
1940 49 424 473 15.997025979110598
1941 49 514 563 30.62527491491974
1942 49 418 467 17.963905693874022
1943 49 125 174 23.603415043428683
1944 49 82 131 44.00429272182336
1945 49 474 523 21.55815587374114
1946 49 178 227 67.28854246272245
1947 49 303 352 59.25723721618308
1948 49 246 295 21.43493617496226
1949 49 447 496 29.752933090027977
1950 49 293 342 44.06071654032061
1951 49 32 81 15.773011828903988
1952 49 23 72 16.293904120021953
1953 49 8 57 48.50654194799282
1954 49 275 324 43.469542985544585
1955 49 78 127 43.347312451798594
1956 49 320 369 55.87775460440525
1957 49 324 373 54.15675064360475
1958 49 294 343 44.97306546388573
1959 49 49 98 39.98959771317488
1960 50 254 304 28.780871409852118
1961 50 529 579 25.166606559130116
1962 50 143 193 43.176962744584536
1963 50 265 315 41.48694033288144
1964 50 57 107 41.439591604607116
1965 50 397 447 32.987045536422876
1966 50 428 478 18.815678017206785
1967 50 287 337 44.15304552215429
1968 50 230 280 15.270549805008184
1969 50 259 309 33.474228018717774
1970 50 320 370 56.375008615257876
1971 50 501 551 25.684163549235393
1972 50 459 509 30.371762476614155
1973 50 125 175 24.238901476786225
1974 50 433 483 22.703220167405966
1975 50 383 433 32.3345194135845
1976 50 173 223 63.31511492690811
1977 50 533 583 22.23642406405818
1978 50 52 102 42.81789372119338
1979 50 236 286 18.909864219532103
1980 50 488 538 19.886231712115052
1981 50 392 442 33.583652040706006
1982 50 31 81 14.991586918650745
1983 50 244 294 20.595406450835654
1984 50 83 133 44.06906665720604
1985 50 315 365 59.59276848564458
1986 50 100 150 33.658584114109175
1987 50 187 237 31.075198567167085
1988 50 131 181 27.231082455218957
1989 50 448 498 29.454637719308817
1990 50 15 65 34.425691638491095
1991 50 370 420 23.18954082000981
1992 50 538 588 18.839168553343363
1993 50 423 473 17.614775096097137
1994 50 127 177 24.57294819463175
1995 50 539 589 17.718433662164415
1996 50 252 302 27.343937700830736
1997 50 511 561 29.895529142267456
1998 50 288 338 44.414148792135066
1999 50 274 324 44.20323219173539
