freiburg1_room
image      depth      pose
0 1305031910.765238    1305031910.771502    1305031910.7695
1 1305031910.797230    1305031910.803249    1305031910.7995
2 1305031910.835208    1305031910.835215    1305031910.8395
3 1305031910.897222    1305031910.903682    1305031910.8995
4 1305031910.935211    1305031910.935221    1305031910.9395
5 1305031910.997325    1305031911.003202    1305031910.9996
6 1305031911.035050    1305031911.035056    1305031911.0395
7 1305031911.097196    1305031911.103332    1305031911.0996
8 1305031911.135664    1305031911.135683    1305031911.1395
9 1305031911.197213    1305031911.207568    1305031911.1995
10 1305031911.235651    1305031911.235660    1305031911.2395
11 1305031911.297334    1305031911.303504    1305031911.2995
12 1305031911.333191    1305031911.339412    1305031911.3296
13 1305031911.365235    1305031911.371631    1305031911.3696
14 1305031911.397333    1305031911.403484    1305031911.3995
15 1305031911.433256    1305031911.439656    1305031911.4295
16 1305031911.465250    1305031911.471398    1305031911.4695
17 1305031911.497291    1305031911.503476    1305031911.4996
18 1305031911.533251    1305031911.539636    1305031911.5296
19 1305031911.565335    1305031911.571543    1305031911.5695
20 1305031911.597302    1305031911.603617    1305031911.5995
21 1305031911.633337    1305031911.639562    1305031911.6295
22 1305031911.665124    1305031911.671469    1305031911.6695
23 1305031911.697167    1305031911.705153    1305031911.6995
24 1305031911.733203    1305031911.739460    1305031911.7295
25 1305031911.765284    1305031911.771372    1305031911.7695
26 1305031911.797297    1305031911.803540    1305031911.7995
27 1305031911.833338    1305031911.839611    1305031911.8295
28 1305031911.865269    1305031911.871650    1305031911.8695
29 1305031911.897159    1305031911.904281    1305031911.8995
30 1305031911.933063    1305031911.940338    1305031911.9295
31 1305031911.965140    1305031911.972044    1305031911.9695
32 1305031911.997252    1305031912.004430    1305031911.9995
33 1305031912.033135    1305031912.040573    1305031912.0295
34 1305031912.065365    1305031912.069771    1305031912.0695
35 1305031912.096953    1305031912.104327    1305031912.0995
36 1305031912.133282    1305031912.139831    1305031912.1297
37 1305031912.165138    1305031912.171439    1305031912.1697
38 1305031912.197357    1305031912.204109    1305031912.1996
39 1305031912.233265    1305031912.239820    1305031912.2295
40 1305031912.265090    1305031912.272101    1305031912.2695
41 1305031912.297250    1305031912.303877    1305031912.2996
42 1305031912.333274    1305031912.340453    1305031912.3295
43 1305031912.365250    1305031912.371540    1305031912.3695
44 1305031912.397198    1305031912.403793    1305031912.3996
45 1305031912.433290    1305031912.438048    1305031912.4295
46 1305031912.465142    1305031912.472320    1305031912.4695
47 1305031912.497123    1305031912.508934    1305031912.4995
48 1305031912.533113    1305031912.540326    1305031912.5296
49 1305031912.565146    1305031912.572025    1305031912.5695
50 1305031912.597090    1305031912.607722    1305031912.5995
51 1305031912.633132    1305031912.637657    1305031912.6295
52 1305031912.665220    1305031912.672091    1305031912.6695
53 1305031912.697182    1305031912.708413    1305031912.6995
54 1305031912.733125    1305031912.740310    1305031912.7295
55 1305031912.765193    1305031912.772223    1305031912.7695
56 1305031912.797155    1305031912.809603    1305031912.7995
57 1305031912.833077    1305031912.840573    1305031912.8295
58 1305031912.865153    1305031912.872087    1305031912.8696
59 1305031912.897198    1305031912.908080    1305031912.8995
60 1305031912.933115    1305031912.940609    1305031912.9295
61 1305031912.965034    1305031912.972119    1305031912.9695
62 1305031912.997049    1305031913.008923    1305031912.9995
63 1305031913.033133    1305031913.040171    1305031913.0295
64 1305031913.065209    1305031913.072194    1305031913.0695
65 1305031913.097038    1305031913.108367    1305031913.0995
66 1305031913.133146    1305031913.137597    1305031913.1296
67 1305031913.165211    1305031913.172328    1305031913.1695
68 1305031913.197113    1305031913.208546    1305031913.1995
69 1305031913.233126    1305031913.240453    1305031913.2295
70 1305031913.265022    1305031913.272069    1305031913.2695
71 1305031913.297160    1305031913.308747    1305031913.2995
72 1305031913.333122    1305031913.340047    1305031913.3295
73 1305031913.365070    1305031913.372117    1305031913.3695
74 1305031913.397099    1305031913.408181    1305031913.3996
75 1305031913.433081    1305031913.440305    1305031913.4295
76 1305031913.465231    1305031913.472064    1305031913.4695
77 1305031913.497227    1305031913.508406    1305031913.4996
78 1305031913.533297    1305031913.538696    1305031913.5295
79 1305031913.565261    1305031913.568481    1305031913.5695
80 1305031913.597139    1305031913.607051    1305031913.5994
81 1305031913.633293    1305031913.637112    1305031913.6295
82 1305031913.665421    1305031913.671418    1305031913.6695
83 1305031913.697243    1305031913.709971    1305031913.6995
84 1305031913.733097    1305031913.743396    1305031913.7295
85 1305031913.765028    1305031913.778085    1305031913.7695
86 1305031913.797106    1305031913.809508    1305031913.7995
87 1305031913.833143    1305031913.840405    1305031913.8295
88 1305031913.865063    1305031913.876025    1305031913.8695
89 1305031913.897116    1305031913.908138    1305031913.8995
90 1305031913.933123    1305031913.939898    1305031913.9295
91 1305031913.965134    1305031913.977474    1305031913.9695
92 1305031913.997116    1305031914.008756    1305031913.9998
93 1305031914.033441    1305031914.042148    1305031914.0295
94 1305031914.065072    1305031914.075482    1305031914.0696
95 1305031914.097126    1305031914.108031    1305031914.0995
96 1305031914.133245    1305031914.142725    1305031914.1296
97 1305031914.165013    1305031914.177921    1305031914.1695
98 1305031914.197110    1305031914.207783    1305031914.1995
99 1305031914.233108    1305031914.239738    1305031914.2295
100 1305031914.265074    1305031914.275498    1305031914.2695
101 1305031914.297165    1305031914.307439    1305031914.2995
102 1305031914.333148    1305031914.339813    1305031914.3295
103 1305031914.365058    1305031914.376077    1305031914.3695
104 1305031914.397215    1305031914.407339    1305031914.3995
105 1305031914.433060    1305031914.439366    1305031914.4296
106 1305031914.465054    1305031914.475929    1305031914.4695
107 1305031914.497127    1305031914.508084    1305031914.4995
108 1305031914.533107    1305031914.539445    1305031914.5295
109 1305031914.565001    1305031914.575638    1305031914.5695
110 1305031914.597122    1305031914.607525    1305031914.5995
111 1305031914.633055    1305031914.639613    1305031914.6295
112 1305031914.665019    1305031914.675447    1305031914.6695
113 1305031914.697129    1305031914.707659    1305031914.6995
114 1305031914.733078    1305031914.742851    1305031914.7295
115 1305031914.764901    1305031914.776080    1305031914.7695
116 1305031914.797119    1305031914.810077    1305031914.7995
117 1305031914.833133    1305031914.839826    1305031914.8295
118 1305031914.865128    1305031914.876190    1305031914.8696
119 1305031914.897188    1305031914.908910    1305031914.8995
120 1305031914.933099    1305031914.938404    1305031914.9294
121 1305031914.964978    1305031914.975628    1305031914.9695
122 1305031914.997078    1305031915.007678    1305031914.9994
123 1305031915.033152    1305031915.044015    1305031915.0295
124 1305031915.065009    1305031915.073665    1305031915.0696
125 1305031915.097024    1305031915.105907    1305031915.0995
126 1305031915.133208    1305031915.142313    1305031915.1295
127 1305031915.165021    1305031915.173454    1305031915.1695
128 1305031915.197108    1305031915.209278    1305031915.1995
129 1305031915.233111    1305031915.244223    1305031915.2295
130 1305031915.264979    1305031915.276431    1305031915.2695
131 1305031915.297152    1305031915.306226    1305031915.2995
132 1305031915.333207    1305031915.341488    1305031915.3295
133 1305031915.365050    1305031915.373270    1305031915.3695
134 1305031915.397167    1305031915.406736    1305031915.3995
135 1305031915.432960    1305031915.442726    1305031915.4295
136 1305031915.464920    1305031915.474257    1305031915.4695
137 1305031915.497121    1305031915.506429    1305031915.4997
138 1305031915.533058    1305031915.542700    1305031915.5295
139 1305031915.564985    1305031915.575890    1305031915.5695
140 1305031915.601161    1305031915.607095    1305031915.5995
141 1305031915.633062    1305031915.644456    1305031915.6295
142 1305031915.665003    1305031915.676911    1305031915.6695
143 1305031915.701106    1305031915.710920    1305031915.6996
144 1305031915.733046    1305031915.744275    1305031915.7295
145 1305031915.765010    1305031915.776046    1305031915.7695
146 1305031915.801243    1305031915.807068    1305031915.7994
147 1305031915.833049    1305031915.844882    1305031915.8295
148 1305031915.865069    1305031915.877002    1305031915.8695
149 1305031915.901234    1305031915.907069    1305031915.8995
150 1305031915.933056    1305031915.944991    1305031915.9298
151 1305031915.965061    1305031915.976975    1305031915.9695
152 1305031916.001234    1305031916.007650    1305031915.9995
153 1305031916.033043    1305031916.044257    1305031916.0295
154 1305031916.065060    1305031916.075852    1305031916.0696
155 1305031916.101115    1305031916.107904    1305031916.0996
156 1305031916.133093    1305031916.143770    1305031916.1295
157 1305031916.165155    1305031916.175966    1305031916.1695
158 1305031916.201031    1305031916.213438    1305031916.1995
159 1305031916.233050    1305031916.244817    1305031916.2295
160 1305031916.265060    1305031916.276150    1305031916.2695
161 1305031916.301076    1305031916.312024    1305031916.2995
162 1305031916.333426    1305031916.344853    1305031916.3294
163 1305031916.365121    1305031916.375943    1305031916.3697
164 1305031916.401006    1305031916.412634    1305031916.3996
165 1305031916.433168    1305031916.445160    1305031916.4297
166 1305031916.465124    1305031916.475799    1305031916.4695
167 1305031916.501025    1305031916.511070    1305031916.4995
168 1305031916.533266    1305031916.542416    1305031916.5296
169 1305031916.565142    1305031916.574661    1305031916.5695
170 1305031916.601238    1305031916.610788    1305031916.5995
171 1305031916.633156    1305031916.643191    1305031916.6295
172 1305031916.665139    1305031916.674514    1305031916.6695
173 1305031916.701048    1305031916.711186    1305031916.6996
174 1305031916.733056    1305031916.742388    1305031916.7296
175 1305031916.765076    1305031916.774484    1305031916.7695
176 1305031916.801088    1305031916.810984    1305031916.7995
177 1305031916.833266    1305031916.842413    1305031916.8295
178 1305031916.865085    1305031916.874597    1305031916.8694
179 1305031916.901017    1305031916.911349    1305031916.8997
180 1305031916.933088    1305031916.942991    1305031916.9295
181 1305031916.965054    1305031916.975281    1305031916.9695
182 1305031917.001132    1305031917.013257    1305031916.9995
183 1305031917.033155    1305031917.045346    1305031917.0295
184 1305031917.065136    1305031917.078672    1305031917.0695
185 1305031917.101130    1305031917.112392    1305031917.0995
186 1305031917.133106    1305031917.144721    1305031917.1295
187 1305031917.165045    1305031917.175617    1305031917.1695
188 1305031917.201175    1305031917.211105    1305031917.1994
189 1305031917.233102    1305031917.242019    1305031917.2295
190 1305031917.265163    1305031917.275690    1305031917.2695
191 1305031917.301107    1305031917.311009    1305031917.2994
192 1305031917.333229    1305031917.342994    1305031917.3295
193 1305031917.365138    1305031917.375028    1305031917.3695
194 1305031917.401065    1305031917.412516    1305031917.3995
195 1305031917.433141    1305031917.442191    1305031917.4295
196 1305031917.465076    1305031917.480876    1305031917.4695
197 1305031917.501158    1305031917.512902    1305031917.4994
198 1305031917.533057    1305031917.544881    1305031917.5295
199 1305031917.565195    1305031917.581189    1305031917.5694
200 1305031917.601069    1305031917.611278    1305031917.5995
201 1305031917.633090    1305031917.644587    1305031917.6294
202 1305031917.665060    1305031917.680182    1305031917.6695
203 1305031917.701096    1305031917.712747    1305031917.6995
204 1305031917.733003    1305031917.743645    1305031917.7295
205 1305031917.765114    1305031917.776958    1305031917.7695
206 1305031917.801048    1305031917.812348    1305031917.7995
207 1305031917.833090    1305031917.844755    1305031917.8295
208 1305031917.865107    1305031917.879431    1305031917.8694
209 1305031917.901060    1305031917.907881    1305031917.8995
210 1305031917.932948    1305031917.941261    1305031917.9294
211 1305031917.965346    1305031917.978906    1305031917.9695
212 1305031918.001098    1305031918.011404    1305031917.9995
213 1305031918.033144    1305031918.044049    1305031918.0295
214 1305031918.065137    1305031918.081372    1305031918.0695
215 1305031918.101060    1305031918.113495    1305031918.0995
216 1305031918.133054    1305031918.145896    1305031918.1296
217 1305031918.165017    1305031918.179489    1305031918.1695
218 1305031918.201086    1305031918.214208    1305031918.1995
219 1305031918.233042    1305031918.244974    1305031918.2294
220 1305031918.265256    1305031918.280832    1305031918.2694
221 1305031918.301124    1305031918.312487    1305031918.2995
222 1305031918.333165    1305031918.344896    1305031918.3295
223 1305031918.365072    1305031918.379884    1305031918.3695
224 1305031918.401030    1305031918.413065    1305031918.3995
225 1305031918.433043    1305031918.445292    1305031918.4294
226 1305031918.465089    1305031918.481811    1305031918.4695
227 1305031918.501125    1305031918.513488    1305031918.4994
228 1305031918.533134    1305031918.545221    1305031918.5295
229 1305031918.565018    1305031918.582328    1305031918.5694
230 1305031918.601029    1305031918.613230    1305031918.5995
231 1305031918.633027    1305031918.645169    1305031918.6295
232 1305031918.665112    1305031918.681778    1305031918.6694
233 1305031918.701017    1305031918.713496    1305031918.6994
234 1305031918.732948    1305031918.749734    1305031918.7295
235 1305031918.765151    1305031918.749734    1305031918.7694
236 1305031918.801097    1305031918.814538    1305031918.7994
237 1305031918.833123    1305031918.850071    1305031918.8294
238 1305031918.865115    1305031918.880096    1305031918.8695
239 1305031918.901084    1305031918.912498    1305031918.8995
240 1305031918.933071    1305031918.948107    1305031918.9294
241 1305031918.965058    1305031918.980882    1305031918.9694
242 1305031919.001053    1305031919.013079    1305031918.9995
243 1305031919.033082    1305031919.047888    1305031919.0294
244 1305031919.065147    1305031919.081202    1305031919.0694
245 1305031919.101028    1305031919.113268    1305031919.0994
246 1305031919.133133    1305031919.149786    1305031919.1295
247 1305031919.165110    1305031919.180150    1305031919.1694
248 1305031919.201124    1305031919.212613    1305031919.1995
249 1305031919.233093    1305031919.248053    1305031919.2294
250 1305031919.265125    1305031919.248053    1305031919.2695
251 1305031919.301119    1305031919.313576    1305031919.2994
252 1305031919.333120    1305031919.348352    1305031919.3294
253 1305031919.364948    1305031919.376791    1305031919.3694
254 1305031919.401124    1305031919.413966    1305031919.3994
255 1305031919.433256    1305031919.446851    1305031919.4294
256 1305031919.465070    1305031919.480223    1305031919.4694
257 1305031919.501049    1305031919.512137    1305031919.4994
258 1305031919.533110    1305031919.548061    1305031919.5294
259 1305031919.565165    1305031919.580925    1305031919.5695
260 1305031919.601094    1305031919.611928    1305031919.5994
261 1305031919.633127    1305031919.649872    1305031919.6295
262 1305031919.665042    1305031919.680144    1305031919.6695
263 1305031919.701092    1305031919.711961    1305031919.6994
264 1305031919.733117    1305031919.747809    1305031919.7294
265 1305031919.765060    1305031919.779527    1305031919.7696
266 1305031919.801129    1305031919.815366    1305031919.7995
267 1305031919.833072    1305031919.849456    1305031919.8294
268 1305031919.865180    1305031919.880464    1305031919.8694
269 1305031919.901067    1305031919.917226    1305031919.8995
270 1305031919.933102    1305031919.948072    1305031919.9294
271 1305031919.965129    1305031919.981539    1305031919.9694
272 1305031920.001054    1305031920.017137    1305031919.9994
273 1305031920.033118    1305031920.048127    1305031920.0295
274 1305031920.065136    1305031920.081263    1305031920.0694
275 1305031920.101055    1305031920.116134    1305031920.0995
276 1305031920.132987    1305031920.148679    1305031920.1295
277 1305031920.165140    1305031920.180544    1305031920.1694
278 1305031920.201166    1305031920.217426    1305031920.1994
279 1305031920.233083    1305031920.248168    1305031920.2294
280 1305031920.265120    1305031920.280534    1305031920.2694
281 1305031920.301096    1305031920.316524    1305031920.2994
282 1305031920.333124    1305031920.316524    1305031920.3294
283 1305031920.365130    1305031920.380357    1305031920.3695
284 1305031920.401115    1305031920.417274    1305031920.3994
285 1305031920.433123    1305031920.448025    1305031920.4294
286 1305031920.465148    1305031920.481785    1305031920.4695
287 1305031920.501107    1305031920.517298    1305031920.4994
288 1305031920.533105    1305031920.547964    1305031920.5294
289 1305031920.565153    1305031920.581456    1305031920.5694
290 1305031920.601126    1305031920.617995    1305031920.5994
291 1305031920.633105    1305031920.617995    1305031920.6294
292 1305031920.665129    1305031920.680130    1305031920.6695
293 1305031920.701147    1305031920.717318    1305031920.6996
294 1305031920.733091    1305031920.747997    1305031920.7294
295 1305031920.765152    1305031920.780346    1305031920.7701
296 1305031920.801031    1305031920.813643    1305031920.7996
297 1305031920.833132    1305031920.848339    1305031920.8295
298 1305031920.865163    1305031920.879246    1305031920.8694
299 1305031920.901037    1305031920.915238    1305031920.8994
300 1305031920.933077    1305031920.947777    1305031920.9294
301 1305031920.965217    1305031920.981269    1305031920.9695
302 1305031921.001108    1305031921.015897    1305031920.9994
303 1305031921.033111    1305031921.046752    1305031921.0295
304 1305031921.065147    1305031921.081623    1305031921.0694
305 1305031921.101105    1305031921.116426    1305031921.0994
306 1305031921.133159    1305031921.147542    1305031921.1294
307 1305031921.165116    1305031921.147542    1305031921.1695
308 1305031921.201159    1305031921.216248    1305031921.1995
309 1305031921.233189    1305031921.247511    1305031921.2294
310 1305031921.265164    1305031921.247511    1305031921.2695
311 1305031921.301188    1305031921.316687    1305031921.2997
312 1305031921.333158    1305031921.348715    1305031921.3294
313 1305031921.365112    1305031921.348715    1305031921.3694
314 1305031921.401108    1305031921.417533    1305031921.3995
315 1305031921.433143    1305031921.447829    1305031921.4294
316 1305031921.465014    1305031921.447829    1305031921.4694
317 1305031921.501096    1305031921.516337    1305031921.4994
318 1305031921.533099    1305031921.547693    1305031921.5295
319 1305031921.565119    1305031921.547693    1305031921.5694
320 1305031921.601114    1305031921.616860    1305031921.5994
321 1305031921.633107    1305031921.648077    1305031921.6294
322 1305031921.665162    1305031921.648077    1305031921.6694
323 1305031921.701068    1305031921.717161    1305031921.6994
324 1305031921.733068    1305031921.717161    1305031921.7294
325 1305031921.765060    1305031921.749472    1305031921.7694
326 1305031921.801034    1305031921.815490    1305031921.7994
327 1305031921.833122    1305031921.847815    1305031921.8294
328 1305031921.865148    1305031921.847815    1305031921.8694
329 1305031921.901117    1305031921.915912    1305031921.8994
330 1305031921.933132    1305031921.947748    1305031921.9294
331 1305031921.965107    1305031921.947748    1305031921.9694
332 1305031922.001101    1305031922.017509    1305031921.9994
333 1305031922.033170    1305031922.048087    1305031922.0294
334 1305031922.065166    1305031922.048087    1305031922.0694
335 1305031922.101032    1305031922.117449    1305031922.0994
336 1305031922.133245    1305031922.117449    1305031922.1294
337 1305031922.165062    1305031922.150410    1305031922.1594
338 1305031922.201057    1305031922.217879    1305031922.1998
339 1305031922.233248    1305031922.248353    1305031922.2294
340 1305031922.265183    1305031922.248353    1305031922.2694
341 1305031922.301137    1305031922.315988    1305031922.2994
342 1305031922.333215    1305031922.348617    1305031922.3294
343 1305031922.365143    1305031922.348617    1305031922.3695
344 1305031922.401139    1305031922.414362    1305031922.3994
345 1305031922.433086    1305031922.449565    1305031922.4294
346 1305031922.465219    1305031922.449565    1305031922.4695
347 1305031922.501312    1305031922.517313    1305031922.4994
348 1305031922.533139    1305031922.517313    1305031922.5294
349 1305031922.565031    1305031922.551135    1305031922.5694
350 1305031922.601111    1305031922.616826    1305031922.5994
351 1305031922.633085    1305031922.616826    1305031922.6294
352 1305031922.665318    1305031922.651650    1305031922.6694
353 1305031922.701355    1305031922.718051    1305031922.6995
354 1305031922.733235    1305031922.718051    1305031922.7294
355 1305031922.765373    1305031922.752032    1305031922.7694
356 1305031922.801220    1305031922.818079    1305031922.7994
357 1305031922.833262    1305031922.818079    1305031922.8294
358 1305031922.865045    1305031922.851561    1305031922.8694
359 1305031922.901109    1305031922.916045    1305031922.8994
360 1305031922.933136    1305031922.916045    1305031922.9294
361 1305031922.965220    1305031922.951632    1305031922.9694
362 1305031923.001054    1305031923.016127    1305031922.9994
363 1305031923.033184    1305031923.016127    1305031923.0294
364 1305031923.065085    1305031923.051643    1305031923.0694
365 1305031923.101056    1305031923.117556    1305031923.0994
366 1305031923.133238    1305031923.117556    1305031923.1294
367 1305031923.165168    1305031923.152033    1305031923.1694
368 1305031923.201181    1305031923.215945    1305031923.1994
369 1305031923.233162    1305031923.215945    1305031923.2294
370 1305031923.265159    1305031923.251678    1305031923.2694
371 1305031923.301183    1305031923.317750    1305031923.2994
372 1305031923.333169    1305031923.317750    1305031923.3294
373 1305031923.365230    1305031923.351741    1305031923.3694
374 1305031923.401139    1305031923.417551    1305031923.3997
375 1305031923.433112    1305031923.417551    1305031923.4294
376 1305031923.465290    1305031923.452014    1305031923.4697
377 1305031923.501145    1305031923.517826    1305031923.4994
378 1305031923.533199    1305031923.517826    1305031923.5294
379 1305031923.565198    1305031923.551611    1305031923.5694
380 1305031923.601069    1305031923.617213    1305031923.5994
381 1305031923.633244    1305031923.617213    1305031923.6294
382 1305031923.665141    1305031923.651604    1305031923.6694
383 1305031923.701144    1305031923.683339    1305031923.6994
384 1305031923.733145    1305031923.719218    1305031923.7294
385 1305031923.765175    1305031923.751229    1305031923.7694
386 1305031923.801150    1305031923.784138    1305031923.7994
387 1305031923.833045    1305031923.819707    1305031923.8301
388 1305031923.865161    1305031923.848797    1305031923.8694
389 1305031923.901121    1305031923.883914    1305031923.8997
390 1305031923.933140    1305031923.919849    1305031923.9294
391 1305031923.965198    1305031923.952341    1305031923.9695
392 1305031924.001096    1305031923.985402    1305031923.9995
393 1305031924.033250    1305031924.020347    1305031924.0294
394 1305031924.065224    1305031924.052305    1305031924.0694
395 1305031924.101175    1305031924.084935    1305031924.0994
396 1305031924.133285    1305031924.120309    1305031924.1294
397 1305031924.165591    1305031924.149942    1305031924.1694
398 1305031924.201130    1305031924.183240    1305031924.1994
399 1305031924.233238    1305031924.221139    1305031924.2293
400 1305031924.265335    1305031924.251933    1305031924.2694
401 1305031924.301099    1305031924.284047    1305031924.2994
402 1305031924.333113    1305031924.319056    1305031924.3294
403 1305031924.365169    1305031924.351287    1305031924.3694
404 1305031924.401095    1305031924.383380    1305031924.3994
405 1305031924.433069    1305031924.419225    1305031924.4294
406 1305031924.465394    1305031924.452792    1305031924.4694
407 1305031924.501116    1305031924.483315    1305031924.4994
408 1305031924.533245    1305031924.519657    1305031924.5294
409 1305031924.565264    1305031924.552273    1305031924.5694
410 1305031924.601161    1305031924.584109    1305031924.6001
411 1305031924.633221    1305031924.620515    1305031924.6294
412 1305031924.665187    1305031924.652060    1305031924.6693
413 1305031924.701168    1305031924.684319    1305031924.6994
414 1305031924.733166    1305031924.719995    1305031924.7294
415 1305031924.765170    1305031924.751699    1305031924.7694
416 1305031924.801057    1305031924.783411    1305031924.7996
417 1305031924.833187    1305031924.819277    1305031924.8307
418 1305031924.865165    1305031924.851149    1305031924.8694
419 1305031924.901110    1305031924.887231    1305031924.8994
420 1305031924.933186    1305031924.919219    1305031924.9293
421 1305031924.969060    1305031924.951326    1305031924.9694
422 1305031925.001103    1305031924.987062    1305031924.9994
423 1305031925.033148    1305031925.019418    1305031925.0294
424 1305031925.069090    1305031925.086881    1305031925.0694
425 1305031925.101107    1305031925.086881    1305031925.0994
426 1305031925.133209    1305031925.119070    1305031925.1294
427 1305031925.169080    1305031925.186995    1305031925.1694
428 1305031925.201117    1305031925.186995    1305031925.1994
429 1305031925.233193    1305031925.219143    1305031925.2293
430 1305031925.269164    1305031925.287610    1305031925.2694
431 1305031925.301283    1305031925.287610    1305031925.2994
432 1305031925.333142    1305031925.318360    1305031925.3297
433 1305031925.369107    1305031925.386446    1305031925.3694
434 1305031925.401456    1305031925.386446    1305031925.3994
435 1305031925.433406    1305031925.420497    1305031925.4294
436 1305031925.469099    1305031925.451669    1305031925.4694
437 1305031925.501267    1305031925.487976    1305031925.4994
438 1305031925.533321    1305031925.520197    1305031925.5294
439 1305031925.569132    1305031925.551723    1305031925.5693
440 1305031925.601218    1305031925.587951    1305031925.5994
441 1305031925.633430    1305031925.620389    1305031925.6294
442 1305031925.669137    1305031925.652177    1305031925.6694
443 1305031925.701322    1305031925.688138    1305031925.6994
444 1305031925.733167    1305031925.719963    1305031925.7294
445 1305031925.769246    1305031925.752010    1305031925.7694
446 1305031925.801208    1305031925.788128    1305031925.7994
447 1305031925.833148    1305031925.819737    1305031925.8293
448 1305031925.869197    1305031925.852900    1305031925.8694
449 1305031925.901176    1305031925.887783    1305031925.8993
450 1305031925.933170    1305031925.917070    1305031925.9294
451 1305031925.969198    1305031925.952071    1305031925.9694
452 1305031926.001186    1305031925.987927    1305031925.9993
453 1305031926.033156    1305031926.019599    1305031926.0294
454 1305031926.069077    1305031926.051425    1305031926.0694
455 1305031926.101106    1305031926.087671    1305031926.0994
456 1305031926.133181    1305031926.119488    1305031926.1294
457 1305031926.169101    1305031926.155476    1305031926.1694
458 1305031926.201141    1305031926.187287    1305031926.1994
459 1305031926.233134    1305031926.219471    1305031926.2294
460 1305031926.269135    1305031926.255515    1305031926.2694
461 1305031926.301054    1305031926.287524    1305031926.2994
462 1305031926.333164    1305031926.319314    1305031926.3294
463 1305031926.369064    1305031926.355226    1305031926.3694
464 1305031926.401166    1305031926.387186    1305031926.3994
465 1305031926.433155    1305031926.416195    1305031926.4294
466 1305031926.469090    1305031926.456138    1305031926.4694
467 1305031926.501075    1305031926.487337    1305031926.4994
468 1305031926.533176    1305031926.519488    1305031926.5294
469 1305031926.569122    1305031926.555508    1305031926.5694
470 1305031926.601166    1305031926.587389    1305031926.5994
471 1305031926.633127    1305031926.617031    1305031926.6294
472 1305031926.669140    1305031926.655592    1305031926.6694
473 1305031926.701042    1305031926.686940    1305031926.6994
474 1305031926.733207    1305031926.716774    1305031926.7294
475 1305031926.769141    1305031926.754636    1305031926.7693
476 1305031926.801342    1305031926.787267    1305031926.7994
477 1305031926.833209    1305031926.817567    1305031926.8294
478 1305031926.869333    1305031926.856453    1305031926.8693
479 1305031926.901097    1305031926.885854    1305031926.8993
480 1305031926.933348    1305031926.920915    1305031926.9294
481 1305031926.969122    1305031926.956342    1305031926.9693
482 1305031927.001575    1305031926.988250    1305031926.9994
483 1305031927.033929    1305031927.021193    1305031927.0294
484 1305031927.070528    1305031927.056355    1305031927.0694
485 1305031927.133471    1305031927.120454    1305031927.1293
486 1305031927.169161    1305031927.156388    1305031927.1694
487 1305031927.201210    1305031927.188222    1305031927.1994
488 1305031927.233491    1305031927.220398    1305031927.2293
489 1305031927.269153    1305031927.255554    1305031927.2694
490 1305031927.301135    1305031927.288179    1305031927.2994
491 1305031927.333139    1305031927.319728    1305031927.3293
492 1305031927.369147    1305031927.355704    1305031927.3694
493 1305031927.401161    1305031927.387697    1305031927.3993
494 1305031927.433274    1305031927.423646    1305031927.4294
495 1305031927.469105    1305031927.455842    1305031927.4694
496 1305031927.501136    1305031927.487526    1305031927.4993
497 1305031927.533182    1305031927.523735    1305031927.5294
498 1305031927.569225    1305031927.555610    1305031927.5694
499 1305031927.601132    1305031927.587778    1305031927.5994
500 1305031927.633201    1305031927.623566    1305031927.6294
501 1305031927.669158    1305031927.655615    1305031927.6694
502 1305031927.701131    1305031927.687849    1305031927.6994
503 1305031927.733219    1305031927.720304    1305031927.7294
504 1305031927.769158    1305031927.755615    1305031927.7694
505 1305031927.801109    1305031927.784053    1305031927.7994
506 1305031927.833282    1305031927.825135    1305031927.8294
507 1305031927.869143    1305031927.855551    1305031927.8694
508 1305031927.901130    1305031927.887591    1305031927.8994
509 1305031927.933465    1305031927.923620    1305031927.9293
510 1305031927.969176    1305031927.955459    1305031927.9694
511 1305031928.001134    1305031927.987655    1305031927.9994
512 1305031928.033186    1305031928.023669    1305031928.0294
513 1305031928.069125    1305031928.055649    1305031928.0694
514 1305031928.101114    1305031928.087657    1305031928.0993
515 1305031928.133202    1305031928.123611    1305031928.1294
516 1305031928.169018    1305031928.153645    1305031928.1694
517 1305031928.201096    1305031928.185349    1305031928.1994
518 1305031928.233133    1305031928.223567    1305031928.2294
519 1305031928.269216    1305031928.256019    1305031928.2694
520 1305031928.301255    1305031928.287847    1305031928.2993
521 1305031928.333609    1305031928.324414    1305031928.3294
522 1305031928.369520    1305031928.356445    1305031928.3694
523 1305031928.401116    1305031928.388295    1305031928.3993
524 1305031928.433543    1305031928.424766    1305031928.4294
525 1305031928.469232    1305031928.456406    1305031928.4693
526 1305031928.501428    1305031928.489516    1305031928.4993
527 1305031928.533982    1305031928.524415    1305031928.5293
528 1305031928.569299    1305031928.556287    1305031928.5693
529 1305031928.601271    1305031928.588557    1305031928.5993
530 1305031928.633595    1305031928.624251    1305031928.6294
531 1305031928.669146    1305031928.656233    1305031928.6694
532 1305031928.701110    1305031928.691555    1305031928.6994
533 1305031928.733185    1305031928.723927    1305031928.7294
534 1305031928.769202    1305031928.755499    1305031928.7694
535 1305031928.801117    1305031928.791463    1305031928.7994
536 1305031928.833193    1305031928.823577    1305031928.8293
537 1305031928.869148    1305031928.855468    1305031928.8693
538 1305031928.901197    1305031928.891499    1305031928.8994
539 1305031928.933215    1305031928.923473    1305031928.9294
540 1305031928.969097    1305031928.955544    1305031928.9693
541 1305031929.001155    1305031928.991477    1305031928.9993
542 1305031929.033640    1305031929.023472    1305031929.0294
543 1305031929.069089    1305031929.052047    1305031929.0693
544 1305031929.101213    1305031929.091469    1305031929.0993
545 1305031929.133202    1305031929.123397    1305031929.1294
546 1305031929.169204    1305031929.155442    1305031929.1694
547 1305031929.201163    1305031929.191433    1305031929.1993
548 1305031929.233293    1305031929.224389    1305031929.2294
549 1305031929.269214    1305031929.256040    1305031929.2693
550 1305031929.301292    1305031929.292331    1305031929.2994
551 1305031929.333529    1305031929.324071    1305031929.3294
552 1305031929.369189    1305031929.356012    1305031929.3693
553 1305031929.401369    1305031929.391503    1305031929.3993
554 1305031929.433239    1305031929.423543    1305031929.4293
555 1305031929.469219    1305031929.455568    1305031929.4694
556 1305031929.501198    1305031929.491502    1305031929.4994
557 1305031929.533262    1305031929.523520    1305031929.5293
558 1305031929.569172    1305031929.555525    1305031929.5694
559 1305031929.601101    1305031929.591341    1305031929.5993
560 1305031929.634447    1305031929.627102    1305031929.6393
561 1305031929.669287    1305031929.652934    1305031929.6693
562 1305031929.701269    1305031929.688977    1305031929.6993
563 1305031929.733617    1305031929.722904    1305031929.7293
564 1305031929.769190    1305031929.755544    1305031929.7693
565 1305031929.801229    1305031929.791661    1305031929.7993
566 1305031929.833358    1305031929.824100    1305031929.8294
567 1305031929.869242    1305031929.859997    1305031929.8693
568 1305031929.901292    1305031929.892100    1305031929.8993
569 1305031929.933176    1305031929.920589    1305031929.9293
570 1305031929.969176    1305031929.960336    1305031929.9694
571 1305031930.001350    1305031929.992281    1305031929.9994
572 1305031930.033650    1305031930.024129    1305031930.0293
573 1305031930.069293    1305031930.059766    1305031930.0693
574 1305031930.101133    1305031930.088504    1305031930.0993
575 1305031930.134163    1305031930.122266    1305031930.1293
576 1305031930.169117    1305031930.159452    1305031930.1693
577 1305031930.201148    1305031930.191333    1305031930.1993
578 1305031930.233355    1305031930.223366    1305031930.2292
579 1305031930.269064    1305031930.259685    1305031930.2693
580 1305031930.301105    1305031930.291415    1305031930.2992
581 1305031930.333138    1305031930.324425    1305031930.3293
582 1305031930.369794    1305031930.360687    1305031930.3693
583 1305031930.401077    1305031930.392204    1305031930.3992
584 1305031930.433290    1305031930.424494    1305031930.4292
585 1305031930.469130    1305031930.460645    1305031930.4692
586 1305031930.501044    1305031930.491893    1305031930.4992
587 1305031930.533067    1305031930.523304    1305031930.5291
588 1305031930.569007    1305031930.559268    1305031930.5691
589 1305031930.601041    1305031930.591038    1305031930.5991
590 1305031930.633126    1305031930.620257    1305031930.6291
591 1305031930.668925    1305031930.659428    1305031930.6691
592 1305031930.701009    1305031930.691306    1305031930.6991
593 1305031930.733195    1305031930.723254    1305031930.7291
594 1305031930.769068    1305031930.759257    1305031930.7691
595 1305031930.801055    1305031930.791524    1305031930.7991
596 1305031930.833091    1305031930.823348    1305031930.8290
597 1305031930.869070    1305031930.860005    1305031930.8690
598 1305031930.900829    1305031930.887927    1305031930.8990
599 1305031930.933330    1305031930.923290    1305031930.9290
600 1305031930.969059    1305031930.959881    1305031930.9690
601 1305031931.000795    1305031930.991760    1305031930.9990
602 1305031931.033023    1305031931.023642    1305031931.0290
603 1305031931.068905    1305031931.059938    1305031931.0690
604 1305031931.100819    1305031931.091660    1305031931.0990
605 1305031931.133042    1305031931.126327    1305031931.1289
606 1305031931.168900    1305031931.156194    1305031931.1689
607 1305031931.200696    1305031931.187879    1305031931.1990
608 1305031931.233053    1305031931.226834    1305031931.2290
609 1305031931.268951    1305031931.259538    1305031931.2689
610 1305031931.300955    1305031931.291735    1305031931.2990
611 1305031931.332991    1305031931.327534    1305031931.3289
612 1305031931.369797    1305031931.359406    1305031931.3690
613 1305031931.401337    1305031931.391729    1305031931.3990
614 1305031931.432892    1305031931.427416    1305031931.4290
615 1305031931.469079    1305031931.459719    1305031931.4689
616 1305031931.500852    1305031931.491781    1305031931.4990
617 1305031931.532871    1305031931.527311    1305031931.5290
618 1305031931.569726    1305031931.559707    1305031931.5689
619 1305031931.601199    1305031931.590720    1305031931.5989
620 1305031931.633004    1305031931.627134    1305031931.6290
621 1305031931.669064    1305031931.659798    1305031931.6690
622 1305031931.701060    1305031931.691463    1305031931.6990
623 1305031931.732985    1305031931.727210    1305031931.7289
624 1305031931.768911    1305031931.759394    1305031931.7690
625 1305031931.800959    1305031931.791463    1305031931.7989
626 1305031931.832926    1305031931.827415    1305031931.8290
627 1305031931.868988    1305031931.859949    1305031931.8689
628 1305031931.900957    1305031931.891964    1305031931.8990
629 1305031931.932907    1305031931.927455    1305031931.9290
630 1305031931.968902    1305031931.959755    1305031931.9690
631 1305031932.000829    1305031931.991729    1305031931.9989
632 1305031932.032913    1305031932.026867    1305031932.0290
633 1305031932.068920    1305031932.058924    1305031932.0690
634 1305031932.101294    1305031932.092565    1305031932.0990
635 1305031932.132895    1305031932.127607    1305031932.1289
636 1305031932.169077    1305031932.159854    1305031932.1689
637 1305031932.200948    1305031932.192165    1305031932.1990
638 1305031932.232821    1305031932.227671    1305031932.2290
639 1305031932.268818    1305031932.259182    1305031932.2690
640 1305031932.300945    1305031932.291317    1305031932.2990
641 1305031932.333175    1305031932.326984    1305031932.3289
642 1305031932.368837    1305031932.359352    1305031932.3689
643 1305031932.401680    1305031932.395192    1305031932.3989
644 1305031932.432994    1305031932.427402    1305031932.4290
645 1305031932.469022    1305031932.460162    1305031932.4689
646 1305031932.500893    1305031932.495912    1305031932.4989
647 1305031932.532959    1305031932.527699    1305031932.5290
648 1305031932.568972    1305031932.556042    1305031932.5690
649 1305031932.600957    1305031932.593841    1305031932.5989
650 1305031932.632929    1305031932.627666    1305031932.6290
651 1305031932.669236    1305031932.659769    1305031932.6689
652 1305031932.700806    1305031932.695841    1305031932.6990
653 1305031932.732848    1305031932.727524    1305031932.7289
654 1305031932.768757    1305031932.759892    1305031932.7689
655 1305031932.800821    1305031932.795486    1305031932.7989
656 1305031932.832891    1305031932.827627    1305031932.8290
657 1305031932.869016    1305031932.859777    1305031932.8689
658 1305031932.901214    1305031932.896209    1305031932.8990
659 1305031932.932932    1305031932.928147    1305031932.9289
660 1305031932.968787    1305031932.959759    1305031932.9690
661 1305031933.001958    1305031932.995065    1305031932.9989
662 1305031933.068879    1305031933.059632    1305031933.0690
663 1305031933.100908    1305031933.095661    1305031933.0990
664 1305031933.132911    1305031933.127608    1305031933.1289
665 1305031933.169450    1305031933.159744    1305031933.1689
666 1305031933.200949    1305031933.195887    1305031933.1989
667 1305031933.233374    1305031933.227642    1305031933.2290
668 1305031933.269079    1305031933.259844    1305031933.2689
669 1305031933.300869    1305031933.296061    1305031933.2990
670 1305031933.332881    1305031933.327953    1305031933.3290
671 1305031933.368978    1305031933.359852    1305031933.3690
672 1305031933.400926    1305031933.395603    1305031933.3990
673 1305031933.432912    1305031933.427651    1305031933.4289
674 1305031933.469486    1305031933.459920    1305031933.4689
675 1305031933.500809    1305031933.495920    1305031933.4989
676 1305031933.533065    1305031933.527835    1305031933.5290
677 1305031933.568861    1305031933.564265    1305031933.5690
678 1305031933.600899    1305031933.595687    1305031933.5989
679 1305031933.632949    1305031933.626979    1305031933.6290
680 1305031933.669114    1305031933.663105    1305031933.6689
681 1305031933.700931    1305031933.695772    1305031933.6989
682 1305031933.732901    1305031933.727622    1305031933.7289
683 1305031933.768934    1305031933.763831    1305031933.7690
684 1305031933.800879    1305031933.795823    1305031933.7989
685 1305031933.833132    1305031933.827513    1305031933.8289
686 1305031933.868855    1305031933.863871    1305031933.8690
687 1305031933.900942    1305031933.895826    1305031933.8989
688 1305031933.932925    1305031933.927864    1305031933.9290
689 1305031933.968843    1305031933.964067    1305031933.9689
690 1305031934.000841    1305031933.996159    1305031933.9989
691 1305031934.033000    1305031934.025036    1305031934.0290
692 1305031934.068946    1305031934.062070    1305031934.0690
693 1305031934.100917    1305031934.095754    1305031934.0989
694 1305031934.132845    1305031934.123903    1305031934.1289
695 1305031934.169177    1305031934.163843    1305031934.1689
696 1305031934.200808    1305031934.196078    1305031934.1989
697 1305031934.232870    1305031934.226959    1305031934.2291
698 1305031934.269296    1305031934.263347    1305031934.2689
699 1305031934.300934    1305031934.295644    1305031934.2989
700 1305031934.336871    1305031934.327544    1305031934.3389
701 1305031934.368906    1305031934.363432    1305031934.3689
702 1305031934.400928    1305031934.395278    1305031934.3989
703 1305031934.436865    1305031934.427107    1305031934.4389
704 1305031934.469287    1305031934.460046    1305031934.4689
705 1305031934.501241    1305031934.495228    1305031934.4989
706 1305031934.536876    1305031934.527409    1305031934.5389
707 1305031934.569101    1305031934.563395    1305031934.5689
708 1305031934.600850    1305031934.595082    1305031934.5989
709 1305031934.637030    1305031934.627102    1305031934.6389
710 1305031934.668984    1305031934.662910    1305031934.6689
711 1305031934.700945    1305031934.694817    1305031934.6989
712 1305031934.736903    1305031934.726749    1305031934.7390
713 1305031934.769124    1305031934.762903    1305031934.7690
714 1305031934.801627    1305031934.794831    1305031934.7989
715 1305031934.836769    1305031934.830983    1305031934.8390
716 1305031934.869115    1305031934.862668    1305031934.8689
717 1305031934.901010    1305031934.894445    1305031934.8989
718 1305031934.937234    1305031934.931747    1305031934.9389
719 1305031934.969077    1305031934.963384    1305031934.9689
720 1305031935.001270    1305031934.995132    1305031934.9989
721 1305031935.036852    1305031935.033022    1305031935.0389
722 1305031935.069722    1305031935.063116    1305031935.0689
723 1305031935.136853    1305031935.130727    1305031935.1389
724 1305031935.169281    1305031935.162214    1305031935.1689
725 1305031935.200951    1305031935.194899    1305031935.1989
726 1305031935.237095    1305031935.231025    1305031935.2389
727 1305031935.268965    1305031935.260736    1305031935.2689
728 1305031935.300805    1305031935.295152    1305031935.2989
729 1305031935.336810    1305031935.330960    1305031935.3389
730 1305031935.368827    1305031935.363255    1305031935.3689
731 1305031935.400848    1305031935.394932    1305031935.3989
732 1305031935.436887    1305031935.430905    1305031935.4389
733 1305031935.468890    1305031935.463017    1305031935.4689
734 1305031935.500863    1305031935.493044    1305031935.4995
735 1305031935.536900    1305031935.530045    1305031935.5389
736 1305031935.568783    1305031935.562732    1305031935.5689
737 1305031935.600963    1305031935.594819    1305031935.5989
738 1305031935.636916    1305031935.631390    1305031935.6389
739 1305031935.669100    1305031935.663543    1305031935.6692
740 1305031935.700948    1305031935.695531    1305031935.6989
741 1305031935.736900    1305031935.731180    1305031935.7389
742 1305031935.768974    1305031935.763521    1305031935.7689
743 1305031935.801178    1305031935.795359    1305031935.7989
744 1305031935.836877    1305031935.831205    1305031935.8389
745 1305031935.869025    1305031935.863651    1305031935.8690
746 1305031935.901144    1305031935.895325    1305031935.8989
747 1305031935.936825    1305031935.931428    1305031935.9390
748 1305031935.969109    1305031935.963243    1305031935.9689
749 1305031936.000820    1305031935.995756    1305031935.9989
750 1305031936.036965    1305031936.031927    1305031936.0389
751 1305031936.068809    1305031936.063602    1305031936.0689
752 1305031936.100718    1305031936.099066    1305031936.0989
753 1305031936.137490    1305031936.130808    1305031936.1389
754 1305031936.168897    1305031936.163443    1305031936.1689
755 1305031936.200867    1305031936.200045    1305031936.1990
756 1305031936.237546    1305031936.231637    1305031936.2390
757 1305031936.268981    1305031936.262854    1305031936.2689
758 1305031936.300816    1305031936.299656    1305031936.2990
759 1305031936.336863    1305031936.331649    1305031936.3389
760 1305031936.368927    1305031936.363578    1305031936.3689
761 1305031936.400840    1305031936.399525    1305031936.3989
762 1305031936.436777    1305031936.431784    1305031936.4390
763 1305031936.468789    1305031936.463134    1305031936.4689
764 1305031936.500753    1305031936.499445    1305031936.4989
765 1305031936.536847    1305031936.531202    1305031936.5389
766 1305031936.569452    1305031936.563251    1305031936.5689
767 1305031936.600821    1305031936.599685    1305031936.5989
768 1305031936.636879    1305031936.631518    1305031936.6389
769 1305031936.668885    1305031936.663832    1305031936.6689
770 1305031936.700881    1305031936.699970    1305031936.6989
771 1305031936.737504    1305031936.731597    1305031936.7389
772 1305031936.768825    1305031936.763730    1305031936.7689
773 1305031936.800856    1305031936.799809    1305031936.7989
774 1305031936.836845    1305031936.831892    1305031936.8389
775 1305031936.868891    1305031936.863697    1305031936.8689
776 1305031936.900833    1305031936.900115    1305031936.8989
777 1305031936.936914    1305031936.931480    1305031936.9389
778 1305031936.968821    1305031936.963897    1305031936.9689
779 1305031937.001118    1305031937.000148    1305031936.9989
780 1305031937.036874    1305031937.032120    1305031937.0389
781 1305031937.068765    1305031937.060179    1305031937.0694
782 1305031937.100716    1305031937.097948    1305031937.0989
783 1305031937.136838    1305031937.131381    1305031937.1389
784 1305031937.168856    1305031937.162199    1305031937.1689
785 1305031937.200813    1305031937.199678    1305031937.1990
786 1305031937.236893    1305031937.231385    1305031937.2389
787 1305031937.268821    1305031937.263361    1305031937.2689
788 1305031937.300783    1305031937.299172    1305031937.2992
789 1305031937.336862    1305031937.331472    1305031937.3389
790 1305031937.368734    1305031937.367035    1305031937.3690
791 1305031937.400796    1305031937.399644    1305031937.3989
792 1305031937.438211    1305031937.431305    1305031937.4389
793 1305031937.500797    1305031937.499237    1305031937.4989
794 1305031937.536931    1305031937.531606    1305031937.5389
795 1305031937.568829    1305031937.566400    1305031937.5689
796 1305031937.600746    1305031937.599586    1305031937.5989
797 1305031937.636891    1305031937.627766    1305031937.6388
798 1305031937.668803    1305031937.667658    1305031937.6689
799 1305031937.700837    1305031937.699645    1305031937.6989
800 1305031937.736899    1305031937.731732    1305031937.7389
801 1305031937.768919    1305031937.767791    1305031937.7689
802 1305031937.800834    1305031937.799732    1305031937.7989
803 1305031937.836877    1305031937.831889    1305031937.8389
804 1305031937.868807    1305031937.867758    1305031937.8689
805 1305031937.900823    1305031937.899933    1305031937.8989
806 1305031937.936960    1305031937.931831    1305031937.9389
807 1305031937.968830    1305031937.968127    1305031937.9689
808 1305031938.000822    1305031938.000042    1305031937.9989
809 1305031938.036945    1305031938.031836    1305031938.0389
810 1305031938.068761    1305031938.067761    1305031938.0689
811 1305031938.100744    1305031938.100010    1305031938.0989
812 1305031938.136885    1305031938.131856    1305031938.1389
813 1305031938.168914    1305031938.168307    1305031938.1689
814 1305031938.200883    1305031938.199974    1305031938.1989
815 1305031938.236878    1305031938.231649    1305031938.2389
816 1305031938.268809    1305031938.267768    1305031938.2689
817 1305031938.300837    1305031938.300089    1305031938.2989
818 1305031938.336900    1305031938.331736    1305031938.3389
819 1305031938.368914    1305031938.367715    1305031938.3689
820 1305031938.400842    1305031938.400257    1305031938.3989
821 1305031938.436889    1305031938.431934    1305031938.4389
822 1305031938.468781    1305031938.468046    1305031938.4690
823 1305031938.501288    1305031938.496114    1305031938.4989
824 1305031938.537028    1305031938.535972    1305031938.5389
825 1305031938.568999    1305031938.563904    1305031938.5689
826 1305031938.601007    1305031938.598200    1305031938.5989
827 1305031938.637299    1305031938.637455    1305031938.6389
828 1305031938.668747    1305031938.667115    1305031938.6689
829 1305031938.700851    1305031938.699613    1305031938.6989
830 1305031938.736859    1305031938.735353    1305031938.7389
831 1305031938.769073    1305031938.767438    1305031938.7689
832 1305031938.800781    1305031938.799553    1305031938.7989
833 1305031938.836754    1305031938.835081    1305031938.8389
834 1305031938.869057    1305031938.867115    1305031938.8689
835 1305031938.900976    1305031938.899948    1305031938.8990
836 1305031938.936828    1305031938.935595    1305031938.9389
837 1305031938.969026    1305031938.967685    1305031938.9689
838 1305031939.001030    1305031939.000242    1305031938.9989
839 1305031939.037090    1305031939.035825    1305031939.0389
840 1305031939.069377    1305031939.067934    1305031939.0689
841 1305031939.101368    1305031939.099862    1305031939.0989
842 1305031939.137143    1305031939.135566    1305031939.1389
843 1305031939.168815    1305031939.167694    1305031939.1689
844 1305031939.200865    1305031939.200214    1305031939.1988
845 1305031939.237165    1305031939.235712    1305031939.2389
846 1305031939.268824    1305031939.267640    1305031939.2689
847 1305031939.300842    1305031939.300206    1305031939.2989
848 1305031939.336729    1305031939.335053    1305031939.3390
849 1305031939.368966    1305031939.367490    1305031939.3689
850 1305031939.400848    1305031939.399885    1305031939.3989
851 1305031939.436845    1305031939.435410    1305031939.4389
852 1305031939.468851    1305031939.467647    1305031939.4689
853 1305031939.500839    1305031939.499844    1305031939.4989
854 1305031939.536755    1305031939.535364    1305031939.5389
855 1305031939.568772    1305031939.567564    1305031939.5689
856 1305031939.600838    1305031939.600160    1305031939.5989
857 1305031939.636792    1305031939.635762    1305031939.6389
858 1305031939.668867    1305031939.667415    1305031939.6689
859 1305031939.700830    1305031939.700124    1305031939.6990
860 1305031939.736750    1305031939.735464    1305031939.7389
861 1305031939.768919    1305031939.767882    1305031939.7689
862 1305031939.803671    1305031939.803685    1305031939.7989
863 1305031939.837145    1305031939.835759    1305031939.8389
864 1305031939.869215    1305031939.863918    1305031939.8689
865 1305031939.903633    1305031939.903642    1305031939.8989
866 1305031939.937192    1305031939.936002    1305031939.9389
867 1305031939.968904    1305031939.967674    1305031939.9689
868 1305031940.005582    1305031940.005613    1305031940.0089
869 1305031940.037088    1305031940.031897    1305031940.0388
870 1305031940.068783    1305031940.067499    1305031940.0689
871 1305031940.104265    1305031940.104322    1305031940.1089
872 1305031940.136746    1305031940.135843    1305031940.1388
873 1305031940.168737    1305031940.168748    1305031940.1689
874 1305031940.200829    1305031940.200119    1305031940.1989
875 1305031940.236742    1305031940.235303    1305031940.2389
876 1305031940.269041    1305031940.267548    1305031940.2689
877 1305031940.301146    1305031940.300057    1305031940.2988
878 1305031940.336732    1305031940.335962    1305031940.3389
879 1305031940.369236    1305031940.367240    1305031940.3689
880 1305031940.403665    1305031940.403701    1305031940.3989
881 1305031940.436756    1305031940.435753    1305031940.4388
882 1305031940.468746    1305031940.467066    1305031940.4688
883 1305031940.503804    1305031940.503814    1305031940.4989
884 1305031940.536724    1305031940.535239    1305031940.5388
885 1305031940.568758    1305031940.566964    1305031940.5689
886 1305031940.603364    1305031940.603395    1305031940.5989
887 1305031940.636761    1305031940.635226    1305031940.6389
888 1305031940.668762    1305031940.666993    1305031940.6689
889 1305031940.703222    1305031940.703234    1305031940.6989
890 1305031940.736947    1305031940.735222    1305031940.7388
891 1305031940.768772    1305031940.766929    1305031940.7688
892 1305031940.803047    1305031940.803100    1305031940.7988
893 1305031940.836755    1305031940.835097    1305031940.8388
894 1305031940.869689    1305031940.867019    1305031940.8689
895 1305031940.903305    1305031940.903314    1305031940.8989
896 1305031940.937034    1305031940.935305    1305031940.9389
897 1305031940.968758    1305031940.967150    1305031940.9689
898 1305031941.003160    1305031941.003186    1305031940.9989
899 1305031941.036777    1305031941.035260    1305031941.0388
900 1305031941.071057    1305031941.071076    1305031941.0689
901 1305031941.103422    1305031941.103456    1305031941.0989
902 1305031941.136774    1305031941.135554    1305031941.1388
903 1305031941.171144    1305031941.171171    1305031941.1688
904 1305031941.203508    1305031941.203532    1305031941.1989
905 1305031941.236705    1305031941.235196    1305031941.2388
906 1305031941.271129    1305031941.271139    1305031941.2689
907 1305031941.303362    1305031941.303377    1305031941.2989
908 1305031941.336734    1305031941.335303    1305031941.3388
909 1305031941.371607    1305031941.371617    1305031941.3688
910 1305031941.403845    1305031941.403877    1305031941.3989
911 1305031941.436799    1305031941.435687    1305031941.4388
912 1305031941.469611    1305031941.469619    1305031941.4688
913 1305031941.501458    1305031941.501518    1305031941.4989
914 1305031941.537220    1305031941.534653    1305031941.5390
915 1305031941.570287    1305031941.570302    1305031941.5689
916 1305031941.603047    1305031941.603072    1305031941.5989
917 1305031941.636822    1305031941.635675    1305031941.6388
918 1305031941.671554    1305031941.671562    1305031941.6692
919 1305031941.703763    1305031941.703773    1305031941.6988
920 1305031941.736866    1305031941.735592    1305031941.7388
921 1305031941.768815    1305031941.767812    1305031941.7688
922 1305031941.800820    1305031941.800828    1305031941.7990
923 1305031941.836848    1305031941.832014    1305031941.8388
924 1305031941.871813    1305031941.871824    1305031941.8688
925 1305031941.936760    1305031941.935190    1305031941.9388
926 1305031941.971057    1305031941.971085    1305031941.9689
927 1305031942.003141    1305031942.003159    1305031941.9989
928 1305031942.036729    1305031942.035444    1305031942.0388
929 1305031942.071082    1305031942.071092    1305031942.0688
930 1305031942.136758    1305031942.135205    1305031942.1388
931 1305031942.170749    1305031942.170762    1305031942.1688
932 1305031942.203108    1305031942.203125    1305031942.1989
933 1305031942.238994    1305031942.239026    1305031942.2388
934 1305031942.271105    1305031942.271143    1305031942.2689
935 1305031942.303257    1305031942.303198    1305031942.2988
936 1305031942.337047    1305031942.335609    1305031942.3388
937 1305031942.370761    1305031942.370779    1305031942.3688
938 1305031942.402939    1305031942.402950    1305031942.3988
939 1305031942.439262    1305031942.439272    1305031942.4388
940 1305031942.471958    1305031942.472314    1305031942.4688
941 1305031942.503553    1305031942.503687    1305031942.4988
942 1305031942.539453    1305031942.539471    1305031942.5388
943 1305031942.571867    1305031942.571873    1305031942.5688
944 1305031942.639942    1305031942.639952    1305031942.6388
945 1305031942.704015    1305031942.704026    1305031942.7088
946 1305031942.739812    1305031942.739823    1305031942.7388
947 1305031942.771708    1305031942.771728    1305031942.7689
948 1305031942.841042    1305031942.841069    1305031942.8388
949 1305031942.903960    1305031942.903971    1305031942.9088
950 1305031942.936816    1305031942.936255    1305031942.9388
951 1305031942.970936    1305031942.970947    1305031942.9688
952 1305031943.039961    1305031943.039973    1305031943.0388
953 1305031943.071743    1305031943.071764    1305031943.0688
954 1305031943.104177    1305031943.104196    1305031943.1088
955 1305031943.139521    1305031943.139631    1305031943.1389
956 1305031943.171912    1305031943.171931    1305031943.1688
957 1305031943.240004    1305031943.240026    1305031943.2388
958 1305031943.271805    1305031943.272012    1305031943.2688
959 1305031943.303965    1305031943.303977    1305031943.3088
960 1305031943.339941    1305031943.339953    1305031943.3388
961 1305031943.371774    1305031943.371795    1305031943.3688
962 1305031943.404245    1305031943.404597    1305031943.3989
963 1305031943.440153    1305031943.440230    1305031943.4388
964 1305031943.471431    1305031943.471442    1305031943.4688
965 1305031943.539525    1305031943.539543    1305031943.5388
966 1305031943.607467    1305031943.607498    1305031943.6088
967 1305031943.671504    1305031943.671539    1305031943.6688
968 1305031943.707251    1305031943.707262    1305031943.7088
969 1305031943.739428    1305031943.739461    1305031943.7388
970 1305031943.771329    1305031943.771360    1305031943.7688
971 1305031943.806822    1305031943.806840    1305031943.8088
972 1305031943.868873    1305031943.867799    1305031943.8688
973 1305031943.907218    1305031943.907228    1305031943.9088
974 1305031943.971278    1305031943.971293    1305031943.9688
975 1305031944.007760    1305031944.007774    1305031944.0089
976 1305031944.040486    1305031944.040559    1305031944.0388
977 1305031944.107390    1305031944.107412    1305031944.1088
978 1305031944.139656    1305031944.139679    1305031944.1388
979 1305031944.171370    1305031944.171401    1305031944.1689
980 1305031944.206998    1305031944.207026    1305031944.2089
981 1305031944.239334    1305031944.239359    1305031944.2388
982 1305031944.270963    1305031944.270986    1305031944.2688
983 1305031944.306934    1305031944.306965    1305031944.3088
984 1305031944.339308    1305031944.339327    1305031944.3388
985 1305031944.370745    1305031944.370764    1305031944.3688
986 1305031944.406233    1305031944.406240    1305031944.4088
987 1305031944.438724    1305031944.438740    1305031944.4389
988 1305031944.471304    1305031944.471315    1305031944.4687
989 1305031944.506947    1305031944.506966    1305031944.5088
990 1305031944.539069    1305031944.539090    1305031944.5388
991 1305031944.571530    1305031944.571543    1305031944.5688
992 1305031944.607229    1305031944.607255    1305031944.6087
993 1305031944.639625    1305031944.639988    1305031944.6388
994 1305031944.671779    1305031944.671797    1305031944.6688
995 1305031944.707774    1305031944.707795    1305031944.7088
996 1305031944.739941    1305031944.739963    1305031944.7388
997 1305031944.807919    1305031944.807934    1305031944.8088
998 1305031944.839956    1305031944.839961    1305031944.8388
999 1305031944.875719    1305031944.875727    1305031944.8788
1000 1305031944.939702    1305031944.939709    1305031944.9388
1001 1305031945.007437    1305031945.007456    1305031945.0088
1002 1305031945.039937    1305031945.039953    1305031945.0388
1003 1305031945.107523    1305031945.107554    1305031945.1088
1004 1305031945.168992    1305031945.179287    1305031945.1688
1005 1305031945.207107    1305031945.207131    1305031945.2088
1006 1305031945.238859    1305031945.238880    1305031945.2388
1007 1305031945.306358    1305031945.306364    1305031945.3088
1008 1305031945.338940    1305031945.338954    1305031945.3388
1009 1305031945.406657    1305031945.406595    1305031945.4088
1010 1305031945.469167    1305031945.477504    1305031945.4688
1011 1305031945.506438    1305031945.506448    1305031945.5087
1012 1305031945.538422    1305031945.538432    1305031945.5388
1013 1305031945.606029    1305031945.606045    1305031945.6088
1014 1305031945.638298    1305031945.638328    1305031945.6388
1015 1305031945.706215    1305031945.706227    1305031945.7088
1016 1305031945.738673    1305031945.738707    1305031945.7388
1017 1305031945.806240    1305031945.806249    1305031945.8088
1018 1305031945.838266    1305031945.838302    1305031945.8388
1019 1305031945.909177    1305031945.909465    1305031945.9090
1020 1305031945.969300    1305031945.977263    1305031945.9688
1021 1305031946.005983    1305031946.005994    1305031946.0088
1022 1305031946.037278    1305031946.043263    1305031946.0388
1023 1305031946.069057    1305031946.075402    1305031946.0688
1024 1305031946.107140    1305031946.107156    1305031946.1087
1025 1305031946.168867    1305031946.175861    1305031946.1688
1026 1305031946.207043    1305031946.207053    1305031946.2087
1027 1305031946.268902    1305031946.276972    1305031946.2688
1028 1305031946.306775    1305031946.306937    1305031946.3088
1029 1305031946.369021    1305031946.378747    1305031946.3688
1030 1305031946.406520    1305031946.406531    1305031946.4088
1031 1305031946.468964    1305031946.473076    1305031946.4688
1032 1305031946.506586    1305031946.506597    1305031946.5087
1033 1305031946.569238    1305031946.577280    1305031946.5688
1034 1305031946.606469    1305031946.606485    1305031946.6088
1035 1305031946.669089    1305031946.678050    1305031946.6688
1036 1305031946.706515    1305031946.706532    1305031946.7088
1037 1305031946.769059    1305031946.774660    1305031946.7688
1038 1305031946.806647    1305031946.806659    1305031946.8087
1039 1305031946.869090    1305031946.874721    1305031946.8688
1040 1305031946.906602    1305031946.906633    1305031946.9088
1041 1305031946.969064    1305031946.974825    1305031946.9688
1042 1305031947.006827    1305031947.006833    1305031947.0088
1043 1305031947.068973    1305031947.074589    1305031947.0688
1044 1305031947.106644    1305031947.106663    1305031947.1088
1045 1305031947.169117    1305031947.174651    1305031947.1688
1046 1305031947.204982    1305031947.210803    1305031947.2088
1047 1305031947.237001    1305031947.242625    1305031947.2388
1048 1305031947.269076    1305031947.274786    1305031947.2688
1049 1305031947.304951    1305031947.309122    1305031947.3087
1050 1305031947.336945    1305031947.339718    1305031947.3389
1051 1305031947.368991    1305031947.373087    1305031947.3688
1052 1305031947.405013    1305031947.407848    1305031947.4088
1053 1305031947.437038    1305031947.442996    1305031947.4387
1054 1305031947.469273    1305031947.475248    1305031947.4688
1055 1305031947.504994    1305031947.511457    1305031947.5088
1056 1305031947.537022    1305031947.543322    1305031947.5388
1057 1305031947.568989    1305031947.572475    1305031947.5688
1058 1305031947.605177    1305031947.611625    1305031947.6088
1059 1305031947.637085    1305031947.643731    1305031947.6387
1060 1305031947.669011    1305031947.675360    1305031947.6687
1061 1305031947.705153    1305031947.711025    1305031947.7088
1062 1305031947.736979    1305031947.743304    1305031947.7388
1063 1305031947.769041    1305031947.775461    1305031947.7687
1064 1305031947.804941    1305031947.811424    1305031947.8087
1065 1305031947.837022    1305031947.841415    1305031947.8388
1066 1305031947.868988    1305031947.875442    1305031947.8687
1067 1305031947.904995    1305031947.911295    1305031947.9087
1068 1305031947.937025    1305031947.943516    1305031947.9387
1069 1305031947.968976    1305031947.975273    1305031947.9687
1070 1305031948.004911    1305031948.011498    1305031948.0088
1071 1305031948.037003    1305031948.043239    1305031948.0388
1072 1305031948.068973    1305031948.075218    1305031948.0688
1073 1305031948.104993    1305031948.111315    1305031948.1088
1074 1305031948.136951    1305031948.143226    1305031948.1387
1075 1305031948.168952    1305031948.175007    1305031948.1688
1076 1305031948.204992    1305031948.211235    1305031948.2088
1077 1305031948.237002    1305031948.243210    1305031948.2388
1078 1305031948.269041    1305031948.275446    1305031948.2687
1079 1305031948.304939    1305031948.311425    1305031948.3088
1080 1305031948.337101    1305031948.343521    1305031948.3387
1081 1305031948.368969    1305031948.375447    1305031948.3687
1082 1305031948.404989    1305031948.411285    1305031948.4088
1083 1305031948.436942    1305031948.443647    1305031948.4387
1084 1305031948.469170    1305031948.480437    1305031948.4687
1085 1305031948.505024    1305031948.514284    1305031948.5088
1086 1305031948.537017    1305031948.542869    1305031948.5388
1087 1305031948.568891    1305031948.580687    1305031948.5688
1088 1305031948.605001    1305031948.611060    1305031948.6087
1089 1305031948.636912    1305031948.644895    1305031948.6387
1090 1305031948.669040    1305031948.681662    1305031948.6687
1091 1305031948.705075    1305031948.714453    1305031948.7088
1092 1305031948.737063    1305031948.746432    1305031948.7387
1093 1305031948.768899    1305031948.780858    1305031948.7688
1094 1305031948.804975    1305031948.812389    1305031948.8087
1095 1305031948.837073    1305031948.841687    1305031948.8387
1096 1305031948.868835    1305031948.880529    1305031948.8687
1097 1305031948.905077    1305031948.915493    1305031948.9088
1098 1305031948.936996    1305031948.943231    1305031948.9388
1099 1305031948.968952    1305031948.979038    1305031948.9687
1100 1305031949.005006    1305031949.014896    1305031949.0088
1101 1305031949.037089    1305031949.044596    1305031949.0387
1102 1305031949.069061    1305031949.082201    1305031949.0688
1103 1305031949.105077    1305031949.114284    1305031949.1088
1104 1305031949.137263    1305031949.144262    1305031949.1388
1105 1305031949.168946    1305031949.180779    1305031949.1688
1106 1305031949.204940    1305031949.214247    1305031949.2087
1107 1305031949.237011    1305031949.247701    1305031949.2388
1108 1305031949.268994    1305031949.281444    1305031949.2687
1109 1305031949.305254    1305031949.311257    1305031949.3087
1110 1305031949.337227    1305031949.341972    1305031949.3387
1111 1305031949.368902    1305031949.380234    1305031949.3690
1112 1305031949.405064    1305031949.410764    1305031949.4087
1113 1305031949.437094    1305031949.443117    1305031949.4388
1114 1305031949.468902    1305031949.479260    1305031949.4688
1115 1305031949.505002    1305031949.510843    1305031949.5087
1116 1305031949.537017    1305031949.541920    1305031949.5387
1117 1305031949.568988    1305031949.580836    1305031949.5688
1118 1305031949.604798    1305031949.614433    1305031949.6087
1119 1305031949.637172    1305031949.646345    1305031949.6387
1120 1305031949.668955    1305031949.680760    1305031949.6687
1121 1305031949.705003    1305031949.714490    1305031949.7087
1122 1305031949.736949    1305031949.749412    1305031949.7387
1123 1305031949.768985    1305031949.781235    1305031949.7687
1124 1305031949.804939    1305031949.811436    1305031949.8088
1125 1305031949.836964    1305031949.845215    1305031949.8387
1126 1305031949.868951    1305031949.880626    1305031949.8687
1127 1305031949.904851    1305031949.914703    1305031949.9087
1128 1305031949.936858    1305031949.948731    1305031949.9387
1129 1305031949.968881    1305031949.981207    1305031949.9687
1130 1305031950.004952    1305031950.011524    1305031950.0087
1131 1305031950.036989    1305031950.047520    1305031950.0387
1132 1305031950.069081    1305031950.080195    1305031950.0688
1133 1305031950.104966    1305031950.111190    1305031950.1087
1134 1305031950.136997    1305031950.147985    1305031950.1387
1135 1305031950.168914    1305031950.181754    1305031950.1688
1136 1305031950.204933    1305031950.211149    1305031950.2087
1137 1305031950.237027    1305031950.247238    1305031950.2387
1138 1305031950.269033    1305031950.279213    1305031950.2688
1139 1305031950.304978    1305031950.307722    1305031950.3087
1140 1305031950.337197    1305031950.346992    1305031950.3388
1141 1305031950.368911    1305031950.378386    1305031950.3690
1142 1305031950.404939    1305031950.410330    1305031950.4088
1143 1305031950.436983    1305031950.447451    1305031950.4387
1144 1305031950.468976    1305031950.478952    1305031950.4687
1145 1305031950.504938    1305031950.510402    1305031950.5087
1146 1305031950.536894    1305031950.546397    1305031950.5387
1147 1305031950.568883    1305031950.578462    1305031950.5687
1148 1305031950.604862    1305031950.610212    1305031950.6087
1149 1305031950.637006    1305031950.646840    1305031950.6387
1150 1305031950.668910    1305031950.678650    1305031950.6687
1151 1305031950.704873    1305031950.707517    1305031950.7088
1152 1305031950.736893    1305031950.746448    1305031950.7387
1153 1305031950.768897    1305031950.778662    1305031950.7687
1154 1305031950.804899    1305031950.810641    1305031950.8087
1155 1305031950.837135    1305031950.846960    1305031950.8388
1156 1305031950.869014    1305031950.880523    1305031950.8687
1157 1305031950.904883    1305031950.914994    1305031950.9087
1158 1305031950.936970    1305031950.948166    1305031950.9388
1159 1305031950.968904    1305031950.978853    1305031950.9687
1160 1305031951.004836    1305031951.016385    1305031951.0087
1161 1305031951.036930    1305031951.048065    1305031951.0387
1162 1305031951.069013    1305031951.080859    1305031951.0687
1163 1305031951.104800    1305031951.116229    1305031951.1087
1164 1305031951.136893    1305031951.147131    1305031951.1387
1165 1305031951.168908    1305031951.180627    1305031951.1687
1166 1305031951.204914    1305031951.215695    1305031951.2087
1167 1305031951.236957    1305031951.247998    1305031951.2387
1168 1305031951.268906    1305031951.279729    1305031951.2687
1169 1305031951.304862    1305031951.316576    1305031951.3087
1170 1305031951.336937    1305031951.348921    1305031951.3387
1171 1305031951.368840    1305031951.380780    1305031951.3687
1172 1305031951.404865    1305031951.415739    1305031951.4087
1173 1305031951.436903    1305031951.448724    1305031951.4387
1174 1305031951.468857    1305031951.479264    1305031951.4687
1175 1305031951.504916    1305031951.514325    1305031951.5087
1176 1305031951.536888    1305031951.549086    1305031951.5387
1177 1305031951.569006    1305031951.579884    1305031951.5687
1178 1305031951.604927    1305031951.616005    1305031951.6087
1179 1305031951.636936    1305031951.647946    1305031951.6387
1180 1305031951.668929    1305031951.680049    1305031951.6689
1181 1305031951.704880    1305031951.715829    1305031951.7087
1182 1305031951.736828    1305031951.747698    1305031951.7387
1183 1305031951.768926    1305031951.779676    1305031951.7687
1184 1305031951.804886    1305031951.813548    1305031951.8088
1185 1305031951.836932    1305031951.848226    1305031951.8387
1186 1305031951.868913    1305031951.880079    1305031951.8687
1187 1305031951.904907    1305031951.915908    1305031951.9087
1188 1305031951.936962    1305031951.948683    1305031951.9387
1189 1305031951.968839    1305031951.981889    1305031951.9687
1190 1305031952.004839    1305031952.016974    1305031952.0088
1191 1305031952.037104    1305031952.048200    1305031952.0387
1192 1305031952.068888    1305031952.080085    1305031952.0687
1193 1305031952.105135    1305031952.116717    1305031952.1087
1194 1305031952.136943    1305031952.147987    1305031952.1387
1195 1305031952.168932    1305031952.184234    1305031952.1687
1196 1305031952.204914    1305031952.216761    1305031952.2087
1197 1305031952.236877    1305031952.249227    1305031952.2387
1198 1305031952.268902    1305031952.286014    1305031952.2687
1199 1305031952.304888    1305031952.316634    1305031952.3088
1200 1305031952.336993    1305031952.348255    1305031952.3387
1201 1305031952.368960    1305031952.384145    1305031952.3687
1202 1305031952.404918    1305031952.416972    1305031952.4087
1203 1305031952.437054    1305031952.448757    1305031952.4387
1204 1305031952.468939    1305031952.485298    1305031952.4687
1205 1305031952.504868    1305031952.517162    1305031952.5087
1206 1305031952.536948    1305031952.549624    1305031952.5387
1207 1305031952.568932    1305031952.586036    1305031952.5687
1208 1305031952.604926    1305031952.616651    1305031952.6088
1209 1305031952.636992    1305031952.648319    1305031952.6387
1210 1305031952.668899    1305031952.684311    1305031952.6687
1211 1305031952.704918    1305031952.716954    1305031952.7087
1212 1305031952.736938    1305031952.747932    1305031952.7387
1213 1305031952.768957    1305031952.784923    1305031952.7687
1214 1305031952.804919    1305031952.815896    1305031952.8087
1215 1305031952.836931    1305031952.848902    1305031952.8387
1216 1305031952.868991    1305031952.884506    1305031952.8687
1217 1305031952.904920    1305031952.916053    1305031952.9087
1218 1305031952.936984    1305031952.947523    1305031952.9387
1219 1305031952.972903    1305031952.984578    1305031952.9687
1220 1305031953.004869    1305031953.016595    1305031953.0087
1221 1305031953.036943    1305031953.049017    1305031953.0387
1222 1305031953.073127    1305031953.083674    1305031953.0687
1223 1305031953.104909    1305031953.115587    1305031953.1087
1224 1305031953.137098    1305031953.147161    1305031953.1387
1225 1305031953.172998    1305031953.183058    1305031953.1687
1226 1305031953.204992    1305031953.215053    1305031953.2087
1227 1305031953.237103    1305031953.248151    1305031953.2387
1228 1305031953.273087    1305031953.283786    1305031953.2687
1229 1305031953.304968    1305031953.316977    1305031953.3087
1230 1305031953.337012    1305031953.347948    1305031953.3387
1231 1305031953.372964    1305031953.384173    1305031953.3687
1232 1305031953.404920    1305031953.415905    1305031953.4087
1233 1305031953.436876    1305031953.452336    1305031953.4386
1234 1305031953.473261    1305031953.483838    1305031953.4686
1235 1305031953.504919    1305031953.515920    1305031953.5087
1236 1305031953.536948    1305031953.551507    1305031953.5387
1237 1305031953.572862    1305031953.584439    1305031953.5687
1238 1305031953.604882    1305031953.618056    1305031953.6087
1239 1305031953.636962    1305031953.654177    1305031953.6387
1240 1305031953.673021    1305031953.683774    1305031953.6687
1241 1305031953.704929    1305031953.715952    1305031953.7087
1242 1305031953.736982    1305031953.752395    1305031953.7387
1243 1305031953.772886    1305031953.782908    1305031953.7688
1244 1305031953.804859    1305031953.816480    1305031953.8087
1245 1305031953.836840    1305031953.852417    1305031953.8387
1246 1305031953.872987    1305031953.884444    1305031953.8687
1247 1305031953.904912    1305031953.916154    1305031953.9087
1248 1305031953.936924    1305031953.952308    1305031953.9387
1249 1305031953.972857    1305031953.985028    1305031953.9687
1250 1305031954.004852    1305031954.017015    1305031954.0087
1251 1305031954.036921    1305031954.051816    1305031954.0387
1252 1305031954.072918    1305031954.085429    1305031954.0687
1253 1305031954.104933    1305031954.115779    1305031954.1087
1254 1305031954.136939    1305031954.152181    1305031954.1387
1255 1305031954.172997    1305031954.184964    1305031954.1686
1256 1305031954.204838    1305031954.217228    1305031954.2087
1257 1305031954.237023    1305031954.252057    1305031954.2387
1258 1305031954.272870    1305031954.285809    1305031954.2687
1259 1305031954.304869    1305031954.317325    1305031954.3086
1260 1305031954.336921    1305031954.348938    1305031954.3395
1261 1305031954.372872    1305031954.384479    1305031954.3687
1262 1305031954.404711    1305031954.416646    1305031954.4087
1263 1305031954.436896    1305031954.452249    1305031954.4387
1264 1305031954.472974    1305031954.483636    1305031954.4687
1265 1305031954.504827    1305031954.514991    1305031954.5087
1266 1305031954.536934    1305031954.552961    1305031954.5387
1267 1305031954.572946    1305031954.583506    1305031954.5686
1268 1305031954.604885    1305031954.616389    1305031954.6087
1269 1305031954.636862    1305031954.651711    1305031954.6387
1270 1305031954.672891    1305031954.683635    1305031954.6687
1271 1305031954.704892    1305031954.720557    1305031954.7087
1272 1305031954.736939    1305031954.751545    1305031954.7386
1273 1305031954.773183    1305031954.783603    1305031954.7686
1274 1305031954.804833    1305031954.820887    1305031954.8087
1275 1305031954.836924    1305031954.851912    1305031954.8387
1276 1305031954.873001    1305031954.883976    1305031954.8687
1277 1305031954.904866    1305031954.919388    1305031954.9086
1278 1305031954.937022    1305031954.951822    1305031954.9388
1279 1305031954.972931    1305031954.983417    1305031954.9686
1280 1305031955.004936    1305031955.019886    1305031955.0087
1281 1305031955.036969    1305031955.051198    1305031955.0387
1282 1305031955.073048    1305031955.083486    1305031955.0687
1283 1305031955.104929    1305031955.119530    1305031955.1087
1284 1305031955.136878    1305031955.150462    1305031955.1396
1285 1305031955.173003    1305031955.182670    1305031955.1687
1286 1305031955.204960    1305031955.219463    1305031955.2087
1287 1305031955.236857    1305031955.252519    1305031955.2387
1288 1305031955.272905    1305031955.283877    1305031955.2686
1289 1305031955.304880    1305031955.321200    1305031955.3086
1290 1305031955.337035    1305031955.350590    1305031955.3387
1291 1305031955.372861    1305031955.385074    1305031955.3686
1292 1305031955.404928    1305031955.418493    1305031955.4086
1293 1305031955.436909    1305031955.453866    1305031955.4387
1294 1305031955.472931    1305031955.484155    1305031955.4686
1295 1305031955.504893    1305031955.520645    1305031955.5087
1296 1305031955.536891    1305031955.552015    1305031955.5388
1297 1305031955.572893    1305031955.585017    1305031955.5686
1298 1305031955.604944    1305031955.621372    1305031955.6087
1299 1305031955.636881    1305031955.652029    1305031955.6387
1300 1305031955.672837    1305031955.685832    1305031955.6687
1301 1305031955.704890    1305031955.719498    1305031955.7087
1302 1305031955.736903    1305031955.751498    1305031955.7387
1303 1305031955.772963    1305031955.784581    1305031955.7686
1304 1305031955.804902    1305031955.820489    1305031955.8087
1305 1305031955.837019    1305031955.851625    1305031955.8387
1306 1305031955.872917    1305031955.887875    1305031955.8687
1307 1305031955.904911    1305031955.921521    1305031955.9087
1308 1305031955.937291    1305031955.951838    1305031955.9387
1309 1305031955.973194    1305031955.987663    1305031955.9687
1310 1305031956.004870    1305031956.020120    1305031956.0087
1311 1305031956.036937    1305031956.050008    1305031956.0387
1312 1305031956.073037    1305031956.087830    1305031956.0686
1313 1305031956.104901    1305031956.119493    1305031956.1087
1314 1305031956.136924    1305031956.119493    1305031956.1387
