freiburg1_teddy
image      depth      pose
0 1305032180.416768    1305032180.405639    1305032180.4169
1 1305032180.449191    1305032180.438164    1305032180.4469
2 1305032180.480837    1305032180.473947    1305032180.4769
3 1305032180.516840    1305032180.505769    1305032180.5169
4 1305032180.548937    1305032180.537931    1305032180.5469
5 1305032180.581332    1305032180.573686    1305032180.5770
6 1305032180.616763    1305032180.605816    1305032180.6169
7 1305032180.648962    1305032180.637735    1305032180.6469
8 1305032180.680825    1305032180.673554    1305032180.6770
9 1305032180.717342    1305032180.706762    1305032180.7169
10 1305032180.748819    1305032180.738359    1305032180.7469
11 1305032180.780850    1305032180.773243    1305032180.7769
12 1305032180.816787    1305032180.805058    1305032180.8169
13 1305032180.848954    1305032180.837101    1305032180.8469
14 1305032180.880917    1305032180.873784    1305032180.8769
15 1305032180.916865    1305032180.905747    1305032180.9169
16 1305032180.948907    1305032180.941791    1305032180.9469
17 1305032180.980907    1305032180.973741    1305032180.9769
18 1305032181.016753    1305032181.005492    1305032181.0169
19 1305032181.048957    1305032181.041884    1305032181.0469
20 1305032181.080911    1305032181.073835    1305032181.0769
21 1305032181.116902    1305032181.105971    1305032181.1169
22 1305032181.148803    1305032181.142127    1305032181.1469
23 1305032181.181078    1305032181.173703    1305032181.1769
24 1305032181.216791    1305032181.206149    1305032181.2169
25 1305032181.248831    1305032181.241823    1305032181.2469
26 1305032181.280978    1305032181.273774    1305032181.2769
27 1305032181.316657    1305032181.305986    1305032181.3169
28 1305032181.348799    1305032181.340021    1305032181.3469
29 1305032181.380787    1305032181.373848    1305032181.3770
30 1305032181.416712    1305032181.405778    1305032181.4170
31 1305032181.448767    1305032181.442155    1305032181.4469
32 1305032181.480888    1305032181.471248    1305032181.4769
33 1305032181.517110    1305032181.505736    1305032181.5169
34 1305032181.549041    1305032181.541855    1305032181.5469
35 1305032181.580857    1305032181.573707    1305032181.5769
36 1305032181.616881    1305032181.605856    1305032181.6169
37 1305032181.648916    1305032181.641150    1305032181.6469
38 1305032181.681016    1305032181.674022    1305032181.6769
39 1305032181.716843    1305032181.705719    1305032181.7169
40 1305032181.748990    1305032181.738430    1305032181.7469
41 1305032181.780875    1305032181.771053    1305032181.7769
42 1305032181.816836    1305032181.802093    1305032181.8182
43 1305032181.848912    1305032181.840925    1305032181.8469
44 1305032181.880877    1305032181.873933    1305032181.8769
45 1305032181.916917    1305032181.906121    1305032181.9172
46 1305032181.950114    1305032181.942336    1305032181.9469
47 1305032182.016837    1305032182.005989    1305032182.0169
48 1305032182.049261    1305032182.042220    1305032182.0469
49 1305032182.081072    1305032182.072646    1305032182.0769
50 1305032182.116839    1305032182.105944    1305032182.1169
51 1305032182.148903    1305032182.142112    1305032182.1469
52 1305032182.180809    1305032182.173846    1305032182.1769
53 1305032182.216846    1305032182.210039    1305032182.2170
54 1305032182.248838    1305032182.241036    1305032182.2469
55 1305032182.280886    1305032182.273055    1305032182.2769
56 1305032182.316854    1305032182.309045    1305032182.3168
57 1305032182.348809    1305032182.342137    1305032182.3469
58 1305032182.380837    1305032182.373922    1305032182.3769
59 1305032182.417061    1305032182.409952    1305032182.4169
60 1305032182.449002    1305032182.442170    1305032182.4469
61 1305032182.480855    1305032182.473474    1305032182.4769
62 1305032182.516842    1305032182.509642    1305032182.5169
63 1305032182.548795    1305032182.540948    1305032182.5469
64 1305032182.580911    1305032182.573216    1305032182.5769
65 1305032182.616769    1305032182.609257    1305032182.6169
66 1305032182.648743    1305032182.641973    1305032182.6469
67 1305032182.680940    1305032182.672982    1305032182.6768
68 1305032182.716969    1305032182.710041    1305032182.7169
69 1305032182.749019    1305032182.741721    1305032182.7469
70 1305032182.781052    1305032182.773693    1305032182.7769
71 1305032182.816828    1305032182.810042    1305032182.8168
72 1305032182.848783    1305032182.840026    1305032182.8469
73 1305032182.881107    1305032182.874035    1305032182.8769
74 1305032182.916860    1305032182.910018    1305032182.9169
75 1305032182.948825    1305032182.941928    1305032182.9468
76 1305032182.981101    1305032182.973864    1305032182.9769
77 1305032183.016793    1305032183.010104    1305032183.0168
78 1305032183.048822    1305032183.041827    1305032183.0469
79 1305032183.080929    1305032183.073784    1305032183.0769
80 1305032183.118077    1305032183.109760    1305032183.1169
81 1305032183.180752    1305032183.173981    1305032183.1769
82 1305032183.217065    1305032183.209832    1305032183.2168
83 1305032183.249343    1305032183.241698    1305032183.2469
84 1305032183.280841    1305032183.271681    1305032183.2768
85 1305032183.317034    1305032183.309449    1305032183.3169
86 1305032183.348643    1305032183.340218    1305032183.3468
87 1305032183.380784    1305032183.376910    1305032183.3769
88 1305032183.417050    1305032183.409350    1305032183.4169
89 1305032183.448870    1305032183.441502    1305032183.4469
90 1305032183.480747    1305032183.478164    1305032183.4769
91 1305032183.516841    1305032183.510006    1305032183.5169
92 1305032183.548800    1305032183.542153    1305032183.5469
93 1305032183.581352    1305032183.573584    1305032183.5769
94 1305032183.617016    1305032183.609802    1305032183.6169
95 1305032183.649047    1305032183.641260    1305032183.6469
96 1305032183.680786    1305032183.677575    1305032183.6769
97 1305032183.716899    1305032183.709848    1305032183.7168
98 1305032183.748924    1305032183.739909    1305032183.7469
99 1305032183.780796    1305032183.777057    1305032183.7769
100 1305032183.816827    1305032183.808894    1305032183.8168
101 1305032183.848835    1305032183.838969    1305032183.8468
102 1305032183.880829    1305032183.877204    1305032183.8769
103 1305032183.916910    1305032183.908421    1305032183.9169
104 1305032183.948890    1305032183.940719    1305032183.9469
105 1305032183.980795    1305032183.976886    1305032183.9768
106 1305032184.016821    1305032184.009119    1305032184.0169
107 1305032184.049024    1305032184.042055    1305032184.0469
108 1305032184.080840    1305032184.078077    1305032184.0768
109 1305032184.116837    1305032184.109544    1305032184.1168
110 1305032184.148987    1305032184.138001    1305032184.1468
111 1305032184.180725    1305032184.177970    1305032184.1769
112 1305032184.216990    1305032184.209460    1305032184.2168
113 1305032184.248806    1305032184.241860    1305032184.2469
114 1305032184.280893    1305032184.277875    1305032184.2769
115 1305032184.316771    1305032184.305815    1305032184.3169
116 1305032184.348790    1305032184.341974    1305032184.3469
117 1305032184.380890    1305032184.377902    1305032184.3768
118 1305032184.416859    1305032184.410099    1305032184.4168
119 1305032184.448922    1305032184.441672    1305032184.4468
120 1305032184.480939    1305032184.477946    1305032184.4769
121 1305032184.517404    1305032184.509151    1305032184.5169
122 1305032184.548890    1305032184.541024    1305032184.5469
123 1305032184.580889    1305032184.577028    1305032184.5769
124 1305032184.616917    1305032184.609226    1305032184.6169
125 1305032184.648802    1305032184.644983    1305032184.6469
126 1305032184.680796    1305032184.676980    1305032184.6768
127 1305032184.716820    1305032184.709038    1305032184.7168
128 1305032184.749228    1305032184.742127    1305032184.7469
129 1305032184.780723    1305032184.777936    1305032184.7769
130 1305032184.816841    1305032184.809179    1305032184.8169
131 1305032184.848695    1305032184.846171    1305032184.8469
132 1305032184.880788    1305032184.876331    1305032184.8769
133 1305032184.918061    1305032184.909906    1305032184.9169
134 1305032184.980871    1305032184.977770    1305032184.9769
135 1305032185.016830    1305032185.010203    1305032185.0169
136 1305032185.048753    1305032185.046067    1305032185.0468
137 1305032185.080761    1305032185.077848    1305032185.0768
138 1305032185.116901    1305032185.110059    1305032185.1168
139 1305032185.148855    1305032185.146088    1305032185.1469
140 1305032185.180921    1305032185.177981    1305032185.1768
141 1305032185.216821    1305032185.210047    1305032185.2168
142 1305032185.248744    1305032185.246164    1305032185.2469
143 1305032185.280816    1305032185.277781    1305032185.2769
144 1305032185.316975    1305032185.310212    1305032185.3168
145 1305032185.348836    1305032185.346178    1305032185.3469
146 1305032185.380713    1305032185.377986    1305032185.3769
147 1305032185.416853    1305032185.409841    1305032185.4169
148 1305032185.448824    1305032185.445026    1305032185.4468
149 1305032185.480750    1305032185.477301    1305032185.4768
150 1305032185.517917    1305032185.509174    1305032185.5168
151 1305032185.580817    1305032185.577007    1305032185.5769
152 1305032185.616813    1305032185.608944    1305032185.6168
153 1305032185.649137    1305032185.646199    1305032185.6469
154 1305032185.681076    1305032185.674065    1305032185.6769
155 1305032185.717989    1305032185.709409    1305032185.7168
156 1305032185.780788    1305032185.776948    1305032185.7769
157 1305032185.816914    1305032185.809105    1305032185.8168
158 1305032185.848739    1305032185.844997    1305032185.8468
159 1305032185.880792    1305032185.877097    1305032185.8769
160 1305032185.916774    1305032185.913009    1305032185.9168
161 1305032185.948832    1305032185.944654    1305032185.9468
162 1305032185.980891    1305032185.977805    1305032185.9769
163 1305032186.016729    1305032186.013929    1305032186.0168
164 1305032186.048853    1305032186.045828    1305032186.0469
165 1305032186.080866    1305032186.077943    1305032186.0769
166 1305032186.116745    1305032186.114126    1305032186.1168
167 1305032186.149175    1305032186.141996    1305032186.1468
168 1305032186.180852    1305032186.177711    1305032186.1768
169 1305032186.238254    1305032186.232363    1305032186.2364
170 1305032186.274478    1305032186.267582    1305032186.2763
171 1305032186.306444    1305032186.300588    1305032186.3064
172 1305032186.338305    1305032186.335416    1305032186.3364
173 1305032186.374424    1305032186.367914    1305032186.3763
174 1305032186.406432    1305032186.403522    1305032186.4064
175 1305032186.438324    1305032186.435153    1305032186.4364
176 1305032186.474472    1305032186.467950    1305032186.4764
177 1305032186.506702    1305032186.503058    1305032186.5064
178 1305032186.538288    1305032186.535377    1305032186.5364
179 1305032186.574586    1305032186.567394    1305032186.5764
180 1305032186.606308    1305032186.603266    1305032186.6064
181 1305032186.638328    1305032186.635315    1305032186.6364
182 1305032186.674491    1305032186.667358    1305032186.6763
183 1305032186.706281    1305032186.703309    1305032186.7064
184 1305032186.738284    1305032186.735691    1305032186.7364
185 1305032186.774426    1305032186.765616    1305032186.7764
186 1305032186.806294    1305032186.803395    1305032186.8064
187 1305032186.838316    1305032186.835488    1305032186.8364
188 1305032186.874420    1305032186.867455    1305032186.8764
189 1305032186.906311    1305032186.903530    1305032186.9064
190 1305032186.938335    1305032186.935287    1305032186.9364
191 1305032186.974466    1305032186.964738    1305032186.9764
192 1305032187.006347    1305032187.003365    1305032187.0064
193 1305032187.038369    1305032187.035218    1305032187.0363
194 1305032187.074485    1305032187.067410    1305032187.0764
195 1305032187.106300    1305032187.103755    1305032187.1064
196 1305032187.138388    1305032187.135420    1305032187.1364
197 1305032187.174344    1305032187.171594    1305032187.1764
198 1305032187.206315    1305032187.203221    1305032187.2064
199 1305032187.238306    1305032187.235320    1305032187.2364
200 1305032187.274410    1305032187.271319    1305032187.2763
201 1305032187.306310    1305032187.303272    1305032187.3063
202 1305032187.338238    1305032187.335838    1305032187.3364
203 1305032187.374465    1305032187.371624    1305032187.3764
204 1305032187.406431    1305032187.402711    1305032187.4064
205 1305032187.438345    1305032187.434439    1305032187.4364
206 1305032187.474252    1305032187.471404    1305032187.4767
207 1305032187.506288    1305032187.502403    1305032187.5063
208 1305032187.538394    1305032187.534564    1305032187.5364
209 1305032187.574353    1305032187.570594    1305032187.5763
210 1305032187.606376    1305032187.602485    1305032187.6064
211 1305032187.638551    1305032187.632525    1305032187.6364
212 1305032187.674515    1305032187.670813    1305032187.6763
213 1305032187.706690    1305032187.701303    1305032187.7064
214 1305032187.738344    1305032187.735457    1305032187.7363
215 1305032187.774385    1305032187.771606    1305032187.7764
216 1305032187.806253    1305032187.803756    1305032187.8063
217 1305032187.838326    1305032187.835436    1305032187.8364
218 1305032187.874314    1305032187.871306    1305032187.8764
219 1305032187.906341    1305032187.903249    1305032187.9063
220 1305032187.938404    1305032187.934790    1305032187.9364
221 1305032187.974333    1305032187.971515    1305032187.9766
222 1305032188.006755    1305032188.003503    1305032188.0063
223 1305032188.038347    1305032188.034904    1305032188.0364
224 1305032188.074366    1305032188.071784    1305032188.0763
225 1305032188.106358    1305032188.101049    1305032188.1064
226 1305032188.138393    1305032188.135498    1305032188.1363
227 1305032188.174531    1305032188.171606    1305032188.1764
228 1305032188.206385    1305032188.203627    1305032188.2063
229 1305032188.238300    1305032188.235366    1305032188.2364
230 1305032188.274246    1305032188.270772    1305032188.2764
231 1305032188.306298    1305032188.302773    1305032188.3063
232 1305032188.338463    1305032188.338488    1305032188.3364
233 1305032188.374255    1305032188.370732    1305032188.3763
234 1305032188.406411    1305032188.402644    1305032188.4063
235 1305032188.438404    1305032188.438439    1305032188.4364
236 1305032188.474384    1305032188.470115    1305032188.4763
237 1305032188.506372    1305032188.502516    1305032188.5063
238 1305032188.538361    1305032188.538368    1305032188.5364
239 1305032188.574421    1305032188.570222    1305032188.5763
240 1305032188.606360    1305032188.602423    1305032188.6063
241 1305032188.638700    1305032188.638717    1305032188.6364
242 1305032188.674410    1305032188.670623    1305032188.6764
243 1305032188.706357    1305032188.702372    1305032188.7064
244 1305032188.739249    1305032188.739288    1305032188.7364
245 1305032188.774344    1305032188.771350    1305032188.7764
246 1305032188.806323    1305032188.803232    1305032188.8064
247 1305032188.839225    1305032188.839256    1305032188.8364
248 1305032188.874344    1305032188.871463    1305032188.8764
249 1305032188.906314    1305032188.903330    1305032188.9064
250 1305032188.939488    1305032188.939530    1305032188.9363
251 1305032188.974616    1305032188.967528    1305032188.9764
252 1305032189.006344    1305032189.003407    1305032189.0063
253 1305032189.039201    1305032189.039241    1305032189.0363
254 1305032189.074311    1305032189.070538    1305032189.0764
255 1305032189.106462    1305032189.099801    1305032189.1064
256 1305032189.139020    1305032189.139029    1305032189.1363
257 1305032189.174337    1305032189.169102    1305032189.1763
258 1305032189.206328    1305032189.203427    1305032189.2064
259 1305032189.239113    1305032189.239134    1305032189.2364
260 1305032189.274280    1305032189.271918    1305032189.2763
261 1305032189.306419    1305032189.303114    1305032189.3063
262 1305032189.339043    1305032189.339057    1305032189.3363
263 1305032189.374296    1305032189.371339    1305032189.3764
264 1305032189.406454    1305032189.403088    1305032189.4064
265 1305032189.439203    1305032189.439231    1305032189.4364
266 1305032189.474381    1305032189.471232    1305032189.4764
267 1305032189.506417    1305032189.499555    1305032189.5063
268 1305032189.539204    1305032189.539216    1305032189.5364
269 1305032189.574311    1305032189.571462    1305032189.5763
270 1305032189.607261    1305032189.607272    1305032189.6064
271 1305032189.639158    1305032189.639175    1305032189.6363
272 1305032189.674631    1305032189.671295    1305032189.6763
273 1305032189.707346    1305032189.707355    1305032189.7064
274 1305032189.774494    1305032189.769857    1305032189.7763
275 1305032189.807118    1305032189.807193    1305032189.8063
276 1305032189.839133    1305032189.839266    1305032189.8364
277 1305032189.874440    1305032189.871198    1305032189.8763
278 1305032189.907291    1305032189.907438    1305032189.9064
279 1305032189.939176    1305032189.939189    1305032189.9363
280 1305032189.974388    1305032189.971493    1305032189.9763
281 1305032190.007331    1305032190.007400    1305032190.0064
282 1305032190.039183    1305032190.039205    1305032190.0363
283 1305032190.074353    1305032190.071225    1305032190.0763
284 1305032190.106919    1305032190.107061    1305032190.1064
285 1305032190.139118    1305032190.139137    1305032190.1363
286 1305032190.174382    1305032190.170601    1305032190.1763
287 1305032190.206527    1305032190.206536    1305032190.2064
288 1305032190.238598    1305032190.238632    1305032190.2364
289 1305032190.274436    1305032190.270627    1305032190.2763
290 1305032190.306776    1305032190.306807    1305032190.3064
291 1305032190.338705    1305032190.338788    1305032190.3363
292 1305032190.374553    1305032190.370619    1305032190.3763
293 1305032190.406774    1305032190.406810    1305032190.4063
294 1305032190.438393    1305032190.438426    1305032190.4363
295 1305032190.474512    1305032190.470743    1305032190.4763
296 1305032190.507021    1305032190.503579    1305032190.5063
297 1305032190.539574    1305032190.539604    1305032190.5363
298 1305032190.574522    1305032190.570846    1305032190.5763
299 1305032190.606628    1305032190.606644    1305032190.6063
300 1305032190.638351    1305032190.638365    1305032190.6363
301 1305032190.674511    1305032190.671786    1305032190.6763
302 1305032190.707805    1305032190.707489    1305032190.7063
303 1305032190.739542    1305032190.739578    1305032190.7363
304 1305032190.774406    1305032190.771447    1305032190.7764
305 1305032190.807353    1305032190.807445    1305032190.8063
306 1305032190.839295    1305032190.839426    1305032190.8363
307 1305032190.874702    1305032190.874736    1305032190.8763
308 1305032190.906872    1305032190.906894    1305032190.9063
309 1305032190.938298    1305032190.935332    1305032190.9363
310 1305032190.974293    1305032190.970994    1305032190.9762
311 1305032191.007388    1305032191.007607    1305032191.0064
312 1305032191.039147    1305032191.039174    1305032191.0365
313 1305032191.075542    1305032191.075552    1305032191.0763
314 1305032191.107369    1305032191.107403    1305032191.1063
315 1305032191.139264    1305032191.139296    1305032191.1364
316 1305032191.175154    1305032191.175166    1305032191.1763
317 1305032191.239480    1305032191.239501    1305032191.2363
318 1305032191.275365    1305032191.275392    1305032191.2763
319 1305032191.307300    1305032191.307442    1305032191.3063
320 1305032191.375372    1305032191.375380    1305032191.3763
321 1305032191.407222    1305032191.407241    1305032191.4063
322 1305032191.439234    1305032191.439263    1305032191.4363
323 1305032191.475122    1305032191.475132    1305032191.4763
324 1305032191.507078    1305032191.507102    1305032191.5063
325 1305032191.539261    1305032191.539279    1305032191.5363
326 1305032191.574951    1305032191.574961    1305032191.5763
327 1305032191.607207    1305032191.607249    1305032191.6063
328 1305032191.638816    1305032191.638831    1305032191.6363
329 1305032191.675288    1305032191.675312    1305032191.6764
330 1305032191.707052    1305032191.707072    1305032191.7063
331 1305032191.738602    1305032191.738613    1305032191.7363
332 1305032191.775242    1305032191.775270    1305032191.7763
333 1305032191.807049    1305032191.807070    1305032191.8063
334 1305032191.839534    1305032191.839560    1305032191.8363
335 1305032191.874538    1305032191.874555    1305032191.8764
336 1305032191.906632    1305032191.906653    1305032191.9064
337 1305032191.938746    1305032191.938759    1305032191.9363
338 1305032191.974172    1305032191.972283    1305032191.9763
339 1305032192.006899    1305032192.006961    1305032192.0063
340 1305032192.040329    1305032192.040339    1305032192.0363
341 1305032192.074296    1305032192.073907    1305032192.0763
342 1305032192.107207    1305032192.107230    1305032192.1063
343 1305032192.143527    1305032192.143544    1305032192.1463
344 1305032192.175138    1305032192.175148    1305032192.1763
345 1305032192.207462    1305032192.207744    1305032192.2063
346 1305032192.242995    1305032192.243366    1305032192.2463
347 1305032192.275322    1305032192.275343    1305032192.2763
348 1305032192.307137    1305032192.307155    1305032192.3063
349 1305032192.343429    1305032192.343449    1305032192.3463
350 1305032192.375351    1305032192.375548    1305032192.3763
351 1305032192.406988    1305032192.406997    1305032192.4063
352 1305032192.443064    1305032192.443179    1305032192.4463
353 1305032192.475136    1305032192.475167    1305032192.4763
354 1305032192.507282    1305032192.507297    1305032192.5063
355 1305032192.543270    1305032192.543280    1305032192.5462
356 1305032192.575287    1305032192.575297    1305032192.5763
357 1305032192.607043    1305032192.607056    1305032192.6064
358 1305032192.642682    1305032192.642695    1305032192.6463
359 1305032192.675331    1305032192.675353    1305032192.6763
360 1305032192.706798    1305032192.706821    1305032192.7063
361 1305032192.743017    1305032192.743037    1305032192.7463
362 1305032192.775674    1305032192.775695    1305032192.7763
363 1305032192.807088    1305032192.807111    1305032192.8064
364 1305032192.843319    1305032192.843387    1305032192.8463
365 1305032192.906650    1305032192.906667    1305032192.9063
366 1305032192.942718    1305032192.942736    1305032192.9463
367 1305032192.974691    1305032192.974708    1305032192.9763
368 1305032193.006760    1305032193.006794    1305032193.0063
369 1305032193.042601    1305032193.042632    1305032193.0463
370 1305032193.074613    1305032193.074628    1305032193.0763
371 1305032193.106695    1305032193.106712    1305032193.1063
372 1305032193.142723    1305032193.142756    1305032193.1463
373 1305032193.174586    1305032193.174621    1305032193.1763
374 1305032193.206838    1305032193.206872    1305032193.2064
375 1305032193.242456    1305032193.242487    1305032193.2463
376 1305032193.274520    1305032193.274532    1305032193.2763
377 1305032193.310778    1305032193.310784    1305032193.3063
378 1305032193.374757    1305032193.374778    1305032193.3763
379 1305032193.410937    1305032193.410996    1305032193.4063
380 1305032193.474361    1305032193.474375    1305032193.4763
381 1305032193.508533    1305032193.508568    1305032193.5063
382 1305032193.542415    1305032193.542436    1305032193.5463
383 1305032193.574902    1305032193.574911    1305032193.5763
384 1305032193.610969    1305032193.610999    1305032193.6063
385 1305032193.642823    1305032193.642841    1305032193.6463
386 1305032193.675595    1305032193.675612    1305032193.6763
387 1305032193.709022    1305032193.709053    1305032193.7063
388 1305032193.742409    1305032193.742415    1305032193.7462
389 1305032193.775435    1305032193.775453    1305032193.7763
390 1305032193.811474    1305032193.811498    1305032193.8162
391 1305032193.843364    1305032193.843397    1305032193.8462
392 1305032193.875019    1305032193.875032    1305032193.8763
393 1305032193.911168    1305032193.911199    1305032193.9063
394 1305032193.942448    1305032193.942483    1305032193.9463
395 1305032193.974516    1305032193.974524    1305032193.9763
396 1305032194.011117    1305032194.010912    1305032194.0063
397 1305032194.042688    1305032194.042703    1305032194.0463
398 1305032194.074383    1305032194.074396    1305032194.0763
399 1305032194.110517    1305032194.110545    1305032194.1063
400 1305032194.142532    1305032194.142566    1305032194.1462
401 1305032194.174640    1305032194.174690    1305032194.1763
402 1305032194.210736    1305032194.210766    1305032194.2063
403 1305032194.242426    1305032194.242458    1305032194.2463
404 1305032194.274526    1305032194.274543    1305032194.2763
405 1305032194.310941    1305032194.311027    1305032194.3063
406 1305032194.342858    1305032194.342868    1305032194.3462
407 1305032194.374876    1305032194.374921    1305032194.3763
408 1305032194.407399    1305032194.407436    1305032194.4063
409 1305032194.442440    1305032194.442486    1305032194.4463
410 1305032194.474539    1305032194.474570    1305032194.4763
411 1305032194.510998    1305032194.511008    1305032194.5063
412 1305032194.542821    1305032194.542832    1305032194.5463
413 1305032194.578566    1305032194.578575    1305032194.5763
414 1305032194.610523    1305032194.610582    1305032194.6063
415 1305032194.642469    1305032194.642482    1305032194.6463
416 1305032194.678559    1305032194.678602    1305032194.6763
417 1305032194.710510    1305032194.710534    1305032194.7063
418 1305032194.742543    1305032194.742552    1305032194.7463
419 1305032194.778702    1305032194.778713    1305032194.7763
420 1305032194.811382    1305032194.811394    1305032194.8162
421 1305032194.879189    1305032194.879287    1305032194.8762
422 1305032194.940467    1305032194.940476    1305032194.9362
423 1305032194.978559    1305032194.978624    1305032194.9762
424 1305032195.010576    1305032195.010602    1305032195.0063
425 1305032195.043344    1305032195.043356    1305032195.0464
426 1305032195.079395    1305032195.079178    1305032195.0762
427 1305032195.111678    1305032195.111698    1305032195.1162
428 1305032195.143499    1305032195.143516    1305032195.1463
429 1305032195.179526    1305032195.179540    1305032195.1763
430 1305032195.243386    1305032195.243403    1305032195.2462
431 1305032195.279501    1305032195.279519    1305032195.2765
432 1305032195.311768    1305032195.311780    1305032195.3163
433 1305032195.376382    1305032195.376391    1305032195.3762
434 1305032195.411534    1305032195.411680    1305032195.4162
435 1305032195.479227    1305032195.479239    1305032195.4763
436 1305032195.511111    1305032195.511121    1305032195.5063
437 1305032195.542959    1305032195.542975    1305032195.5463
438 1305032195.578829    1305032195.578841    1305032195.5762
439 1305032195.611234    1305032195.611247    1305032195.6063
440 1305032195.678973    1305032195.679007    1305032195.6763
441 1305032195.710912    1305032195.710928    1305032195.7063
442 1305032195.742851    1305032195.742882    1305032195.7462
443 1305032195.778533    1305032195.778543    1305032195.7763
444 1305032195.810945    1305032195.810954    1305032195.8063
445 1305032195.846713    1305032195.846730    1305032195.8463
446 1305032195.878300    1305032195.878310    1305032195.8763
447 1305032195.911195    1305032195.911210    1305032195.9062
448 1305032195.946009    1305032195.946024    1305032195.9462
449 1305032195.978947    1305032195.978954    1305032195.9763
450 1305032196.011259    1305032196.011270    1305032196.0162
451 1305032196.047221    1305032196.047236    1305032196.0462
452 1305032196.078769    1305032196.078800    1305032196.0763
453 1305032196.111022    1305032196.111031    1305032196.1062
454 1305032196.146773    1305032196.146795    1305032196.1462
455 1305032196.178846    1305032196.178861    1305032196.1762
456 1305032196.211277    1305032196.211291    1305032196.2162
457 1305032196.247190    1305032196.247460    1305032196.2462
458 1305032196.311206    1305032196.311220    1305032196.3063
459 1305032196.347188    1305032196.347202    1305032196.3463
460 1305032196.407470    1305032196.407477    1305032196.4062
461 1305032196.446880    1305032196.446899    1305032196.4463
462 1305032196.479245    1305032196.479268    1305032196.4762
463 1305032196.510749    1305032196.510889    1305032196.5062
464 1305032196.547134    1305032196.547171    1305032196.5462
465 1305032196.579032    1305032196.579418    1305032196.5763
466 1305032196.611361    1305032196.611370    1305032196.6162
467 1305032196.647203    1305032196.647450    1305032196.6463
468 1305032196.710860    1305032196.710873    1305032196.7062
469 1305032196.747006    1305032196.747025    1305032196.7462
470 1305032196.778981    1305032196.779011    1305032196.7763
471 1305032196.810902    1305032196.810919    1305032196.8062
472 1305032196.846851    1305032196.846859    1305032196.8462
473 1305032196.879306    1305032196.879319    1305032196.8765
474 1305032196.911073    1305032196.911083    1305032196.9062
475 1305032196.947124    1305032196.947160    1305032196.9462
476 1305032196.979144    1305032196.979165    1305032196.9763
477 1305032197.046852    1305032197.046876    1305032197.0462
478 1305032197.079241    1305032197.079267    1305032197.0762
479 1305032197.146291    1305032197.146300    1305032197.1463
480 1305032197.178597    1305032197.178619    1305032197.1763
481 1305032197.246436    1305032197.246461    1305032197.2462
482 1305032197.278617    1305032197.278705    1305032197.2762
483 1305032197.346213    1305032197.346243    1305032197.3462
484 1305032197.378307    1305032197.378333    1305032197.3762
485 1305032197.446193    1305032197.446213    1305032197.4462
486 1305032197.480164    1305032197.480183    1305032197.4763
487 1305032197.546138    1305032197.546144    1305032197.5462
488 1305032197.578451    1305032197.578471    1305032197.5762
489 1305032197.646676    1305032197.646686    1305032197.6463
490 1305032197.706445    1305032197.714118    1305032197.7062
491 1305032197.746396    1305032197.746419    1305032197.7462
492 1305032197.778560    1305032197.778583    1305032197.7763
493 1305032197.846558    1305032197.846565    1305032197.8462
494 1305032197.878068    1305032197.878101    1305032197.8763
495 1305032197.943551    1305032197.943557    1305032197.9465
496 1305032197.979315    1305032197.979333    1305032197.9763
497 1305032198.047542    1305032198.047563    1305032198.0462
498 1305032198.106301    1305032198.116477    1305032198.1062
499 1305032198.146848    1305032198.146879    1305032198.1462
500 1305032198.178825    1305032198.178774    1305032198.1763
501 1305032198.247050    1305032198.247083    1305032198.2462
502 1305032198.306375    1305032198.316389    1305032198.3063
503 1305032198.347079    1305032198.347089    1305032198.3462
504 1305032198.406407    1305032198.416001    1305032198.4063
505 1305032198.447116    1305032198.447126    1305032198.4462
506 1305032198.506363    1305032198.515252    1305032198.5062
507 1305032198.547035    1305032198.547065    1305032198.5463
508 1305032198.606414    1305032198.616222    1305032198.6062
509 1305032198.647253    1305032198.647268    1305032198.6462
510 1305032198.706335    1305032198.717282    1305032198.7062
511 1305032198.746296    1305032198.746307    1305032198.7462
512 1305032198.806374    1305032198.815523    1305032198.8062
513 1305032198.846976    1305032198.846994    1305032198.8462
514 1305032198.906402    1305032198.915651    1305032198.9062
515 1305032198.947082    1305032198.947117    1305032198.9462
516 1305032199.006411    1305032199.015144    1305032199.0062
517 1305032199.047109    1305032199.047119    1305032199.0461
518 1305032199.106454    1305032199.115531    1305032199.1062
519 1305032199.147137    1305032199.147173    1305032199.1462
520 1305032199.206387    1305032199.215119    1305032199.2062
521 1305032199.245876    1305032199.245929    1305032199.2461
522 1305032199.306811    1305032199.317977    1305032199.3062
523 1305032199.346717    1305032199.346731    1305032199.3462
524 1305032199.406488    1305032199.415061    1305032199.4062
525 1305032199.446779    1305032199.446791    1305032199.4462
526 1305032199.506558    1305032199.514264    1305032199.5062
527 1305032199.542376    1305032199.551820    1305032199.5462
528 1305032199.574347    1305032199.583527    1305032199.5762
529 1305032199.606465    1305032199.615883    1305032199.6062
530 1305032199.642310    1305032199.650894    1305032199.6462
531 1305032199.674469    1305032199.683100    1305032199.6762
532 1305032199.706362    1305032199.715118    1305032199.7065
533 1305032199.742362    1305032199.750400    1305032199.7462
534 1305032199.774332    1305032199.782930    1305032199.7762
535 1305032199.806416    1305032199.814468    1305032199.8062
536 1305032199.842378    1305032199.850272    1305032199.8461
537 1305032199.874335    1305032199.879395    1305032199.8762
538 1305032199.906541    1305032199.914766    1305032199.9061
539 1305032199.942318    1305032199.950569    1305032199.9462
540 1305032199.974288    1305032199.985511    1305032199.9762
541 1305032200.006886    1305032200.016055    1305032200.0062
542 1305032200.042357    1305032200.053706    1305032200.0462
543 1305032200.074337    1305032200.085673    1305032200.0762
544 1305032200.106425    1305032200.117721    1305032200.1062
545 1305032200.142323    1305032200.153459    1305032200.1462
546 1305032200.174399    1305032200.185587    1305032200.1762
547 1305032200.206389    1305032200.214951    1305032200.2062
548 1305032200.242385    1305032200.251159    1305032200.2461
549 1305032200.274315    1305032200.282804    1305032200.2762
550 1305032200.306461    1305032200.313725    1305032200.3062
551 1305032200.342598    1305032200.351137    1305032200.3462
552 1305032200.374494    1305032200.382783    1305032200.3762
553 1305032200.406515    1305032200.415795    1305032200.4061
554 1305032200.442373    1305032200.451069    1305032200.4462
555 1305032200.474331    1305032200.483724    1305032200.4762
556 1305032200.506358    1305032200.515732    1305032200.5062
557 1305032200.542325    1305032200.552130    1305032200.5461
558 1305032200.574372    1305032200.584045    1305032200.5762
559 1305032200.606298    1305032200.618193    1305032200.6062
560 1305032200.642354    1305032200.650929    1305032200.6462
561 1305032200.674352    1305032200.683043    1305032200.6762
562 1305032200.706398    1305032200.720721    1305032200.7061
563 1305032200.742419    1305032200.749524    1305032200.7462
564 1305032200.774354    1305032200.782479    1305032200.7762
565 1305032200.806569    1305032200.819110    1305032200.8062
566 1305032200.842550    1305032200.851181    1305032200.8462
567 1305032200.874337    1305032200.883798    1305032200.8762
568 1305032200.906300    1305032200.920250    1305032200.9062
569 1305032200.942311    1305032200.949690    1305032200.9461
570 1305032200.974212    1305032200.981309    1305032200.9762
571 1305032201.006361    1305032201.018690    1305032201.0062
572 1305032201.042341    1305032201.049419    1305032201.0461
573 1305032201.074271    1305032201.082909    1305032201.0762
574 1305032201.106580    1305032201.117573    1305032201.1062
575 1305032201.142300    1305032201.151468    1305032201.1462
576 1305032201.174405    1305032201.183296    1305032201.1761
577 1305032201.206383    1305032201.219214    1305032201.2062
578 1305032201.242450    1305032201.252550    1305032201.2462
579 1305032201.274420    1305032201.286595    1305032201.2762
580 1305032201.306423    1305032201.320150    1305032201.3061
581 1305032201.342449    1305032201.354414    1305032201.3461
582 1305032201.374376    1305032201.383106    1305032201.3762
583 1305032201.406413    1305032201.419341    1305032201.4061
584 1305032201.442428    1305032201.450912    1305032201.4462
585 1305032201.474406    1305032201.483001    1305032201.4762
586 1305032201.506426    1305032201.519441    1305032201.5062
587 1305032201.542328    1305032201.554283    1305032201.5462
588 1305032201.574494    1305032201.582560    1305032201.5762
589 1305032201.606463    1305032201.619098    1305032201.6062
590 1305032201.642348    1305032201.650668    1305032201.6462
591 1305032201.674666    1305032201.682107    1305032201.6762
592 1305032201.706398    1305032201.719051    1305032201.7062
593 1305032201.742373    1305032201.751029    1305032201.7462
594 1305032201.774362    1305032201.785472    1305032201.7762
595 1305032201.806424    1305032201.819242    1305032201.8062
596 1305032201.842339    1305032201.853101    1305032201.8462
597 1305032201.874355    1305032201.884351    1305032201.8762
598 1305032201.906415    1305032201.920505    1305032201.9062
599 1305032201.942338    1305032201.951655    1305032201.9462
600 1305032201.974380    1305032201.986860    1305032201.9762
601 1305032202.006425    1305032202.020865    1305032202.0061
602 1305032202.042357    1305032202.051688    1305032202.0462
603 1305032202.074375    1305032202.089469    1305032202.0761
604 1305032202.106424    1305032202.118595    1305032202.1062
605 1305032202.142204    1305032202.149573    1305032202.1462
606 1305032202.174439    1305032202.187221    1305032202.1762
607 1305032202.206557    1305032202.216886    1305032202.2062
608 1305032202.242288    1305032202.250030    1305032202.2461
609 1305032202.274589    1305032202.287105    1305032202.2764
610 1305032202.306415    1305032202.318770    1305032202.3062
611 1305032202.342328    1305032202.350441    1305032202.3462
612 1305032202.374470    1305032202.387539    1305032202.3762
613 1305032202.406548    1305032202.420190    1305032202.4061
614 1305032202.442339    1305032202.448958    1305032202.4462
615 1305032202.474544    1305032202.487330    1305032202.4762
616 1305032202.506394    1305032202.521285    1305032202.5061
617 1305032202.542344    1305032202.553204    1305032202.5462
618 1305032202.574399    1305032202.588975    1305032202.5762
619 1305032202.606477    1305032202.620281    1305032202.6061
620 1305032202.642355    1305032202.651281    1305032202.6462
621 1305032202.674325    1305032202.688219    1305032202.6761
622 1305032202.706403    1305032202.719742    1305032202.7062
623 1305032202.742369    1305032202.751404    1305032202.7462
624 1305032202.774356    1305032202.787701    1305032202.7761
625 1305032202.806488    1305032202.820965    1305032202.8061
626 1305032202.842361    1305032202.852044    1305032202.8461
627 1305032202.874364    1305032202.888637    1305032202.8761
628 1305032202.906348    1305032202.919613    1305032202.9061
629 1305032202.942358    1305032202.953484    1305032202.9462
630 1305032202.974381    1305032202.988332    1305032202.9762
631 1305032203.006447    1305032203.020785    1305032203.0061
632 1305032203.042402    1305032203.050814    1305032203.0461
633 1305032203.074360    1305032203.087046    1305032203.0761
634 1305032203.106441    1305032203.119593    1305032203.1061
635 1305032203.142339    1305032203.150688    1305032203.1461
636 1305032203.174403    1305032203.185760    1305032203.1762
637 1305032203.206514    1305032203.220531    1305032203.2061
638 1305032203.242388    1305032203.256289    1305032203.2462
639 1305032203.274534    1305032203.288357    1305032203.2761
640 1305032203.306523    1305032203.321364    1305032203.3061
641 1305032203.342336    1305032203.353203    1305032203.3461
642 1305032203.374412    1305032203.387383    1305032203.3762
643 1305032203.406466    1305032203.419592    1305032203.4061
644 1305032203.442338    1305032203.454989    1305032203.4461
645 1305032203.474371    1305032203.488573    1305032203.4761
646 1305032203.506370    1305032203.519725    1305032203.5061
647 1305032203.542305    1305032203.555657    1305032203.5461
648 1305032203.574450    1305032203.587320    1305032203.5761
649 1305032203.606426    1305032203.617825    1305032203.6061
650 1305032203.642369    1305032203.654289    1305032203.6461
651 1305032203.674297    1305032203.687813    1305032203.6761
652 1305032203.706370    1305032203.717488    1305032203.7062
653 1305032203.742339    1305032203.756130    1305032203.7461
654 1305032203.774574    1305032203.787440    1305032203.7761
655 1305032203.806707    1305032203.820538    1305032203.8061
656 1305032203.842335    1305032203.856963    1305032203.8462
657 1305032203.874336    1305032203.887460    1305032203.8762
658 1305032203.906574    1305032203.921407    1305032203.9061
659 1305032203.942559    1305032203.956076    1305032203.9461
660 1305032203.974325    1305032203.988813    1305032203.9761
661 1305032204.006392    1305032204.020349    1305032204.0063
662 1305032204.042323    1305032204.056344    1305032204.0461
663 1305032204.074466    1305032204.087610    1305032204.0761
664 1305032204.106451    1305032204.119489    1305032204.1061
665 1305032204.142314    1305032204.155033    1305032204.1463
666 1305032204.174363    1305032204.187125    1305032204.1762
667 1305032204.206451    1305032204.220186    1305032204.2061
668 1305032204.242389    1305032204.255860    1305032204.2461
669 1305032204.274422    1305032204.287211    1305032204.2761
670 1305032204.306370    1305032204.318965    1305032204.3061
671 1305032204.342289    1305032204.355860    1305032204.3461
672 1305032204.374424    1305032204.388080    1305032204.3761
673 1305032204.406379    1305032204.419323    1305032204.4061
674 1305032204.442349    1305032204.456949    1305032204.4461
675 1305032204.474386    1305032204.488777    1305032204.4761
676 1305032204.506452    1305032204.522912    1305032204.5062
677 1305032204.542377    1305032204.556435    1305032204.5461
678 1305032204.574436    1305032204.589638    1305032204.5761
679 1305032204.606480    1305032204.589638    1305032204.6061
680 1305032204.642347    1305032204.656786    1305032204.6461
681 1305032204.674378    1305032204.687190    1305032204.6761
682 1305032204.706407    1305032204.722547    1305032204.7061
683 1305032204.742285    1305032204.755461    1305032204.7461
684 1305032204.774342    1305032204.787181    1305032204.7761
685 1305032204.806540    1305032204.822830    1305032204.8061
686 1305032204.842435    1305032204.855787    1305032204.8461
687 1305032204.874517    1305032204.889051    1305032204.8761
688 1305032204.906369    1305032204.923403    1305032204.9061
689 1305032204.942477    1305032204.956881    1305032204.9462
690 1305032204.974512    1305032204.988154    1305032204.9761
691 1305032205.010354    1305032205.024194    1305032205.0061
692 1305032205.042392    1305032205.055794    1305032205.0461
693 1305032205.074466    1305032205.087003    1305032205.0761
694 1305032205.110394    1305032205.121476    1305032205.1061
695 1305032205.142261    1305032205.152372    1305032205.1461
696 1305032205.174439    1305032205.186662    1305032205.1761
697 1305032205.210348    1305032205.223529    1305032205.2062
698 1305032205.242330    1305032205.255156    1305032205.2461
699 1305032205.274318    1305032205.285312    1305032205.2761
700 1305032205.310423    1305032205.323754    1305032205.3061
701 1305032205.342337    1305032205.356336    1305032205.3461
702 1305032205.374469    1305032205.388376    1305032205.3762
703 1305032205.410416    1305032205.425096    1305032205.4062
704 1305032205.442399    1305032205.456792    1305032205.4462
705 1305032205.474767    1305032205.489012    1305032205.4761
706 1305032205.510362    1305032205.523744    1305032205.5061
707 1305032205.542335    1305032205.556141    1305032205.5461
708 1305032205.574456    1305032205.588115    1305032205.5764
709 1305032205.610359    1305032205.623277    1305032205.6062
710 1305032205.642362    1305032205.657485    1305032205.6461
711 1305032205.674312    1305032205.657485    1305032205.6761
712 1305032205.710343    1305032205.725247    1305032205.7061
713 1305032205.742441    1305032205.755954    1305032205.7461
714 1305032205.774364    1305032205.791601    1305032205.7761
715 1305032205.810362    1305032205.823688    1305032205.8061
716 1305032205.842403    1305032205.856363    1305032205.8461
717 1305032205.874378    1305032205.891989    1305032205.8761
718 1305032205.910377    1305032205.920903    1305032205.9061
719 1305032205.942307    1305032205.955371    1305032205.9462
720 1305032205.974372    1305032205.992768    1305032205.9761
721 1305032206.010355    1305032206.023649    1305032206.0061
722 1305032206.042482    1305032206.056500    1305032206.0462
723 1305032206.074538    1305032206.091737    1305032206.0761
724 1305032206.110351    1305032206.124960    1305032206.1061
725 1305032206.142369    1305032206.157044    1305032206.1461
726 1305032206.174445    1305032206.157044    1305032206.1761
727 1305032206.210221    1305032206.223742    1305032206.2061
728 1305032206.242342    1305032206.255432    1305032206.2461
729 1305032206.274351    1305032206.290730    1305032206.2761
730 1305032206.310399    1305032206.324898    1305032206.3061
731 1305032206.342369    1305032206.357282    1305032206.3461
732 1305032206.374395    1305032206.357282    1305032206.3761
733 1305032206.410393    1305032206.423631    1305032206.4061
734 1305032206.442397    1305032206.455360    1305032206.4461
735 1305032206.474369    1305032206.491411    1305032206.4761
736 1305032206.510385    1305032206.523396    1305032206.5061
737 1305032206.542369    1305032206.555468    1305032206.5461
738 1305032206.574335    1305032206.592770    1305032206.5761
739 1305032206.610483    1305032206.624877    1305032206.6060
740 1305032206.642370    1305032206.656633    1305032206.6461
741 1305032206.674271    1305032206.688814    1305032206.6761
742 1305032206.710221    1305032206.720034    1305032206.7062
743 1305032206.742357    1305032206.752693    1305032206.7461
744 1305032206.774340    1305032206.791403    1305032206.7761
745 1305032206.810331    1305032206.824686    1305032206.8063
746 1305032206.842381    1305032206.857355    1305032206.8461
747 1305032206.874390    1305032206.857355    1305032206.8761
748 1305032206.910446    1305032206.925852    1305032206.9061
749 1305032206.942625    1305032206.925852    1305032206.9461
750 1305032206.974424    1305032206.960041    1305032206.9761
751 1305032207.010651    1305032207.025247    1305032207.0061
752 1305032207.042380    1305032207.025247    1305032207.0461
753 1305032207.074435    1305032207.059839    1305032207.0761
754 1305032207.110333    1305032207.124744    1305032207.1061
755 1305032207.142378    1305032207.124744    1305032207.1461
756 1305032207.174394    1305032207.161088    1305032207.1761
757 1305032207.210368    1305032207.225442    1305032207.2061
758 1305032207.242442    1305032207.258588    1305032207.2461
759 1305032207.274357    1305032207.258588    1305032207.2761
760 1305032207.310358    1305032207.322760    1305032207.3061
761 1305032207.342384    1305032207.359107    1305032207.3461
762 1305032207.374367    1305032207.359107    1305032207.3761
763 1305032207.410282    1305032207.420110    1305032207.4062
764 1305032207.442368    1305032207.459113    1305032207.4461
765 1305032207.474381    1305032207.459113    1305032207.4761
766 1305032207.510302    1305032207.523228    1305032207.5062
767 1305032207.542370    1305032207.558513    1305032207.5461
768 1305032207.574388    1305032207.558513    1305032207.5762
769 1305032207.610340    1305032207.623155    1305032207.6064
770 1305032207.642344    1305032207.658409    1305032207.6461
771 1305032207.674387    1305032207.658409    1305032207.6761
772 1305032207.710339    1305032207.723636    1305032207.7060
773 1305032207.742509    1305032207.758497    1305032207.7461
774 1305032207.774385    1305032207.758497    1305032207.7761
775 1305032207.810539    1305032207.824960    1305032207.8061
776 1305032207.842406    1305032207.859512    1305032207.8461
777 1305032207.874404    1305032207.859512    1305032207.8760
778 1305032207.910447    1305032207.923707    1305032207.9061
779 1305032207.942475    1305032207.959563    1305032207.9461
780 1305032207.974391    1305032207.959563    1305032207.9761
781 1305032208.010470    1305032208.023759    1305032208.0065
782 1305032208.042348    1305032208.060705    1305032208.0461
783 1305032208.074425    1305032208.060705    1305032208.0762
784 1305032208.110392    1305032208.119968    1305032208.1061
785 1305032208.142445    1305032208.159320    1305032208.1463
786 1305032208.174376    1305032208.187461    1305032208.1761
787 1305032208.210359    1305032208.227330    1305032208.2061
788 1305032208.242408    1305032208.227330    1305032208.2461
789 1305032208.274375    1305032208.288306    1305032208.2760
790 1305032208.310294    1305032208.327139    1305032208.3061
791 1305032208.342359    1305032208.327139    1305032208.3461
792 1305032208.374712    1305032208.359587    1305032208.3761
793 1305032208.410540    1305032208.427627    1305032208.4061
794 1305032208.442395    1305032208.427627    1305032208.4461
795 1305032208.474626    1305032208.459351    1305032208.4761
796 1305032208.510370    1305032208.528841    1305032208.5061
797 1305032208.542387    1305032208.528841    1305032208.5461
798 1305032208.574904    1305032208.560823    1305032208.5760
799 1305032208.610377    1305032208.627327    1305032208.6060
800 1305032208.642368    1305032208.627327    1305032208.6460
801 1305032208.674464    1305032208.660909    1305032208.6760
802 1305032208.710490    1305032208.728794    1305032208.7060
803 1305032208.742309    1305032208.728794    1305032208.7461
804 1305032208.774758    1305032208.759263    1305032208.7760
805 1305032208.810360    1305032208.828083    1305032208.8060
806 1305032208.842361    1305032208.828083    1305032208.8461
807 1305032208.874449    1305032208.860410    1305032208.8760
808 1305032208.910362    1305032208.892832    1305032208.9060
809 1305032208.942446    1305032208.928466    1305032208.9461
810 1305032208.974317    1305032208.958897    1305032208.9761
811 1305032209.010349    1305032209.027480    1305032209.0061
812 1305032209.042354    1305032209.027480    1305032209.0461
813 1305032209.074325    1305032209.058882    1305032209.0761
814 1305032209.110344    1305032209.127543    1305032209.1063
815 1305032209.142303    1305032209.127543    1305032209.1461
816 1305032209.174364    1305032209.159324    1305032209.1761
817 1305032209.210335    1305032209.227057    1305032209.2063
818 1305032209.242357    1305032209.227057    1305032209.2460
819 1305032209.274316    1305032209.258724    1305032209.2760
820 1305032209.310324    1305032209.327424    1305032209.3060
821 1305032209.342354    1305032209.327424    1305032209.3461
822 1305032209.374327    1305032209.358709    1305032209.3761
823 1305032209.410376    1305032209.394330    1305032209.4060
824 1305032209.442343    1305032209.426640    1305032209.4460
825 1305032209.474385    1305032209.459443    1305032209.4770
826 1305032209.510364    1305032209.495227    1305032209.5060
827 1305032209.542394    1305032209.528457    1305032209.5460
828 1305032209.574442    1305032209.559324    1305032209.5760
829 1305032209.610345    1305032209.594916    1305032209.6060
830 1305032209.642347    1305032209.627017    1305032209.6460
831 1305032209.674721    1305032209.664467    1305032209.6761
832 1305032209.710597    1305032209.726442    1305032209.7060
833 1305032209.742374    1305032209.726442    1305032209.7460
834 1305032209.774767    1305032209.760478    1305032209.7762
835 1305032209.810332    1305032209.826399    1305032209.8061
836 1305032209.842351    1305032209.826399    1305032209.8460
837 1305032209.874326    1305032209.859139    1305032209.8761
838 1305032209.910360    1305032209.926233    1305032209.9060
839 1305032209.942364    1305032209.926233    1305032209.9464
840 1305032209.974383    1305032209.959681    1305032209.9760
841 1305032210.010313    1305032209.995030    1305032210.0060
842 1305032210.042386    1305032210.028105    1305032210.0461
843 1305032210.074363    1305032210.059324    1305032210.0760
844 1305032210.110389    1305032210.094718    1305032210.1060
845 1305032210.142266    1305032210.127081    1305032210.1460
846 1305032210.174380    1305032210.158661    1305032210.1760
847 1305032210.210412    1305032210.226274    1305032210.2060
848 1305032210.242346    1305032210.226274    1305032210.2460
849 1305032210.274358    1305032210.258715    1305032210.2761
850 1305032210.310544    1305032210.322861    1305032210.3060
851 1305032210.342506    1305032210.356677    1305032210.3461
852 1305032210.374472    1305032210.356677    1305032210.3761
853 1305032210.410424    1305032210.394096    1305032210.4061
854 1305032210.442396    1305032210.427586    1305032210.4460
855 1305032210.474511    1305032210.459520    1305032210.4760
856 1305032210.510395    1305032210.495168    1305032210.5060
857 1305032210.542370    1305032210.528052    1305032210.5460
858 1305032210.574404    1305032210.557746    1305032210.5760
859 1305032210.610379    1305032210.595020    1305032210.6060
860 1305032210.642390    1305032210.627235    1305032210.6460
861 1305032210.674550    1305032210.662880    1305032210.6760
862 1305032210.710365    1305032210.694989    1305032210.7060
863 1305032210.742415    1305032210.728696    1305032210.7460
864 1305032210.774629    1305032210.762750    1305032210.7760
865 1305032210.810392    1305032210.795066    1305032210.8060
866 1305032210.842380    1305032210.826878    1305032210.8460
867 1305032210.874505    1305032210.863152    1305032210.8760
868 1305032210.910405    1305032210.895145    1305032210.9060
869 1305032210.942466    1305032210.931368    1305032210.9460
870 1305032210.974653    1305032210.963249    1305032210.9760
871 1305032211.010371    1305032210.995384    1305032211.0060
872 1305032211.042413    1305032211.027187    1305032211.0461
873 1305032211.074255    1305032211.060551    1305032211.0760
874 1305032211.110341    1305032211.093193    1305032211.1062
875 1305032211.142597    1305032211.128148    1305032211.1460
876 1305032211.174834    1305032211.163080    1305032211.1760
877 1305032211.210385    1305032211.195786    1305032211.2060
878 1305032211.242660    1305032211.227700    1305032211.2460
879 1305032211.274512    1305032211.263208    1305032211.2760
880 1305032211.310449    1305032211.295341    1305032211.3060
881 1305032211.342375    1305032211.327416    1305032211.3460
882 1305032211.374496    1305032211.363063    1305032211.3760
883 1305032211.410472    1305032211.395062    1305032211.4060
884 1305032211.442689    1305032211.428043    1305032211.4463
885 1305032211.474663    1305032211.463566    1305032211.4760
886 1305032211.510382    1305032211.495475    1305032211.5060
887 1305032211.542531    1305032211.527782    1305032211.5460
888 1305032211.574430    1305032211.563076    1305032211.5761
889 1305032211.610365    1305032211.594902    1305032211.6060
890 1305032211.642418    1305032211.627354    1305032211.6460
891 1305032211.674547    1305032211.663019    1305032211.6760
892 1305032211.710338    1305032211.694953    1305032211.7060
893 1305032211.742374    1305032211.726674    1305032211.7460
894 1305032211.774512    1305032211.762552    1305032211.7760
895 1305032211.810377    1305032211.794515    1305032211.8060
896 1305032211.842378    1305032211.827005    1305032211.8460
897 1305032211.874630    1305032211.862459    1305032211.8760
898 1305032211.910470    1305032211.894411    1305032211.9060
899 1305032211.942539    1305032211.930348    1305032211.9460
900 1305032211.974469    1305032211.962188    1305032211.9760
901 1305032212.010338    1305032211.995022    1305032212.0060
902 1305032212.042458    1305032212.031371    1305032212.0460
903 1305032212.074506    1305032212.063015    1305032212.0760
904 1305032212.110367    1305032212.095318    1305032212.1060
905 1305032212.142475    1305032212.131489    1305032212.1460
906 1305032212.174505    1305032212.163409    1305032212.1760
907 1305032212.210480    1305032212.195295    1305032212.2060
908 1305032212.242463    1305032212.231299    1305032212.2460
909 1305032212.274564    1305032212.263242    1305032212.2759
910 1305032212.310394    1305032212.295290    1305032212.3060
911 1305032212.342472    1305032212.331772    1305032212.3460
912 1305032212.374842    1305032212.363194    1305032212.3760
913 1305032212.410380    1305032212.395342    1305032212.4060
914 1305032212.442501    1305032212.431694    1305032212.4460
915 1305032212.474527    1305032212.463204    1305032212.4759
916 1305032212.510341    1305032212.495067    1305032212.5060
917 1305032212.542508    1305032212.531543    1305032212.5460
918 1305032212.574325    1305032212.563674    1305032212.5760
919 1305032212.610254    1305032212.627447    1305032212.6060
920 1305032212.642521    1305032212.627447    1305032212.6460
921 1305032212.674498    1305032212.662947    1305032212.6760
922 1305032212.710336    1305032212.692957    1305032212.7063
923 1305032212.742847    1305032212.731670    1305032212.7460
924 1305032212.774575    1305032212.763074    1305032212.7760
925 1305032212.810368    1305032212.794797    1305032212.8060
926 1305032212.842568    1305032212.831792    1305032212.8460
927 1305032212.874508    1305032212.863764    1305032212.8760
928 1305032212.910395    1305032212.894706    1305032212.9060
929 1305032212.942477    1305032212.931605    1305032212.9460
930 1305032212.974407    1305032212.963344    1305032212.9760
931 1305032213.010380    1305032212.995067    1305032213.0060
932 1305032213.042304    1305032213.030042    1305032213.0460
933 1305032213.074503    1305032213.063335    1305032213.0760
934 1305032213.110372    1305032213.095307    1305032213.1060
935 1305032213.142510    1305032213.131730    1305032213.1460
936 1305032213.174336    1305032213.163857    1305032213.1759
937 1305032213.210443    1305032213.198420    1305032213.2060
938 1305032213.242392    1305032213.230513    1305032213.2462
939 1305032213.274444    1305032213.262357    1305032213.2760
940 1305032213.310366    1305032213.298260    1305032213.3060
941 1305032213.342441    1305032213.330287    1305032213.3260
942 1305032213.374690    1305032213.362295    1305032213.3959
943 1305032213.410420    1305032213.398206    1305032213.4060
944 1305032213.442605    1305032213.430258    1305032213.4461
945 1305032213.474640    1305032213.462413    1305032213.4761
946 1305032213.510422    1305032213.498191    1305032213.5059
947 1305032213.542388    1305032213.530178    1305032213.5460
948 1305032213.574442    1305032213.562428    1305032213.5760
949 1305032213.610404    1305032213.598435    1305032213.6060
950 1305032213.642569    1305032213.630286    1305032213.6463
951 1305032213.674418    1305032213.662630    1305032213.6760
952 1305032213.710549    1305032213.699116    1305032213.7060
953 1305032213.742482    1305032213.731177    1305032213.7460
954 1305032213.774474    1305032213.762868    1305032213.7760
955 1305032213.810376    1305032213.799046    1305032213.8060
956 1305032213.842487    1305032213.831055    1305032213.8460
957 1305032213.874647    1305032213.862834    1305032213.8760
958 1305032213.910381    1305032213.899036    1305032213.9060
959 1305032213.942423    1305032213.931392    1305032213.9460
960 1305032213.974522    1305032213.963021    1305032213.9759
961 1305032214.010370    1305032213.999252    1305032214.0060
962 1305032214.042545    1305032214.031465    1305032214.0460
963 1305032214.074286    1305032214.059470    1305032214.0760
964 1305032214.110291    1305032214.099096    1305032214.1059
965 1305032214.142521    1305032214.130237    1305032214.1460
966 1305032214.174516    1305032214.163035    1305032214.1760
967 1305032214.210391    1305032214.199301    1305032214.2060
968 1305032214.242519    1305032214.230714    1305032214.2460
969 1305032214.278351    1305032214.262732    1305032214.2760
970 1305032214.310321    1305032214.298743    1305032214.3060
971 1305032214.342473    1305032214.330792    1305032214.3460
972 1305032214.378584    1305032214.366508    1305032214.3760
973 1305032214.410541    1305032214.398785    1305032214.4059
974 1305032214.442484    1305032214.431641    1305032214.4460
975 1305032214.478559    1305032214.467366    1305032214.4760
976 1305032214.510403    1305032214.499547    1305032214.5060
977 1305032214.542564    1305032214.531755    1305032214.5460
978 1305032214.578435    1305032214.566829    1305032214.5762
979 1305032214.610410    1305032214.599288    1305032214.6060
980 1305032214.642495    1305032214.631904    1305032214.6459
981 1305032214.678469    1305032214.667446    1305032214.6760
982 1305032214.710581    1305032214.699569    1305032214.7063
983 1305032214.742491    1305032214.731641    1305032214.7459
984 1305032214.778394    1305032214.767147    1305032214.7759
985 1305032214.810517    1305032214.799067    1305032214.8060
986 1305032214.842490    1305032214.831254    1305032214.8460
987 1305032214.878427    1305032214.866911    1305032214.8760
988 1305032214.910391    1305032214.899201    1305032214.9060
989 1305032214.942427    1305032214.931118    1305032214.9459
990 1305032214.978577    1305032214.967751    1305032214.9760
991 1305032215.010342    1305032214.999451    1305032215.0060
992 1305032215.042496    1305032215.030912    1305032215.0460
993 1305032215.078529    1305032215.066797    1305032215.0761
994 1305032215.110401    1305032215.098653    1305032215.1059
995 1305032215.143205    1305032215.130903    1305032215.1459
996 1305032215.178530    1305032215.166604    1305032215.1759
997 1305032215.210486    1305032215.198802    1305032215.2059
998 1305032215.242371    1305032215.230798    1305032215.2460
999 1305032215.278366    1305032215.266238    1305032215.2759
1000 1305032215.310363    1305032215.295182    1305032215.3060
1001 1305032215.342417    1305032215.330687    1305032215.3461
1002 1305032215.378375    1305032215.366563    1305032215.3759
1003 1305032215.410425    1305032215.398438    1305032215.4059
1004 1305032215.442589    1305032215.430708    1305032215.4460
1005 1305032215.478270    1305032215.467965    1305032215.4769
1006 1305032215.510404    1305032215.495759    1305032215.5060
1007 1305032215.542417    1305032215.531704    1305032215.5459
1008 1305032215.578513    1305032215.567573    1305032215.5759
1009 1305032215.610382    1305032215.595710    1305032215.6060
1010 1305032215.642412    1305032215.635673    1305032215.6459
1011 1305032215.678572    1305032215.667346    1305032215.6759
1012 1305032215.710476    1305032215.695549    1305032215.7059
1013 1305032215.742411    1305032215.735381    1305032215.7460
1014 1305032215.778523    1305032215.767065    1305032215.7760
1015 1305032215.810503    1305032215.799154    1305032215.8059
1016 1305032215.843262    1305032215.835397    1305032215.8460
1017 1305032215.878582    1305032215.866759    1305032215.8759
1018 1305032215.910455    1305032215.895354    1305032215.9060
1019 1305032215.942442    1305032215.934462    1305032215.9459
1020 1305032215.978375    1305032215.966495    1305032215.9759
1021 1305032216.010466    1305032215.995225    1305032216.0060
1022 1305032216.042826    1305032216.033528    1305032216.0459
1023 1305032216.078460    1305032216.067534    1305032216.0759
1024 1305032216.111346    1305032216.098830    1305032216.1160
1025 1305032216.178247    1305032216.166568    1305032216.1759
1026 1305032216.210278    1305032216.196726    1305032216.2059
1027 1305032216.242408    1305032216.234992    1305032216.2459
1028 1305032216.278313    1305032216.265371    1305032216.2759
1029 1305032216.310546    1305032216.298458    1305032216.3059
1030 1305032216.342396    1305032216.332186    1305032216.3459
1031 1305032216.378409    1305032216.366621    1305032216.3759
1032 1305032216.410545    1305032216.397805    1305032216.4059
1033 1305032216.442517    1305032216.435378    1305032216.4459
1034 1305032216.478345    1305032216.463440    1305032216.4759
1035 1305032216.510397    1305032216.497828    1305032216.5059
1036 1305032216.542470    1305032216.531612    1305032216.5459
1037 1305032216.578509    1305032216.565853    1305032216.5759
1038 1305032216.610539    1305032216.597726    1305032216.6060
1039 1305032216.642490    1305032216.631479    1305032216.6460
1040 1305032216.678828    1305032216.666342    1305032216.6759
1041 1305032216.710538    1305032216.700536    1305032216.7059
1042 1305032216.742550    1305032216.734797    1305032216.7459
1043 1305032216.778433    1305032216.767392    1305032216.7760
1044 1305032216.810335    1305032216.795586    1305032216.8059
1045 1305032216.842459    1305032216.834740    1305032216.8459
1046 1305032216.878386    1305032216.867673    1305032216.8759
1047 1305032216.910308    1305032216.903325    1305032216.9059
1048 1305032216.942363    1305032216.933198    1305032216.9459
1049 1305032216.978332    1305032216.967336    1305032216.9759
1050 1305032217.010429    1305032217.002781    1305032217.0059
1051 1305032217.042675    1305032217.035233    1305032217.0459
1052 1305032217.078598    1305032217.067381    1305032217.0760
1053 1305032217.110427    1305032217.103146    1305032217.1060
1054 1305032217.142525    1305032217.135168    1305032217.1459
1055 1305032217.178531    1305032217.167523    1305032217.1760
1056 1305032217.210388    1305032217.203346    1305032217.2060
1057 1305032217.242451    1305032217.234939    1305032217.2459
1058 1305032217.278580    1305032217.267273    1305032217.2760
1059 1305032217.310416    1305032217.299271    1305032217.3059
1060 1305032217.342449    1305032217.335136    1305032217.3459
1061 1305032217.378872    1305032217.367496    1305032217.3759
1062 1305032217.410445    1305032217.400429    1305032217.4060
1063 1305032217.442444    1305032217.435126    1305032217.4459
1064 1305032217.478307    1305032217.463463    1305032217.4759
1065 1305032217.511108    1305032217.503468    1305032217.5159
1066 1305032217.542486    1305032217.535271    1305032217.5459
1067 1305032217.578482    1305032217.567139    1305032217.5759
1068 1305032217.610504    1305032217.602609    1305032217.6059
1069 1305032217.642631    1305032217.635434    1305032217.6459
1070 1305032217.678636    1305032217.667116    1305032217.6759
1071 1305032217.711920    1305032217.703238    1305032217.7159
1072 1305032217.778308    1305032217.767112    1305032217.7759
1073 1305032217.810752    1305032217.802895    1305032217.8059
1074 1305032217.842519    1305032217.835001    1305032217.8459
1075 1305032217.878392    1305032217.867326    1305032217.8759
1076 1305032217.910504    1305032217.902780    1305032217.9059
1077 1305032217.942483    1305032217.934412    1305032217.9459
1078 1305032217.978398    1305032217.966002    1305032217.9759
1079 1305032218.010409    1305032218.002454    1305032218.0059
1080 1305032218.042478    1305032218.035168    1305032218.0459
1081 1305032218.078436    1305032218.070934    1305032218.0759
1082 1305032218.110471    1305032218.102880    1305032218.1059
1083 1305032218.142431    1305032218.135315    1305032218.1459
1084 1305032218.178513    1305032218.170556    1305032218.1759
1085 1305032218.210431    1305032218.198971    1305032218.2059
1086 1305032218.242520    1305032218.234250    1305032218.2459
1087 1305032218.278440    1305032218.271405    1305032218.2759
1088 1305032218.310449    1305032218.300065    1305032218.3059
1089 1305032218.342464    1305032218.335689    1305032218.3460
1090 1305032218.378872    1305032218.371685    1305032218.3759
1091 1305032218.410504    1305032218.400424    1305032218.4059
1092 1305032218.442406    1305032218.435513    1305032218.4459
1093 1305032218.478547    1305032218.469816    1305032218.4759
1094 1305032218.510330    1305032218.502391    1305032218.5059
1095 1305032218.542483    1305032218.534505    1305032218.5459
1096 1305032218.578999    1305032218.570229    1305032218.5759
1097 1305032218.610422    1305032218.602294    1305032218.6059
1098 1305032218.642438    1305032218.635473    1305032218.6459
1099 1305032218.678435    1305032218.671728    1305032218.6759
1100 1305032218.710921    1305032218.703056    1305032218.7159
1101 1305032218.742555    1305032218.734430    1305032218.7459
1102 1305032218.778405    1305032218.770657    1305032218.7759
1103 1305032218.810436    1305032218.802662    1305032218.8059
1104 1305032218.842439    1305032218.835015    1305032218.8459
1105 1305032218.878434    1305032218.871768    1305032218.8759
1106 1305032218.911133    1305032218.903138    1305032218.9159
1107 1305032218.942410    1305032218.935529    1305032218.9459
1108 1305032218.978382    1305032218.971987    1305032218.9761
1109 1305032219.010408    1305032219.003513    1305032219.0059
1110 1305032219.043456    1305032219.035419    1305032219.0459
1111 1305032219.078513    1305032219.071393    1305032219.0759
1112 1305032219.110323    1305032219.103116    1305032219.1058
1113 1305032219.142368    1305032219.135201    1305032219.1458
1114 1305032219.178801    1305032219.171569    1305032219.1758
1115 1305032219.210238    1305032219.203262    1305032219.2058
1116 1305032219.242363    1305032219.235178    1305032219.2458
1117 1305032219.278308    1305032219.270829    1305032219.2757
1118 1305032219.310357    1305032219.302407    1305032219.3057
1119 1305032219.342295    1305032219.338377    1305032219.3457
1120 1305032219.378342    1305032219.370429    1305032219.3757
1121 1305032219.410198    1305032219.402262    1305032219.4057
1122 1305032219.442144    1305032219.439304    1305032219.4457
1123 1305032219.478154    1305032219.471129    1305032219.4756
1124 1305032219.510229    1305032219.503138    1305032219.5056
1125 1305032219.542113    1305032219.539034    1305032219.5456
1126 1305032219.578114    1305032219.571131    1305032219.5756
1127 1305032219.610102    1305032219.603101    1305032219.6056
1128 1305032219.642551    1305032219.639065    1305032219.6456
1129 1305032219.678015    1305032219.670666    1305032219.6755
1130 1305032219.710138    1305032219.702802    1305032219.7055
1131 1305032219.741999    1305032219.738648    1305032219.7456
1132 1305032219.778021    1305032219.770871    1305032219.7755
1133 1305032219.809962    1305032219.802604    1305032219.8055
1134 1305032219.842237    1305032219.835004    1305032219.8454
1135 1305032219.878005    1305032219.867132    1305032219.8755
1136 1305032219.910172    1305032219.899403    1305032219.9054
1137 1305032219.941819    1305032219.936407    1305032219.9455
1138 1305032219.977852    1305032219.970178    1305032219.9754
1139 1305032220.009782    1305032219.998746    1305032220.0053
1140 1305032220.041842    1305032220.034477    1305032220.0454
1141 1305032220.077875    1305032220.068580    1305032220.0753
1142 1305032220.109992    1305032220.101729    1305032220.1053
1143 1305032220.141888    1305032220.136171    1305032220.1453
1144 1305032220.177768    1305032220.167100    1305032220.1753
1145 1305032220.209781    1305032220.201838    1305032220.2053
1146 1305032220.242708    1305032220.234864    1305032220.2452
1147 1305032220.277784    1305032220.270900    1305032220.2752
1148 1305032220.309825    1305032220.302675    1305032220.3052
1149 1305032220.341657    1305032220.338705    1305032220.3452
1150 1305032220.377717    1305032220.370983    1305032220.3752
1151 1305032220.409781    1305032220.402637    1305032220.4051
1152 1305032220.441627    1305032220.438279    1305032220.4451
1153 1305032220.477671    1305032220.470610    1305032220.4751
1154 1305032220.509642    1305032220.502529    1305032220.5051
1155 1305032220.541561    1305032220.538658    1305032220.5451
1156 1305032220.577583    1305032220.570742    1305032220.5751
1157 1305032220.609511    1305032220.606731    1305032220.6050
1158 1305032220.641500    1305032220.638658    1305032220.6450
1159 1305032220.677658    1305032220.670770    1305032220.6750
1160 1305032220.709566    1305032220.706789    1305032220.7050
1161 1305032220.741431    1305032220.738428    1305032220.7450
1162 1305032220.777513    1305032220.770520    1305032220.7750
1163 1305032220.809530    1305032220.806768    1305032220.8050
1164 1305032220.841419    1305032220.838228    1305032220.8449
1165 1305032220.877435    1305032220.870636    1305032220.8749
1166 1305032220.909410    1305032220.906425    1305032220.9049
1167 1305032220.941362    1305032220.938127    1305032220.9449
1168 1305032220.977417    1305032220.969676    1305032220.9748
1169 1305032221.009393    1305032221.005577    1305032221.0049
1170 1305032221.041393    1305032221.037788    1305032221.0448
1171 1305032221.077609    1305032221.069820    1305032221.0748
1172 1305032221.109239    1305032221.106596    1305032221.1048
1173 1305032221.141672    1305032221.137276    1305032221.1447
1174 1305032221.177441    1305032221.170362    1305032221.1747
1175 1305032221.209191    1305032221.206459    1305032221.2047
1176 1305032221.241213    1305032221.238513    1305032221.2447
1177 1305032221.277377    1305032221.267740    1305032221.2747
1178 1305032221.309217    1305032221.305193    1305032221.3047
1179 1305032221.341226    1305032221.336409    1305032221.3447
1180 1305032221.377292    1305032221.366507    1305032221.3746
1181 1305032221.409359    1305032221.404536    1305032221.4046
1182 1305032221.441142    1305032221.437891    1305032221.4446
1183 1305032221.477098    1305032221.470535    1305032221.4745
1184 1305032221.509051    1305032221.506143    1305032221.5046
1185 1305032221.541070    1305032221.538305    1305032221.5445
1186 1305032221.577234    1305032221.570604    1305032221.5745
1187 1305032221.609021    1305032221.606297    1305032221.6045
1188 1305032221.641007    1305032221.638438    1305032221.6445
1189 1305032221.677259    1305032221.670241    1305032221.6745
1190 1305032221.708958    1305032221.705328    1305032221.7044
1191 1305032221.740991    1305032221.737463    1305032221.7445
1192 1305032221.776969    1305032221.769590    1305032221.7744
1193 1305032221.808938    1305032221.805926    1305032221.8044
1194 1305032221.840977    1305032221.837260    1305032221.8444
1195 1305032221.876866    1305032221.873510    1305032221.8744
1196 1305032221.908984    1305032221.905786    1305032221.9044
1197 1305032221.940777    1305032221.938088    1305032221.9443
1198 1305032221.976852    1305032221.971368    1305032221.9744
1199 1305032222.008934    1305032222.005376    1305032222.0043
1200 1305032222.040837    1305032222.037369    1305032222.0443
1201 1305032222.076807    1305032222.073180    1305032222.0742
1202 1305032222.108887    1305032222.105163    1305032222.1043
1203 1305032222.140791    1305032222.137100    1305032222.1442
1204 1305032222.176831    1305032222.169635    1305032222.1742
1205 1305032222.208761    1305032222.204926    1305032222.2042
1206 1305032222.240669    1305032222.237994    1305032222.2442
1207 1305032222.276922    1305032222.274016    1305032222.2741
1208 1305032222.308680    1305032222.305564    1305032222.3042
1209 1305032222.340691    1305032222.337022    1305032222.3441
1210 1305032222.376652    1305032222.372945    1305032222.3741
1211 1305032222.408633    1305032222.405025    1305032222.4041
1212 1305032222.440657    1305032222.437131    1305032222.4441
1213 1305032222.476618    1305032222.473083    1305032222.4741
1214 1305032222.508598    1305032222.505753    1305032222.5041
1215 1305032222.540555    1305032222.537568    1305032222.5440
1216 1305032222.576489    1305032222.573687    1305032222.5740
1217 1305032222.608590    1305032222.605739    1305032222.6040
1218 1305032222.640491    1305032222.637775    1305032222.6440
1219 1305032222.676463    1305032222.673893    1305032222.6740
1220 1305032222.708468    1305032222.705774    1305032222.7039
1221 1305032222.740571    1305032222.734008    1305032222.7439
1222 1305032222.776432    1305032222.773567    1305032222.7739
1223 1305032222.808763    1305032222.802177    1305032222.8039
1224 1305032222.840672    1305032222.838730    1305032222.8439
1225 1305032222.876359    1305032222.873388    1305032222.8738
1226 1305032222.908362    1305032222.904851    1305032222.9038
1227 1305032222.940478    1305032222.936340    1305032222.9438
1228 1305032222.976682    1305032222.973578    1305032222.9738
1229 1305032223.008336    1305032223.004297    1305032223.0038
1230 1305032223.040855    1305032223.040866    1305032223.0437
1231 1305032223.076292    1305032223.073454    1305032223.0738
1232 1305032223.108252    1305032223.104942    1305032223.1038
1233 1305032223.140804    1305032223.140812    1305032223.1437
1234 1305032223.176229    1305032223.173160    1305032223.1737
1235 1305032223.208389    1305032223.204450    1305032223.2037
1236 1305032223.240556    1305032223.240574    1305032223.2437
1237 1305032223.276184    1305032223.272490    1305032223.2736
1238 1305032223.308214    1305032223.304808    1305032223.3037
1239 1305032223.341213    1305032223.341218    1305032223.3436
1240 1305032223.376162    1305032223.373439    1305032223.3736
1241 1305032223.408069    1305032223.405544    1305032223.4037
1242 1305032223.441503    1305032223.441524    1305032223.4435
1243 1305032223.476139    1305032223.470237    1305032223.4741
1244 1305032223.508047    1305032223.505177    1305032223.5035
1245 1305032223.541151    1305032223.541162    1305032223.5435
1246 1305032223.576028    1305032223.573315    1305032223.5735
1247 1305032223.608003    1305032223.605295    1305032223.6035
1248 1305032223.643962    1305032223.641407    1305032223.6435
1249 1305032223.675961    1305032223.672760    1305032223.6734
1250 1305032223.708230    1305032223.703588    1305032223.7034
1251 1305032223.743870    1305032223.740985    1305032223.7434
1252 1305032223.775998    1305032223.773182    1305032223.7734
1253 1305032223.807964    1305032223.804950    1305032223.8033
1254 1305032223.843920    1305032223.840397    1305032223.8434
1255 1305032223.875890    1305032223.872117    1305032223.8733
1256 1305032223.907878    1305032223.904193    1305032223.9034
1257 1305032223.943696    1305032223.940095    1305032223.9432
1258 1305032223.975814    1305032223.972062    1305032223.9732
1259 1305032224.007829    1305032224.004467    1305032224.0033
1260 1305032224.043682    1305032224.040578    1305032224.0432
1261 1305032224.075839    1305032224.071983    1305032224.0732
1262 1305032224.107823    1305032224.104363    1305032224.1033
1263 1305032224.143813    1305032224.140125    1305032224.1432
1264 1305032224.175843    1305032224.171840    1305032224.1732
1265 1305032224.207959    1305032224.202323    1305032224.2032
1266 1305032224.243786    1305032224.239141    1305032224.2432
1267 1305032224.275737    1305032224.270100    1305032224.2732
1268 1305032224.308911    1305032224.308924    1305032224.3132
1269 1305032224.343803    1305032224.341140    1305032224.3432
1270 1305032224.375822    1305032224.373019    1305032224.3732
1271 1305032224.408378    1305032224.408391    1305032224.4132
1272 1305032224.443748    1305032224.440054    1305032224.4432
1273 1305032224.475794    1305032224.472133    1305032224.4732
1274 1305032224.509196    1305032224.509218    1305032224.5133
1275 1305032224.543818    1305032224.537619    1305032224.5432
1276 1305032224.575784    1305032224.573339    1305032224.5732
1277 1305032224.609280    1305032224.609388    1305032224.6132
1278 1305032224.643591    1305032224.641038    1305032224.6432
1279 1305032224.675770    1305032224.671983    1305032224.6732
1280 1305032224.708117    1305032224.708227    1305032224.7032
1281 1305032224.743670    1305032224.740048    1305032224.7432
1282 1305032224.775834    1305032224.769218    1305032224.7732
1283 1305032224.809208    1305032224.809226    1305032224.8132
1284 1305032224.843828    1305032224.837408    1305032224.8432
1285 1305032224.875739    1305032224.872797    1305032224.8732
1286 1305032224.909028    1305032224.909042    1305032224.9131
1287 1305032224.943738    1305032224.940943    1305032224.9432
1288 1305032224.975735    1305032224.972801    1305032224.9732
1289 1305032225.009043    1305032225.009062    1305032225.0132
1290 1305032225.043737    1305032225.040898    1305032225.0432
1291 1305032225.076137    1305032225.072689    1305032225.0732
1292 1305032225.109016    1305032225.109025    1305032225.1132
1293 1305032225.143748    1305032225.140883    1305032225.1432
1294 1305032225.175773    1305032225.172868    1305032225.1732
1295 1305032225.209266    1305032225.209108    1305032225.2132
1296 1305032225.243773    1305032225.238099    1305032225.2432
1297 1305032225.275774    1305032225.272402    1305032225.2732
1298 1305032225.307935    1305032225.307946    1305032225.3032
1299 1305032225.343745    1305032225.341138    1305032225.3432
1300 1305032225.377337    1305032225.369910    1305032225.3732
1301 1305032225.443728    1305032225.440257    1305032225.4432
1302 1305032225.475734    1305032225.472905    1305032225.4731
1303 1305032225.508251    1305032225.508270    1305032225.5132
1304 1305032225.543854    1305032225.539063    1305032225.5432
1305 1305032225.575700    1305032225.574091    1305032225.5731
1306 1305032225.608266    1305032225.608277    1305032225.6132
1307 1305032225.643795    1305032225.639436    1305032225.6432
1308 1305032225.675786    1305032225.674747    1305032225.6732
1309 1305032225.708999    1305032225.709020    1305032225.7132
1310 1305032225.743720    1305032225.738826    1305032225.7432
1311 1305032225.776307    1305032225.776316    1305032225.7731
1312 1305032225.808841    1305032225.808855    1305032225.8132
1313 1305032225.843676    1305032225.840839    1305032225.8432
1314 1305032225.875686    1305032225.874607    1305032225.8732
1315 1305032225.908879    1305032225.908889    1305032225.9132
1316 1305032225.943708    1305032225.939240    1305032225.9431
1317 1305032225.976297    1305032225.976319    1305032225.9731
1318 1305032226.008103    1305032226.008120    1305032226.0032
1319 1305032226.043698    1305032226.040531    1305032226.0431
1320 1305032226.076757    1305032226.076769    1305032226.0732
1321 1305032226.108986    1305032226.109004    1305032226.1132
1322 1305032226.143714    1305032226.140642    1305032226.1431
1323 1305032226.175645    1305032226.174866    1305032226.1731
1324 1305032226.208429    1305032226.208446    1305032226.2131
1325 1305032226.243687    1305032226.240339    1305032226.2431
1326 1305032226.276693    1305032226.276724    1305032226.2731
1327 1305032226.308666    1305032226.308691    1305032226.3132
1328 1305032226.343669    1305032226.340374    1305032226.3431
1329 1305032226.376429    1305032226.376442    1305032226.3735
1330 1305032226.409019    1305032226.409091    1305032226.4131
1331 1305032226.443656    1305032226.440612    1305032226.4431
1332 1305032226.476691    1305032226.476727    1305032226.4732
1333 1305032226.508787    1305032226.508803    1305032226.5131
1334 1305032226.543646    1305032226.541039    1305032226.5432
1335 1305032226.576406    1305032226.576437    1305032226.5731
1336 1305032226.607823    1305032226.607219    1305032226.6031
1337 1305032226.643805    1305032226.640715    1305032226.6432
1338 1305032226.676733    1305032226.676752    1305032226.6732
1339 1305032226.743773    1305032226.739203    1305032226.7432
1340 1305032226.775629    1305032226.773637    1305032226.7731
1341 1305032226.808383    1305032226.808413    1305032226.8131
1342 1305032226.843947    1305032226.843964    1305032226.8431
1343 1305032226.875707    1305032226.872940    1305032226.8732
1344 1305032226.908144    1305032226.908165    1305032226.9032
1345 1305032226.943730    1305032226.943120    1305032226.9432
1346 1305032226.975611    1305032226.973787    1305032226.9736
1347 1305032227.007936    1305032227.007955    1305032227.0032
1348 1305032227.044594    1305032227.044605    1305032227.0431
1349 1305032227.107680    1305032227.106409    1305032227.1031
1350 1305032227.143906    1305032227.144081    1305032227.1431
1351 1305032227.175834    1305032227.175841    1305032227.1731
1352 1305032227.207793    1305032227.207404    1305032227.2031
1353 1305032227.243619    1305032227.240681    1305032227.2431
1354 1305032227.275640    1305032227.275665    1305032227.2731
1355 1305032227.307649    1305032227.305374    1305032227.3031
1356 1305032227.343627    1305032227.343312    1305032227.3432
1357 1305032227.375648    1305032227.373137    1305032227.3731
1358 1305032227.407676    1305032227.406392    1305032227.4031
1359 1305032227.444493    1305032227.444502    1305032227.4431
1360 1305032227.507685    1305032227.505641    1305032227.5031
1361 1305032227.543608    1305032227.542698    1305032227.5431
1362 1305032227.576260    1305032227.573888    1305032227.5731
1363 1305032227.608422    1305032227.605763    1305032227.6131
1364 1305032227.643986    1305032227.641757    1305032227.6431
1365 1305032227.675702    1305032227.674400    1305032227.6731
