freiburg1_rpy
image      depth      pose
0 1305031229.528748    1305031229.528784    1305031229.5332
1 1305031229.564425    1305031229.564442    1305031229.5632
2 1305031229.596600    1305031229.596617    1305031229.5932
3 1305031229.628753    1305031229.628790    1305031229.6332
4 1305031229.664657    1305031229.664358    1305031229.6632
5 1305031229.696827    1305031229.696843    1305031229.6932
6 1305031229.729064    1305031229.729077    1305031229.7331
7 1305031229.764848    1305031229.764869    1305031229.7633
8 1305031229.796909    1305031229.796923    1305031229.7932
9 1305031229.863055    1305031229.863062    1305031229.8631
10 1305031229.896929    1305031229.896938    1305031229.8932
11 1305031229.966160    1305031229.966241    1305031229.9632
12 1305031229.997917    1305031229.997931    1305031229.9932
13 1305031230.029991    1305031230.030002    1305031230.0331
14 1305031230.065687    1305031230.065696    1305031230.0632
15 1305031230.098242    1305031230.098274    1305031230.1031
16 1305031230.129919    1305031230.129935    1305031230.1331
17 1305031230.165771    1305031230.165780    1305031230.1632
18 1305031230.197772    1305031230.197782    1305031230.1931
19 1305031230.229830    1305031230.229853    1305031230.2331
20 1305031230.265580    1305031230.265590    1305031230.2633
21 1305031230.297982    1305031230.297993    1305031230.2932
22 1305031230.365650    1305031230.365680    1305031230.3631
23 1305031230.397265    1305031230.397329    1305031230.3931
24 1305031230.465220    1305031230.465312    1305031230.4631
25 1305031230.497228    1305031230.497300    1305031230.4931
26 1305031230.566084    1305031230.566115    1305031230.5631
27 1305031230.598825    1305031230.598843    1305031230.6031
28 1305031230.665795    1305031230.666047    1305031230.6631
29 1305031230.697932    1305031230.697945    1305031230.6932
30 1305031230.765854    1305031230.765924    1305031230.7631
31 1305031230.797303    1305031230.797323    1305031230.7931
32 1305031230.865523    1305031230.865542    1305031230.8632
33 1305031230.897379    1305031230.897394    1305031230.8931
34 1305031230.964976    1305031230.965035    1305031230.9632
35 1305031230.997080    1305031230.997124    1305031230.9932
36 1305031231.064422    1305031231.064474    1305031231.0631
37 1305031231.096775    1305031231.096788    1305031231.0932
38 1305031231.165241    1305031231.165276    1305031231.1632
39 1305031231.197747    1305031231.197771    1305031231.1931
40 1305031231.265594    1305031231.265635    1305031231.2632
41 1305031231.297846    1305031231.297861    1305031231.2932
42 1305031231.365066    1305031231.365077    1305031231.3631
43 1305031231.397128    1305031231.397330    1305031231.3932
44 1305031231.464918    1305031231.464989    1305031231.4632
45 1305031231.525755    1305031231.533196    1305031231.5231
46 1305031231.565052    1305031231.565068    1305031231.5631
47 1305031231.625704    1305031231.633159    1305031231.6231
48 1305031231.665045    1305031231.665055    1305031231.6631
49 1305031231.725886    1305031231.733938    1305031231.7231
50 1305031231.765478    1305031231.765509    1305031231.7631
51 1305031231.825686    1305031231.833292    1305031231.8231
52 1305031231.864940    1305031231.864959    1305031231.8631
53 1305031231.925706    1305031231.933046    1305031231.9232
54 1305031231.965010    1305031231.965030    1305031231.9632
55 1305031232.025790    1305031232.033203    1305031232.0232
56 1305031232.065122    1305031232.065145    1305031232.0631
57 1305031232.125662    1305031232.132838    1305031232.1231
58 1305031232.165032    1305031232.165052    1305031232.1631
59 1305031232.225683    1305031232.236468    1305031232.2231
60 1305031232.262691    1305031232.262698    1305031232.2634
61 1305031232.325619    1305031232.332143    1305031232.3231
62 1305031232.364738    1305031232.364749    1305031232.3631
63 1305031232.425721    1305031232.433144    1305031232.4231
64 1305031232.464703    1305031232.464721    1305031232.4631
65 1305031232.525781    1305031232.532464    1305031232.5231
66 1305031232.564714    1305031232.564745    1305031232.5632
67 1305031232.625783    1305031232.629427    1305031232.6231
68 1305031232.664695    1305031232.664708    1305031232.6631
69 1305031232.725876    1305031232.732798    1305031232.7231
70 1305031232.761719    1305031232.768460    1305031232.7631
71 1305031232.793672    1305031232.804538    1305031232.7931
72 1305031232.825767    1305031232.834645    1305031232.8231
73 1305031232.861666    1305031232.868557    1305031232.8631
74 1305031232.893683    1305031232.904183    1305031232.8931
75 1305031232.925756    1305031232.933000    1305031232.9231
76 1305031232.961662    1305031232.968364    1305031232.9631
77 1305031232.993641    1305031233.001151    1305031232.9934
78 1305031233.025746    1305031233.033022    1305031233.0231
79 1305031233.061697    1305031233.068843    1305031233.0631
80 1305031233.093701    1305031233.100447    1305031233.0931
81 1305031233.125846    1305031233.132892    1305031233.1231
82 1305031233.161744    1305031233.168480    1305031233.1631
83 1305031233.193761    1305031233.200634    1305031233.1931
84 1305031233.225763    1305031233.233009    1305031233.2231
85 1305031233.261687    1305031233.268468    1305031233.2631
86 1305031233.293802    1305031233.300395    1305031233.2931
87 1305031233.325798    1305031233.332530    1305031233.3231
88 1305031233.361800    1305031233.368630    1305031233.3631
89 1305031233.393685    1305031233.400893    1305031233.3931
90 1305031233.425708    1305031233.433008    1305031233.4231
91 1305031233.461836    1305031233.468787    1305031233.4631
92 1305031233.493692    1305031233.500736    1305031233.4931
93 1305031233.525708    1305031233.534161    1305031233.5231
94 1305031233.561785    1305031233.569727    1305031233.5631
95 1305031233.593760    1305031233.601275    1305031233.5931
96 1305031233.625707    1305031233.633041    1305031233.6231
97 1305031233.661700    1305031233.671783    1305031233.6631
98 1305031233.693779    1305031233.702296    1305031233.6931
99 1305031233.725575    1305031233.731201    1305031233.7231
100 1305031233.761643    1305031233.769160    1305031233.7633
101 1305031233.793747    1305031233.799768    1305031233.7931
102 1305031233.825687    1305031233.833831    1305031233.8231
103 1305031233.861613    1305031233.865570    1305031233.8631
104 1305031233.893718    1305031233.898697    1305031233.8931
105 1305031233.925841    1305031233.932003    1305031233.9231
106 1305031233.961748    1305031233.968159    1305031233.9631
107 1305031233.993722    1305031233.998938    1305031233.9931
108 1305031234.025786    1305031234.037068    1305031234.0232
109 1305031234.061675    1305031234.068756    1305031234.0631
110 1305031234.093790    1305031234.099741    1305031234.0931
111 1305031234.129606    1305031234.135069    1305031234.1331
112 1305031234.161729    1305031234.165901    1305031234.1631
113 1305031234.193710    1305031234.201004    1305031234.1931
114 1305031234.229746    1305031234.238575    1305031234.2331
115 1305031234.261752    1305031234.265510    1305031234.2631
116 1305031234.293697    1305031234.302455    1305031234.2931
117 1305031234.329654    1305031234.338458    1305031234.3331
118 1305031234.361612    1305031234.366181    1305031234.3631
119 1305031234.393723    1305031234.400035    1305031234.3931
120 1305031234.429703    1305031234.436771    1305031234.4331
121 1305031234.461690    1305031234.467606    1305031234.4631
122 1305031234.493831    1305031234.497781    1305031234.4931
123 1305031234.529645    1305031234.537671    1305031234.5331
124 1305031234.561675    1305031234.569037    1305031234.5631
125 1305031234.593780    1305031234.598248    1305031234.5931
126 1305031234.630013    1305031234.633649    1305031234.6331
127 1305031234.661618    1305031234.665859    1305031234.6632
128 1305031234.693750    1305031234.698732    1305031234.6931
129 1305031234.729764    1305031234.734437    1305031234.7330
130 1305031234.761815    1305031234.768972    1305031234.7631
131 1305031234.793716    1305031234.801553    1305031234.7931
132 1305031234.829772    1305031234.837808    1305031234.8330
133 1305031234.861873    1305031234.869321    1305031234.8631
134 1305031234.893760    1305031234.901998    1305031234.8931
135 1305031234.929666    1305031234.938161    1305031234.9331
136 1305031234.961659    1305031234.973080    1305031234.9631
137 1305031234.993749    1305031235.005083    1305031234.9931
138 1305031235.029701    1305031235.039972    1305031235.0331
139 1305031235.061591    1305031235.072940    1305031235.0631
140 1305031235.093621    1305031235.099591    1305031235.0931
141 1305031235.129679    1305031235.136271    1305031235.1330
142 1305031235.161491    1305031235.166371    1305031235.1631
143 1305031235.193605    1305031235.199847    1305031235.1931
144 1305031235.229635    1305031235.237570    1305031235.2331
145 1305031235.261629    1305031235.269039    1305031235.2631
146 1305031235.293677    1305031235.306487    1305031235.2930
147 1305031235.329649    1305031235.338000    1305031235.3331
148 1305031235.361653    1305031235.369888    1305031235.3631
149 1305031235.393686    1305031235.406016    1305031235.3930
150 1305031235.429666    1305031235.438153    1305031235.4331
151 1305031235.461669    1305031235.470059    1305031235.4631
152 1305031235.493665    1305031235.505985    1305031235.4931
153 1305031235.529738    1305031235.538554    1305031235.5331
154 1305031235.561675    1305031235.570365    1305031235.5631
155 1305031235.593726    1305031235.606006    1305031235.5931
156 1305031235.629798    1305031235.638951    1305031235.6331
157 1305031235.661669    1305031235.670516    1305031235.6630
158 1305031235.693698    1305031235.705778    1305031235.6931
159 1305031235.729661    1305031235.738797    1305031235.7331
160 1305031235.761818    1305031235.769630    1305031235.7631
161 1305031235.793628    1305031235.807225    1305031235.7931
162 1305031235.829663    1305031235.838812    1305031235.8331
163 1305031235.861603    1305031235.870067    1305031235.8631
164 1305031235.893698    1305031235.906111    1305031235.8931
165 1305031235.929664    1305031235.938233    1305031235.9331
166 1305031235.961704    1305031235.970011    1305031235.9631
167 1305031235.993673    1305031236.006853    1305031235.9931
168 1305031236.029652    1305031236.038048    1305031236.0331
169 1305031236.061630    1305031236.069878    1305031236.0631
170 1305031236.093688    1305031236.105872    1305031236.0931
171 1305031236.129660    1305031236.138325    1305031236.1331
172 1305031236.161670    1305031236.170933    1305031236.1631
173 1305031236.193597    1305031236.207190    1305031236.1931
174 1305031236.229721    1305031236.238375    1305031236.2331
175 1305031236.261669    1305031236.269959    1305031236.2631
176 1305031236.293648    1305031236.306994    1305031236.2931
177 1305031236.329663    1305031236.339217    1305031236.3331
178 1305031236.361588    1305031236.370096    1305031236.3631
179 1305031236.393685    1305031236.405869    1305031236.3931
180 1305031236.429662    1305031236.438788    1305031236.4331
181 1305031236.461654    1305031236.475141    1305031236.4630
182 1305031236.493658    1305031236.507721    1305031236.4931
183 1305031236.529695    1305031236.538645    1305031236.5331
184 1305031236.561678    1305031236.574095    1305031236.5631
185 1305031236.593682    1305031236.605757    1305031236.5931
186 1305031236.629642    1305031236.638401    1305031236.6330
187 1305031236.661655    1305031236.675147    1305031236.6630
188 1305031236.693667    1305031236.703362    1305031236.6930
189 1305031236.729693    1305031236.733922    1305031236.7331
190 1305031236.761749    1305031236.774041    1305031236.7631
191 1305031236.793675    1305031236.802588    1305031236.7930
192 1305031236.829705    1305031236.836415    1305031236.8331
193 1305031236.861617    1305031236.874398    1305031236.8631
194 1305031236.893505    1305031236.906069    1305031236.8931
195 1305031236.929669    1305031236.934437    1305031236.9331
196 1305031236.961639    1305031236.974400    1305031236.9631
197 1305031236.993680    1305031237.007426    1305031236.9931
198 1305031237.029714    1305031237.037024    1305031237.0331
199 1305031237.061729    1305031237.073427    1305031237.0631
200 1305031237.093695    1305031237.105968    1305031237.0931
201 1305031237.129774    1305031237.137832    1305031237.1332
202 1305031237.161661    1305031237.171227    1305031237.1630
203 1305031237.193642    1305031237.204229    1305031237.1930
204 1305031237.229691    1305031237.237569    1305031237.2331
205 1305031237.261663    1305031237.274659    1305031237.2631
206 1305031237.293709    1305031237.305810    1305031237.2931
207 1305031237.329672    1305031237.337142    1305031237.3330
208 1305031237.361618    1305031237.374166    1305031237.3631
209 1305031237.393671    1305031237.405734    1305031237.3931
210 1305031237.429793    1305031237.437722    1305031237.4330
211 1305031237.461646    1305031237.474128    1305031237.4630
212 1305031237.493702    1305031237.506045    1305031237.4931
213 1305031237.529735    1305031237.537650    1305031237.5330
214 1305031237.561669    1305031237.573948    1305031237.5630
215 1305031237.593680    1305031237.606813    1305031237.5930
216 1305031237.629705    1305031237.637855    1305031237.6331
217 1305031237.661656    1305031237.675276    1305031237.6630
218 1305031237.693693    1305031237.707118    1305031237.6931
219 1305031237.729752    1305031237.741667    1305031237.7330
220 1305031237.761654    1305031237.774306    1305031237.7631
221 1305031237.793725    1305031237.806496    1305031237.7930
222 1305031237.829769    1305031237.843031    1305031237.8330
223 1305031237.861836    1305031237.875422    1305031237.8630
224 1305031237.893771    1305031237.907784    1305031237.8930
225 1305031237.929849    1305031237.944187    1305031237.9331
226 1305031237.961658    1305031237.973810    1305031237.9630
227 1305031237.993683    1305031238.006932    1305031237.9930
228 1305031238.029709    1305031238.043140    1305031238.0330
229 1305031238.061670    1305031238.074032    1305031238.0630
230 1305031238.093685    1305031238.106588    1305031238.0930
231 1305031238.129747    1305031238.143328    1305031238.1330
232 1305031238.161682    1305031238.172300    1305031238.1630
233 1305031238.193792    1305031238.205426    1305031238.1931
234 1305031238.230012    1305031238.240147    1305031238.2331
235 1305031238.261604    1305031238.272527    1305031238.2630
236 1305031238.293671    1305031238.306053    1305031238.2930
237 1305031238.329662    1305031238.342596    1305031238.3330
238 1305031238.361640    1305031238.374104    1305031238.3630
239 1305031238.393667    1305031238.406036    1305031238.3931
240 1305031238.429673    1305031238.443424    1305031238.4330
241 1305031238.461685    1305031238.474082    1305031238.4630
242 1305031238.493679    1305031238.505811    1305031238.4930
243 1305031238.529670    1305031238.543264    1305031238.5330
244 1305031238.561624    1305031238.574184    1305031238.5630
245 1305031238.593741    1305031238.605825    1305031238.5930
246 1305031238.629751    1305031238.642759    1305031238.6330
247 1305031238.661628    1305031238.673813    1305031238.6630
248 1305031238.693855    1305031238.705189    1305031238.6930
249 1305031238.729729    1305031238.741307    1305031238.7330
250 1305031238.761658    1305031238.771796    1305031238.7630
251 1305031238.793691    1305031238.807019    1305031238.7930
252 1305031238.829730    1305031238.842940    1305031238.8330
253 1305031238.861826    1305031238.873723    1305031238.8630
254 1305031238.893734    1305031238.906172    1305031238.8930
255 1305031238.929837    1305031238.942786    1305031238.9330
256 1305031238.961656    1305031238.972308    1305031238.9630
257 1305031238.993704    1305031239.010483    1305031238.9931
258 1305031239.029670    1305031239.040879    1305031239.0330
259 1305031239.061677    1305031239.074661    1305031239.0630
260 1305031239.093689    1305031239.110906    1305031239.0930
261 1305031239.129738    1305031239.141779    1305031239.1330
262 1305031239.161756    1305031239.175750    1305031239.1630
263 1305031239.193706    1305031239.209645    1305031239.1930
264 1305031239.229882    1305031239.241710    1305031239.2330
265 1305031239.261721    1305031239.273820    1305031239.2630
266 1305031239.293674    1305031239.310177    1305031239.2930
267 1305031239.329705    1305031239.341970    1305031239.3331
268 1305031239.361715    1305031239.375024    1305031239.3630
269 1305031239.393718    1305031239.410631    1305031239.3931
270 1305031239.429744    1305031239.441542    1305031239.4330
271 1305031239.461708    1305031239.473318    1305031239.4630
272 1305031239.493720    1305031239.509739    1305031239.4930
273 1305031239.529662    1305031239.543802    1305031239.5333
274 1305031239.561733    1305031239.576116    1305031239.5630
275 1305031239.593921    1305031239.611161    1305031239.5934
276 1305031239.629723    1305031239.641422    1305031239.6330
277 1305031239.661659    1305031239.671056    1305031239.6630
278 1305031239.693733    1305031239.707555    1305031239.6930
279 1305031239.729894    1305031239.741755    1305031239.7330
280 1305031239.761913    1305031239.771260    1305031239.7630
281 1305031239.793585    1305031239.806087    1305031239.7930
282 1305031239.829666    1305031239.839289    1305031239.8330
283 1305031239.861692    1305031239.874430    1305031239.8630
284 1305031239.893740    1305031239.909062    1305031239.8930
285 1305031239.929706    1305031239.940373    1305031239.9330
286 1305031239.961710    1305031239.971067    1305031239.9630
287 1305031239.993691    1305031240.008865    1305031239.9930
288 1305031240.029620    1305031240.039660    1305031240.0330
289 1305031240.061929    1305031240.071187    1305031240.0630
290 1305031240.093651    1305031240.109346    1305031240.0930
291 1305031240.129665    1305031240.143502    1305031240.1330
292 1305031240.161723    1305031240.177577    1305031240.1630
293 1305031240.193676    1305031240.209331    1305031240.1931
294 1305031240.229661    1305031240.241005    1305031240.2330
295 1305031240.261700    1305031240.277434    1305031240.2630
296 1305031240.293646    1305031240.308929    1305031240.2930
297 1305031240.329670    1305031240.342273    1305031240.3330
298 1305031240.361685    1305031240.377426    1305031240.3630
299 1305031240.393695    1305031240.409111    1305031240.3930
300 1305031240.429707    1305031240.441786    1305031240.4330
301 1305031240.461673    1305031240.477639    1305031240.4630
302 1305031240.493713    1305031240.508449    1305031240.4930
303 1305031240.529672    1305031240.541270    1305031240.5330
304 1305031240.561748    1305031240.575909    1305031240.5630
305 1305031240.593679    1305031240.610134    1305031240.5929
306 1305031240.631058    1305031240.639823    1305031240.6330
307 1305031240.693800    1305031240.707932    1305031240.6930
308 1305031240.729633    1305031240.743958    1305031240.7330
309 1305031240.761607    1305031240.776833    1305031240.7629
310 1305031240.793590    1305031240.809625    1305031240.7930
311 1305031240.829620    1305031240.842596    1305031240.8330
312 1305031240.861634    1305031240.879410    1305031240.8630
313 1305031240.893685    1305031240.879410    1305031240.8930
314 1305031240.929673    1305031240.942319    1305031240.9330
315 1305031240.961709    1305031240.977936    1305031240.9630
316 1305031240.993643    1305031241.008303    1305031240.9930
317 1305031241.029623    1305031241.040148    1305031241.0330
318 1305031241.061990    1305031241.075933    1305031241.0630
319 1305031241.093615    1305031241.106556    1305031241.0931
320 1305031241.129761    1305031241.140052    1305031241.1329
321 1305031241.161725    1305031241.178182    1305031241.1633
322 1305031241.193714    1305031241.178182    1305031241.1930
323 1305031241.229602    1305031241.239315    1305031241.2330
324 1305031241.261662    1305031241.276847    1305031241.2630
325 1305031241.293804    1305031241.306330    1305031241.2930
326 1305031241.329910    1305031241.342476    1305031241.3330
327 1305031241.361658    1305031241.379515    1305031241.3630
328 1305031241.393718    1305031241.379515    1305031241.3930
329 1305031241.429669    1305031241.445546    1305031241.4330
330 1305031241.461678    1305031241.477507    1305031241.4630
331 1305031241.493736    1305031241.509849    1305031241.4930
332 1305031241.529758    1305031241.547730    1305031241.5330
333 1305031241.561686    1305031241.547730    1305031241.5630
334 1305031241.593680    1305031241.578395    1305031241.5929
335 1305031241.629760    1305031241.647584    1305031241.6330
336 1305031241.661658    1305031241.647584    1305031241.6630
337 1305031241.693629    1305031241.678366    1305031241.6930
338 1305031241.729700    1305031241.747102    1305031241.7330
339 1305031241.761678    1305031241.747102    1305031241.7630
340 1305031241.793694    1305031241.778268    1305031241.7929
341 1305031241.829759    1305031241.846436    1305031241.8330
342 1305031241.861672    1305031241.846436    1305031241.8630
343 1305031241.893622    1305031241.878799    1305031241.8930
344 1305031241.929686    1305031241.947705    1305031241.9330
345 1305031241.961685    1305031241.947705    1305031241.9630
346 1305031241.993687    1305031241.978343    1305031241.9930
347 1305031242.029756    1305031242.046360    1305031242.0330
348 1305031242.061654    1305031242.046360    1305031242.0630
349 1305031242.093725    1305031242.079549    1305031242.0930
350 1305031242.129682    1305031242.146605    1305031242.1330
351 1305031242.161668    1305031242.146605    1305031242.1630
352 1305031242.193683    1305031242.179708    1305031242.1929
353 1305031242.229672    1305031242.247809    1305031242.2329
354 1305031242.261884    1305031242.247809    1305031242.2630
355 1305031242.293820    1305031242.279498    1305031242.2930
356 1305031242.329889    1305031242.347127    1305031242.3330
357 1305031242.361729    1305031242.347127    1305031242.3629
358 1305031242.393679    1305031242.378479    1305031242.3929
359 1305031242.429711    1305031242.447099    1305031242.4329
360 1305031242.461695    1305031242.447099    1305031242.4630
361 1305031242.493742    1305031242.509726    1305031242.4930
362 1305031242.529710    1305031242.548546    1305031242.5330
363 1305031242.561569    1305031242.548546    1305031242.5629
364 1305031242.593693    1305031242.606115    1305031242.5929
365 1305031242.629711    1305031242.643811    1305031242.6330
366 1305031242.661782    1305031242.675202    1305031242.6630
367 1305031242.693671    1305031242.675202    1305031242.6930
368 1305031242.729791    1305031242.745258    1305031242.7329
369 1305031242.761930    1305031242.777540    1305031242.7629
370 1305031242.793699    1305031242.777540    1305031242.7929
371 1305031242.829812    1305031242.844318    1305031242.8330
372 1305031242.861682    1305031242.874088    1305031242.8630
373 1305031242.893679    1305031242.874088    1305031242.8930
374 1305031242.929677    1305031242.944438    1305031242.9330
375 1305031242.961731    1305031242.976062    1305031242.9630
376 1305031242.993951    1305031242.976062    1305031242.9929
377 1305031243.029664    1305031243.014166    1305031243.0329
378 1305031243.061704    1305031243.046910    1305031243.0629
379 1305031243.093739    1305031243.078045    1305031243.0930
380 1305031243.129686    1305031243.113615    1305031243.1329
381 1305031243.161643    1305031243.145816    1305031243.1630
382 1305031243.193652    1305031243.178076    1305031243.1929
383 1305031243.229716    1305031243.245561    1305031243.2329
384 1305031243.261720    1305031243.245561    1305031243.2629
385 1305031243.293654    1305031243.278180    1305031243.2929
386 1305031243.329803    1305031243.314271    1305031243.3330
387 1305031243.361686    1305031243.346036    1305031243.3630
388 1305031243.393708    1305031243.378935    1305031243.3929
389 1305031243.429782    1305031243.413974    1305031243.4330
390 1305031243.461622    1305031243.447091    1305031243.4629
391 1305031243.497629    1305031243.515401    1305031243.4929
392 1305031243.529705    1305031243.515401    1305031243.5330
393 1305031243.561795    1305031243.545943    1305031243.5630
394 1305031243.597678    1305031243.614055    1305031243.5929
395 1305031243.629640    1305031243.614055    1305031243.6329
396 1305031243.661719    1305031243.646187    1305031243.6629
397 1305031243.697682    1305031243.714296    1305031243.6930
398 1305031243.729676    1305031243.714296    1305031243.7329
399 1305031243.761667    1305031243.747378    1305031243.7629
400 1305031243.797650    1305031243.814193    1305031243.7929
401 1305031243.829666    1305031243.814193    1305031243.8329
402 1305031243.861657    1305031243.846292    1305031243.8629
403 1305031243.897689    1305031243.914000    1305031243.8929
404 1305031243.929656    1305031243.914000    1305031243.9329
405 1305031243.961674    1305031243.947078    1305031243.9629
406 1305031243.997635    1305031244.011270    1305031243.9929
407 1305031244.029557    1305031244.043823    1305031244.0332
408 1305031244.061755    1305031244.043823    1305031244.0630
409 1305031244.097621    1305031244.112790    1305031244.0930
410 1305031244.129662    1305031244.112790    1305031244.1330
411 1305031244.161701    1305031244.148495    1305031244.1629
412 1305031244.197672    1305031244.212401    1305031244.1929
413 1305031244.229668    1305031244.212401    1305031244.2332
414 1305031244.261676    1305031244.247347    1305031244.2629
415 1305031244.297680    1305031244.283147    1305031244.2929
416 1305031244.329685    1305031244.313795    1305031244.3329
417 1305031244.361665    1305031244.345960    1305031244.3630
418 1305031244.397615    1305031244.413019    1305031244.3929
419 1305031244.429740    1305031244.445167    1305031244.4329
420 1305031244.461741    1305031244.445167    1305031244.4629
421 1305031244.497679    1305031244.514228    1305031244.4929
422 1305031244.529690    1305031244.514228    1305031244.5329
423 1305031244.561672    1305031244.546214    1305031244.5629
424 1305031244.597700    1305031244.613277    1305031244.5929
425 1305031244.629753    1305031244.642840    1305031244.6329
426 1305031244.661711    1305031244.642840    1305031244.6629
427 1305031244.697667    1305031244.680610    1305031244.6929
428 1305031244.729757    1305031244.715250    1305031244.7329
429 1305031244.761738    1305031244.745888    1305031244.7629
430 1305031244.797629    1305031244.781851    1305031244.7929
431 1305031244.829660    1305031244.841822    1305031244.8129
432 1305031244.861636    1305031244.841822    1305031244.8129
433 1305031244.897635    1305031244.881801    1305031244.9429
434 1305031244.929681    1305031244.914908    1305031244.9429
435 1305031244.961694    1305031244.945868    1305031244.9629
436 1305031244.997688    1305031244.981800    1305031244.9729
437 1305031245.029670    1305031245.014055    1305031245.0329
438 1305031245.061797    1305031245.046440    1305031245.0629
439 1305031245.097906    1305031245.081769    1305031245.1029
440 1305031245.129925    1305031245.114315    1305031245.1329
441 1305031245.161721    1305031245.145710    1305031245.1629
442 1305031245.197655    1305031245.181871    1305031245.1929
443 1305031245.229684    1305031245.214094    1305031245.2329
444 1305031245.261749    1305031245.248795    1305031245.2629
445 1305031245.297648    1305031245.314318    1305031245.2929
446 1305031245.329736    1305031245.314318    1305031245.3329
447 1305031245.361797    1305031245.349181    1305031245.3629
448 1305031245.397664    1305031245.413311    1305031245.3929
449 1305031245.429674    1305031245.413311    1305031245.4329
450 1305031245.461734    1305031245.448997    1305031245.4629
451 1305031245.497697    1305031245.484671    1305031245.4929
452 1305031245.529685    1305031245.512432    1305031245.5329
453 1305031245.561641    1305031245.548146    1305031245.5629
454 1305031245.597588    1305031245.610475    1305031245.5929
455 1305031245.629610    1305031245.610475    1305031245.6330
456 1305031245.661665    1305031245.649463    1305031245.6629
457 1305031245.697808    1305031245.711032    1305031245.6929
458 1305031245.729697    1305031245.711032    1305031245.7329
459 1305031245.761842    1305031245.749775    1305031245.7629
460 1305031245.797508    1305031245.781850    1305031245.7929
461 1305031245.829779    1305031245.813569    1305031245.8329
462 1305031245.861702    1305031245.849109    1305031245.8629
463 1305031245.897684    1305031245.912608    1305031245.8929
464 1305031245.929627    1305031245.945896    1305031245.9329
465 1305031245.961688    1305031245.945896    1305031245.9633
466 1305031245.997613    1305031246.011003    1305031245.9929
467 1305031246.029623    1305031246.011003    1305031246.0329
468 1305031246.061658    1305031246.048393    1305031246.0629
469 1305031246.097656    1305031246.112356    1305031246.0929
470 1305031246.129580    1305031246.112356    1305031246.1330
471 1305031246.161681    1305031246.148449    1305031246.1629
472 1305031246.197653    1305031246.211137    1305031246.1930
473 1305031246.229637    1305031246.246969    1305031246.2329
474 1305031246.261893    1305031246.246969    1305031246.2629
475 1305031246.297613    1305031246.312473    1305031246.2929
476 1305031246.329731    1305031246.312473    1305031246.3329
477 1305031246.361529    1305031246.348272    1305031246.3632
478 1305031246.397738    1305031246.415637    1305031246.3929
479 1305031246.429654    1305031246.415637    1305031246.4329
480 1305031246.461755    1305031246.477465    1305031246.4629
481 1305031246.497717    1305031246.516395    1305031246.4929
482 1305031246.529729    1305031246.516395    1305031246.5329
483 1305031246.561679    1305031246.549175    1305031246.5629
484 1305031246.597580    1305031246.579511    1305031246.5932
485 1305031246.630105    1305031246.616453    1305031246.6329
486 1305031246.661684    1305031246.647763    1305031246.6630
487 1305031246.697671    1305031246.680758    1305031246.6929
488 1305031246.729825    1305031246.716974    1305031246.7329
489 1305031246.761744    1305031246.749166    1305031246.7629
490 1305031246.797618    1305031246.780817    1305031246.7929
491 1305031246.829699    1305031246.816808    1305031246.8330
492 1305031246.861682    1305031246.848812    1305031246.8629
493 1305031246.897619    1305031246.880643    1305031246.8929
494 1305031246.929719    1305031246.916671    1305031246.9329
495 1305031246.961581    1305031246.949534    1305031246.9629
496 1305031246.997684    1305031247.016790    1305031246.9929
497 1305031247.029564    1305031247.016790    1305031247.0329
498 1305031247.061761    1305031247.047934    1305031247.0637
499 1305031247.097571    1305031247.116213    1305031247.0929
500 1305031247.129694    1305031247.116213    1305031247.1329
501 1305031247.161688    1305031247.147366    1305031247.1629
502 1305031247.197676    1305031247.179692    1305031247.1929
503 1305031247.229684    1305031247.216943    1305031247.2329
504 1305031247.261671    1305031247.248793    1305031247.2629
505 1305031247.297554    1305031247.279422    1305031247.2929
506 1305031247.329729    1305031247.316643    1305031247.3329
507 1305031247.361626    1305031247.347790    1305031247.3629
508 1305031247.397540    1305031247.378611    1305031247.3929
509 1305031247.429703    1305031247.416862    1305031247.4328
510 1305031247.461694    1305031247.448770    1305031247.4629
511 1305031247.497627    1305031247.480263    1305031247.4929
512 1305031247.529619    1305031247.517846    1305031247.5330
513 1305031247.561743    1305031247.545901    1305031247.5629
514 1305031247.597701    1305031247.615280    1305031247.5929
515 1305031247.629718    1305031247.615280    1305031247.6329
516 1305031247.661681    1305031247.648400    1305031247.6628
517 1305031247.697569    1305031247.683558    1305031247.6928
518 1305031247.729684    1305031247.715961    1305031247.7329
519 1305031247.761723    1305031247.746902    1305031247.7628
520 1305031247.797650    1305031247.782261    1305031247.7929
521 1305031247.829657    1305031247.813983    1305031247.8329
522 1305031247.861688    1305031247.848442    1305031247.8629
523 1305031247.897638    1305031247.882072    1305031247.8929
524 1305031247.929807    1305031247.917332    1305031247.9329
525 1305031247.961700    1305031247.949686    1305031247.9629
526 1305031247.997557    1305031247.986145    1305031247.9929
527 1305031248.029684    1305031248.018156    1305031248.0329
528 1305031248.061746    1305031248.049914    1305031248.0628
529 1305031248.098179    1305031248.085746    1305031248.1029
530 1305031248.129858    1305031248.117579    1305031248.1329
531 1305031248.161732    1305031248.149346    1305031248.1629
532 1305031248.197746    1305031248.184863    1305031248.1929
533 1305031248.229670    1305031248.216769    1305031248.2329
534 1305031248.261691    1305031248.248851    1305031248.2629
535 1305031248.297645    1305031248.284740    1305031248.2929
536 1305031248.329688    1305031248.316181    1305031248.3329
537 1305031248.361705    1305031248.348843    1305031248.3629
538 1305031248.398306    1305031248.388197    1305031248.4028
539 1305031248.429690    1305031248.415507    1305031248.4329
540 1305031248.461674    1305031248.448252    1305031248.4629
541 1305031248.497597    1305031248.485297    1305031248.4929
542 1305031248.529678    1305031248.515431    1305031248.5329
543 1305031248.561680    1305031248.547003    1305031248.5629
544 1305031248.597577    1305031248.586058    1305031248.5929
545 1305031248.629727    1305031248.618038    1305031248.6329
546 1305031248.661660    1305031248.649439    1305031248.6629
547 1305031248.701134    1305031248.686028    1305031248.7029
548 1305031248.761715    1305031248.749837    1305031248.7628
549 1305031248.797823    1305031248.785675    1305031248.7929
550 1305031248.829728    1305031248.818141    1305031248.8329
551 1305031248.861712    1305031248.849679    1305031248.8628
552 1305031248.897740    1305031248.885593    1305031248.8929
553 1305031248.929766    1305031248.917882    1305031248.9329
554 1305031248.961755    1305031248.952681    1305031248.9628
555 1305031248.997614    1305031248.984554    1305031248.9928
556 1305031249.029697    1305031249.016951    1305031249.0328
557 1305031249.062337    1305031249.052366    1305031249.0629
558 1305031249.097689    1305031249.084503    1305031249.0928
559 1305031249.129781    1305031249.116884    1305031249.1328
560 1305031249.161749    1305031249.153447    1305031249.1628
561 1305031249.197673    1305031249.184739    1305031249.1928
562 1305031249.229768    1305031249.216865    1305031249.2328
563 1305031249.261609    1305031249.253224    1305031249.2629
564 1305031249.297950    1305031249.284804    1305031249.3029
565 1305031249.329679    1305031249.317434    1305031249.3333
566 1305031249.361754    1305031249.352736    1305031249.3628
567 1305031249.397737    1305031249.384754    1305031249.3928
568 1305031249.429851    1305031249.417834    1305031249.4329
569 1305031249.461794    1305031249.453722    1305031249.4629
570 1305031249.497685    1305031249.485915    1305031249.4928
571 1305031249.529692    1305031249.517734    1305031249.5329
572 1305031249.561863    1305031249.554325    1305031249.5628
573 1305031249.597805    1305031249.585905    1305031249.5929
574 1305031249.629760    1305031249.618079    1305031249.6328
575 1305031249.662284    1305031249.654213    1305031249.6628
576 1305031249.697653    1305031249.685674    1305031249.6929
577 1305031249.729969    1305031249.717790    1305031249.7329
578 1305031249.761822    1305031249.753962    1305031249.7629
579 1305031249.797667    1305031249.785417    1305031249.7929
580 1305031249.829797    1305031249.818602    1305031249.8328
581 1305031249.861729    1305031249.853747    1305031249.8629
582 1305031249.897548    1305031249.885525    1305031249.8929
583 1305031249.929754    1305031249.917065    1305031249.9328
584 1305031249.962232    1305031249.953398    1305031249.9628
585 1305031249.997687    1305031249.985179    1305031249.9928
586 1305031250.030025    1305031250.016440    1305031250.0328
587 1305031250.061924    1305031250.053194    1305031250.0628
588 1305031250.097604    1305031250.084507    1305031250.0928
589 1305031250.129780    1305031250.120850    1305031250.1328
590 1305031250.161809    1305031250.153248    1305031250.1628
591 1305031250.197617    1305031250.185328    1305031250.1929
592 1305031250.229670    1305031250.221446    1305031250.2328
593 1305031250.261917    1305031250.253735    1305031250.2628
594 1305031250.298182    1305031250.285224    1305031250.3028
595 1305031250.329709    1305031250.320862    1305031250.3328
596 1305031250.361596    1305031250.351700    1305031250.3629
597 1305031250.397784    1305031250.385149    1305031250.3928
598 1305031250.429731    1305031250.421536    1305031250.4330
599 1305031250.461779    1305031250.454018    1305031250.4628
600 1305031250.498138    1305031250.485613    1305031250.5033
601 1305031250.529700    1305031250.521538    1305031250.5328
602 1305031250.561819    1305031250.553658    1305031250.5630
603 1305031250.597650    1305031250.585379    1305031250.5928
604 1305031250.629661    1305031250.621303    1305031250.6328
605 1305031250.661952    1305031250.653544    1305031250.6628
606 1305031250.697768    1305031250.685297    1305031250.6928
607 1305031250.729747    1305031250.721640    1305031250.7328
608 1305031250.761789    1305031250.753428    1305031250.7628
609 1305031250.797838    1305031250.785365    1305031250.8028
610 1305031250.829785    1305031250.821793    1305031250.8328
611 1305031250.861873    1305031250.853828    1305031250.8628
612 1305031250.897604    1305031250.882014    1305031250.8928
613 1305031250.930120    1305031250.921800    1305031250.9328
614 1305031250.961817    1305031250.953542    1305031250.9628
615 1305031250.997612    1305031250.985308    1305031250.9928
616 1305031251.029789    1305031251.021488    1305031251.0328
617 1305031251.061854    1305031251.053468    1305031251.0628
618 1305031251.097685    1305031251.085186    1305031251.0928
619 1305031251.129731    1305031251.121445    1305031251.1328
620 1305031251.161699    1305031251.153781    1305031251.1628
621 1305031251.197672    1305031251.185160    1305031251.1928
622 1305031251.229882    1305031251.220466    1305031251.2328
623 1305031251.261872    1305031251.252424    1305031251.2628
624 1305031251.297722    1305031251.284482    1305031251.2928
625 1305031251.329608    1305031251.319004    1305031251.3328
626 1305031251.361831    1305031251.353244    1305031251.3628
627 1305031251.397736    1305031251.387007    1305031251.3928
628 1305031251.429957    1305031251.421050    1305031251.4328
629 1305031251.462288    1305031251.449663    1305031251.4628
630 1305031251.497761    1305031251.489014    1305031251.4928
631 1305031251.529827    1305031251.520773    1305031251.5328
632 1305031251.561707    1305031251.553045    1305031251.5628
633 1305031251.597657    1305031251.588760    1305031251.5928
634 1305031251.629778    1305031251.620874    1305031251.6328
635 1305031251.661814    1305031251.652875    1305031251.6628
636 1305031251.698330    1305031251.689768    1305031251.7028
637 1305031251.730175    1305031251.720461    1305031251.7328
638 1305031251.761755    1305031251.753144    1305031251.7628
639 1305031251.797678    1305031251.789250    1305031251.7931
640 1305031251.829869    1305031251.820979    1305031251.8328
641 1305031251.862143    1305031251.853797    1305031251.8628
642 1305031251.897873    1305031251.889654    1305031251.9028
643 1305031251.929898    1305031251.921930    1305031251.9328
644 1305031251.961904    1305031251.953837    1305031251.9628
645 1305031251.998343    1305031251.989807    1305031252.0028
646 1305031252.029784    1305031252.022160    1305031252.0328
647 1305031252.062017    1305031252.053762    1305031252.0628
648 1305031252.098735    1305031252.089562    1305031252.1028
649 1305031252.161778    1305031252.153971    1305031252.1628
650 1305031252.197852    1305031252.189789    1305031252.2028
651 1305031252.229882    1305031252.222086    1305031252.2328
652 1305031252.261747    1305031252.253064    1305031252.2628
653 1305031252.297671    1305031252.288878    1305031252.2928
654 1305031252.329954    1305031252.320609    1305031252.3328
655 1305031252.361687    1305031252.352855    1305031252.3628
656 1305031252.397494    1305031252.389319    1305031252.3928
657 1305031252.429672    1305031252.421702    1305031252.4328
658 1305031252.461722    1305031252.453825    1305031252.4628
659 1305031252.497655    1305031252.489559    1305031252.4928
660 1305031252.529692    1305031252.522170    1305031252.5328
661 1305031252.561862    1305031252.553774    1305031252.5628
662 1305031252.597647    1305031252.589746    1305031252.5928
663 1305031252.629839    1305031252.622125    1305031252.6328
664 1305031252.661594    1305031252.657856    1305031252.6628
665 1305031252.698012    1305031252.688998    1305031252.7028
666 1305031252.729811    1305031252.721654    1305031252.7328
667 1305031252.761680    1305031252.757822    1305031252.7628
668 1305031252.797683    1305031252.789692    1305031252.7928
669 1305031252.831021    1305031252.822405    1305031252.8337
670 1305031252.865804    1305031252.853978    1305031252.8629
671 1305031252.897597    1305031252.889729    1305031252.8928
672 1305031252.929687    1305031252.920672    1305031252.9328
673 1305031252.965771    1305031252.957865    1305031252.9628
674 1305031252.997652    1305031252.989424    1305031252.9928
675 1305031253.029884    1305031253.019696    1305031253.0327
676 1305031253.065901    1305031253.057426    1305031253.0627
677 1305031253.097947    1305031253.089550    1305031253.1028
678 1305031253.129728    1305031253.119724    1305031253.1329
679 1305031253.165977    1305031253.157384    1305031253.1628
680 1305031253.197610    1305031253.189218    1305031253.1928
681 1305031253.229906    1305031253.218027    1305031253.2329
682 1305031253.265536    1305031253.257847    1305031253.2628
683 1305031253.297600    1305031253.289742    1305031253.2928
684 1305031253.329972    1305031253.322007    1305031253.3328
685 1305031253.366257    1305031253.357830    1305031253.3628
686 1305031253.397735    1305031253.388097    1305031253.3928
687 1305031253.429753    1305031253.421352    1305031253.4328
688 1305031253.465716    1305031253.457963    1305031253.4628
689 1305031253.497697    1305031253.489690    1305031253.4928
690 1305031253.529706    1305031253.520734    1305031253.5328
691 1305031253.565670    1305031253.557854    1305031253.5628
692 1305031253.598121    1305031253.589805    1305031253.6027
