freiburg1_floor
image      depth      pose
0 1305033527.670034    1305033527.667207    1305033527.6662
1 1305033527.701984    1305033527.699102    1305033527.7062
2 1305033527.733905    1305033527.731140    1305033527.7362
3 1305033527.769943    1305033527.767506    1305033527.7661
4 1305033527.801981    1305033527.798457    1305033527.8061
5 1305033527.833907    1305033527.831093    1305033527.8362
6 1305033527.869941    1305033527.866572    1305033527.8661
7 1305033527.901960    1305033527.898785    1305033527.9061
8 1305033527.933929    1305033527.931152    1305033527.9361
9 1305033527.969980    1305033527.967581    1305033527.9661
10 1305033528.002019    1305033527.999279    1305033528.0061
11 1305033528.034009    1305033528.031390    1305033528.0361
12 1305033528.070091    1305033528.067532    1305033528.0661
13 1305033528.102036    1305033528.099084    1305033528.1061
14 1305033528.133965    1305033528.131155    1305033528.1361
15 1305033528.169886    1305033528.167714    1305033528.1661
16 1305033528.202011    1305033528.198811    1305033528.2061
17 1305033528.234026    1305033528.231384    1305033528.2361
18 1305033528.269953    1305033528.267951    1305033528.2661
19 1305033528.301989    1305033528.299278    1305033528.3061
20 1305033528.333973    1305033528.331353    1305033528.3361
21 1305033528.369960    1305033528.367591    1305033528.3661
22 1305033528.402061    1305033528.399406    1305033528.4061
23 1305033528.433944    1305033528.431250    1305033528.4362
24 1305033528.470018    1305033528.467356    1305033528.4661
25 1305033528.502260    1305033528.499245    1305033528.5062
26 1305033528.534014    1305033528.531295    1305033528.5361
27 1305033528.570001    1305033528.567426    1305033528.5661
28 1305033528.601902    1305033528.598758    1305033528.6061
29 1305033528.633991    1305033528.631011    1305033528.6361
30 1305033528.669999    1305033528.666422    1305033528.6661
31 1305033528.702008    1305033528.698393    1305033528.7061
32 1305033528.734048    1305033528.730366    1305033528.7361
33 1305033528.770045    1305033528.765829    1305033528.7661
34 1305033528.801994    1305033528.798392    1305033528.8061
35 1305033528.834358    1305033528.834368    1305033528.8361
36 1305033528.870165    1305033528.867283    1305033528.8661
37 1305033528.902092    1305033528.898322    1305033528.9061
38 1305033528.934258    1305033528.934263    1305033528.9361
39 1305033528.969917    1305033528.967717    1305033528.9660
40 1305033529.002386    1305033528.995154    1305033529.0061
41 1305033529.033896    1305033529.033908    1305033529.0361
42 1305033529.069872    1305033529.066192    1305033529.0661
43 1305033529.101938    1305033529.098321    1305033529.1061
44 1305033529.133980    1305033529.133355    1305033529.1361
45 1305033529.170050    1305033529.162894    1305033529.1661
46 1305033529.201938    1305033529.198412    1305033529.2061
47 1305033529.233933    1305033529.233597    1305033529.2361
48 1305033529.270157    1305033529.265504    1305033529.2661
49 1305033529.302066    1305033529.297490    1305033529.3062
50 1305033529.333974    1305033529.330951    1305033529.3361
51 1305033529.369872    1305033529.367533    1305033529.3660
52 1305033529.402096    1305033529.396612    1305033529.4061
53 1305033529.434347    1305033529.434366    1305033529.4361
54 1305033529.470113    1305033529.464199    1305033529.4661
55 1305033529.502276    1305033529.497345    1305033529.5061
56 1305033529.534027    1305033529.532507    1305033529.5360
57 1305033529.569932    1305033529.565277    1305033529.5661
58 1305033529.601908    1305033529.599223    1305033529.6061
59 1305033529.634597    1305033529.634613    1305033529.6360
60 1305033529.670029    1305033529.667792    1305033529.6661
61 1305033529.701928    1305033529.699236    1305033529.7061
62 1305033529.735154    1305033529.735278    1305033529.7361
63 1305033529.769985    1305033529.766503    1305033529.7661
64 1305033529.801904    1305033529.799237    1305033529.8061
65 1305033529.835176    1305033529.835186    1305033529.8362
66 1305033529.870052    1305033529.865444    1305033529.8661
67 1305033529.902039    1305033529.898418    1305033529.9061
68 1305033529.934438    1305033529.934449    1305033529.9361
69 1305033529.969975    1305033529.966629    1305033529.9660
70 1305033530.002319    1305033530.002331    1305033530.0061
71 1305033530.034539    1305033530.034549    1305033530.0361
72 1305033530.070092    1305033530.066464    1305033530.0661
73 1305033530.102640    1305033530.102647    1305033530.1061
74 1305033530.133963    1305033530.132920    1305033530.1361
75 1305033530.169975    1305033530.166620    1305033530.1661
76 1305033530.202533    1305033530.202545    1305033530.2061
77 1305033530.234343    1305033530.234355    1305033530.2361
78 1305033530.270089    1305033530.267095    1305033530.2661
79 1305033530.302540    1305033530.302560    1305033530.3061
80 1305033530.334417    1305033530.334435    1305033530.3361
81 1305033530.369991    1305033530.367499    1305033530.3660
82 1305033530.402280    1305033530.402349    1305033530.4061
83 1305033530.433939    1305033530.433956    1305033530.4361
84 1305033530.470001    1305033530.464959    1305033530.4661
85 1305033530.503176    1305033530.503205    1305033530.5061
86 1305033530.570011    1305033530.566864    1305033530.5662
87 1305033530.603079    1305033530.603089    1305033530.6061
88 1305033530.634562    1305033530.634573    1305033530.6360
89 1305033530.670053    1305033530.664418    1305033530.6661
90 1305033530.702904    1305033530.702921    1305033530.7061
91 1305033530.770069    1305033530.765611    1305033530.7660
92 1305033530.802640    1305033530.802656    1305033530.8061
93 1305033530.834043    1305033530.830991    1305033530.8361
94 1305033530.869990    1305033530.863579    1305033530.8661
95 1305033530.903177    1305033530.903194    1305033530.9061
96 1305033530.935393    1305033530.935412    1305033530.9361
97 1305033530.969918    1305033530.966314    1305033530.9661
98 1305033531.001895    1305033531.001055    1305033531.0060
99 1305033531.035071    1305033531.035090    1305033531.0360
100 1305033531.070068    1305033531.066813    1305033531.0661
101 1305033531.103063    1305033531.103082    1305033531.1061
102 1305033531.134773    1305033531.134786    1305033531.1361
103 1305033531.169952    1305033531.167254    1305033531.1661
104 1305033531.203418    1305033531.203447    1305033531.2060
105 1305033531.272671    1305033531.272676    1305033531.2761
106 1305033531.335001    1305033531.335007    1305033531.3361
107 1305033531.370504    1305033531.370518    1305033531.3661
108 1305033531.403347    1305033531.403368    1305033531.4060
109 1305033531.435427    1305033531.435446    1305033531.4360
110 1305033531.470310    1305033531.470329    1305033531.4661
111 1305033531.503808    1305033531.503826    1305033531.5061
112 1305033531.571452    1305033531.571478    1305033531.5761
113 1305033531.603611    1305033531.603628    1305033531.6061
114 1305033531.635605    1305033531.635613    1305033531.6363
115 1305033531.671650    1305033531.671684    1305033531.6760
116 1305033531.703406    1305033531.703437    1305033531.7061
117 1305033531.735412    1305033531.735443    1305033531.7361
118 1305033531.771384    1305033531.771402    1305033531.7761
119 1305033531.802701    1305033531.802738    1305033531.8060
120 1305033531.872625    1305033531.872633    1305033531.8761
121 1305033531.933904    1305033531.933910    1305033531.9360
122 1305033531.971524    1305033531.971477    1305033531.9760
123 1305033532.003220    1305033532.003233    1305033532.0061
124 1305033532.071576    1305033532.071645    1305033532.0761
125 1305033532.135137    1305033532.135153    1305033532.1361
126 1305033532.171224    1305033532.171255    1305033532.1762
127 1305033532.203554    1305033532.203575    1305033532.2061
128 1305033532.271672    1305033532.271690    1305033532.2761
129 1305033532.303369    1305033532.303390    1305033532.3060
130 1305033532.335390    1305033532.335408    1305033532.3360
131 1305033532.371841    1305033532.371873    1305033532.3761
132 1305033532.403250    1305033532.403267    1305033532.4061
133 1305033532.435086    1305033532.435118    1305033532.4361
134 1305033532.471928    1305033532.471694    1305033532.4760
135 1305033532.539103    1305033532.539122    1305033532.5361
136 1305033532.571563    1305033532.571615    1305033532.5761
137 1305033532.603569    1305033532.603589    1305033532.6061
138 1305033532.635683    1305033532.635943    1305033532.6361
139 1305033532.672619    1305033532.671804    1305033532.6761
140 1305033532.739491    1305033532.739565    1305033532.7360
141 1305033532.772110    1305033532.772142    1305033532.7760
142 1305033532.839648    1305033532.839301    1305033532.8361
143 1305033532.871167    1305033532.871214    1305033532.8761
144 1305033532.903405    1305033532.903424    1305033532.9060
145 1305033532.936355    1305033532.936363    1305033532.9360
146 1305033532.970791    1305033532.970799    1305033532.9660
147 1305033533.003810    1305033533.003843    1305033533.0061
148 1305033533.037901    1305033533.034901    1305033533.0361
149 1305033533.069932    1305033533.068327    1305033533.0661
150 1305033533.101970    1305033533.099159    1305033533.1060
151 1305033533.137702    1305033533.136584    1305033533.1361
152 1305033533.169879    1305033533.168378    1305033533.1660
153 1305033533.202524    1305033533.202533    1305033533.2060
154 1305033533.238626    1305033533.238654    1305033533.2361
155 1305033533.270604    1305033533.270615    1305033533.2660
156 1305033533.302453    1305033533.302491    1305033533.3061
157 1305033533.338311    1305033533.338331    1305033533.3360
158 1305033533.369923    1305033533.368533    1305033533.3661
159 1305033533.402013    1305033533.398889    1305033533.4060
160 1305033533.437814    1305033533.436385    1305033533.4360
161 1305033533.469894    1305033533.469433    1305033533.4661
162 1305033533.502497    1305033533.502764    1305033533.5060
163 1305033533.537975    1305033533.535174    1305033533.5361
164 1305033533.570826    1305033533.571109    1305033533.5660
165 1305033533.602884    1305033533.602902    1305033533.6060
166 1305033533.638668    1305033533.638681    1305033533.6360
167 1305033533.669970    1305033533.668149    1305033533.6661
168 1305033533.702207    1305033533.699797    1305033533.7062
169 1305033533.738135    1305033533.735510    1305033533.7360
170 1305033533.770018    1305033533.769695    1305033533.7660
171 1305033533.805970    1305033533.805983    1305033533.8060
172 1305033533.839051    1305033533.839160    1305033533.8361
173 1305033533.871275    1305033533.871282    1305033533.8760
174 1305033533.907675    1305033533.907403    1305033533.9061
175 1305033533.939020    1305033533.939033    1305033533.9361
176 1305033533.970792    1305033533.970912    1305033533.9661
177 1305033534.006647    1305033534.006662    1305033534.0061
178 1305033534.038452    1305033534.038469    1305033534.0361
179 1305033534.070751    1305033534.070804    1305033534.0661
180 1305033534.106542    1305033534.106555    1305033534.1060
181 1305033534.138454    1305033534.138473    1305033534.1360
182 1305033534.170552    1305033534.170561    1305033534.1660
183 1305033534.206832    1305033534.206851    1305033534.2060
184 1305033534.238661    1305033534.238673    1305033534.2360
185 1305033534.269974    1305033534.267014    1305033534.2660
186 1305033534.306394    1305033534.306401    1305033534.3061
187 1305033534.338523    1305033534.338536    1305033534.3360
188 1305033534.370489    1305033534.370497    1305033534.3660
189 1305033534.406522    1305033534.406555    1305033534.4060
190 1305033534.438479    1305033534.438491    1305033534.4361
191 1305033534.470619    1305033534.470651    1305033534.4660
192 1305033534.506416    1305033534.506432    1305033534.5060
193 1305033534.538586    1305033534.538596    1305033534.5360
194 1305033534.571041    1305033534.571076    1305033534.5661
195 1305033534.607084    1305033534.607093    1305033534.6060
196 1305033534.639612    1305033534.639646    1305033534.6363
197 1305033534.671420    1305033534.671453    1305033534.6760
198 1305033534.706998    1305033534.707020    1305033534.7060
199 1305033534.769899    1305033534.767106    1305033534.7660
200 1305033534.806777    1305033534.806807    1305033534.8061
201 1305033534.839367    1305033534.839381    1305033534.8360
202 1305033534.871560    1305033534.871592    1305033534.8760
203 1305033534.906881    1305033534.906915    1305033534.9060
204 1305033534.939455    1305033534.939467    1305033534.9361
205 1305033534.975303    1305033534.975320    1305033534.9761
206 1305033535.007644    1305033535.007679    1305033535.0061
207 1305033535.039542    1305033535.039556    1305033535.0361
208 1305033535.075358    1305033535.075370    1305033535.0760
209 1305033535.107726    1305033535.107742    1305033535.1060
210 1305033535.174375    1305033535.174385    1305033535.1761
211 1305033535.206381    1305033535.206390    1305033535.2061
212 1305033535.238648    1305033535.238658    1305033535.2361
213 1305033535.274515    1305033535.274524    1305033535.2761
214 1305033535.306554    1305033535.306561    1305033535.3061
215 1305033535.338664    1305033535.338683    1305033535.3360
216 1305033535.374612    1305033535.374622    1305033535.3760
217 1305033535.406681    1305033535.406692    1305033535.4061
218 1305033535.438751    1305033535.438782    1305033535.4360
219 1305033535.474572    1305033535.475667    1305033535.4761
220 1305033535.506535    1305033535.506574    1305033535.5061
221 1305033535.538690    1305033535.538701    1305033535.5360
222 1305033535.574684    1305033535.574717    1305033535.5761
223 1305033535.606541    1305033535.606557    1305033535.6061
224 1305033535.638675    1305033535.638687    1305033535.6361
225 1305033535.674647    1305033535.674659    1305033535.6760
226 1305033535.706590    1305033535.706599    1305033535.7060
227 1305033535.739050    1305033535.739060    1305033535.7360
228 1305033535.774484    1305033535.774514    1305033535.7760
229 1305033535.806446    1305033535.806453    1305033535.8060
230 1305033535.837736    1305033535.835149    1305033535.8360
231 1305033535.874456    1305033535.874466    1305033535.8761
232 1305033535.906798    1305033535.906806    1305033535.9061
233 1305033535.939292    1305033535.939396    1305033535.9360
234 1305033535.975405    1305033535.975430    1305033535.9760
235 1305033536.008091    1305033536.008100    1305033536.0060
236 1305033536.039420    1305033536.039438    1305033536.0360
237 1305033536.075320    1305033536.075338    1305033536.0760
238 1305033536.107442    1305033536.107471    1305033536.1060
239 1305033536.175221    1305033536.175253    1305033536.1761
240 1305033536.241700    1305033536.241732    1305033536.2460
241 1305033536.275136    1305033536.275154    1305033536.2760
242 1305033536.343052    1305033536.343070    1305033536.3460
243 1305033536.375071    1305033536.375082    1305033536.3760
244 1305033536.443576    1305033536.443607    1305033536.4460
245 1305033536.507269    1305033536.507286    1305033536.5059
246 1305033536.542479    1305033536.542489    1305033536.5460
247 1305033536.604428    1305033536.604432    1305033536.6060
248 1305033536.643164    1305033536.643332    1305033536.6460
249 1305033536.675458    1305033536.675476    1305033536.6760
250 1305033536.707440    1305033536.707459    1305033536.7060
251 1305033536.743296    1305033536.743694    1305033536.7460
252 1305033536.775276    1305033536.775296    1305033536.7760
253 1305033536.808196    1305033536.808214    1305033536.8062
254 1305033536.843463    1305033536.843484    1305033536.8460
255 1305033536.907652    1305033536.907681    1305033536.9060
256 1305033536.943379    1305033536.943390    1305033536.9460
257 1305033536.975402    1305033536.975426    1305033536.9760
258 1305033537.007346    1305033537.007350    1305033537.0060
259 1305033537.043379    1305033537.043401    1305033537.0460
260 1305033537.075249    1305033537.075262    1305033537.0760
261 1305033537.107490    1305033537.107501    1305033537.1061
262 1305033537.143619    1305033537.143797    1305033537.1460
263 1305033537.175495    1305033537.175515    1305033537.1761
264 1305033537.207418    1305033537.207435    1305033537.2061
265 1305033537.243687    1305033537.243704    1305033537.2460
266 1305033537.275552    1305033537.275596    1305033537.2761
267 1305033537.307573    1305033537.307598    1305033537.3062
268 1305033537.343855    1305033537.343885    1305033537.3462
269 1305033537.375637    1305033537.375654    1305033537.3762
270 1305033537.407662    1305033537.407736    1305033537.4062
271 1305033537.443628    1305033537.443651    1305033537.4462
272 1305033537.475437    1305033537.475455    1305033537.4762
273 1305033537.543400    1305033537.543410    1305033537.5463
274 1305033537.575726    1305033537.575731    1305033537.5763
275 1305033537.639757    1305033537.639764    1305033537.6363
276 1305033537.674027    1305033537.674057    1305033537.6763
277 1305033537.743774    1305033537.744155    1305033537.7464
278 1305033537.775789    1305033537.776189    1305033537.7764
279 1305033537.844740    1305033537.843842    1305033537.8464
280 1305033537.902446    1305033537.908190    1305033537.9065
281 1305033537.944108    1305033537.944118    1305033537.9464
282 1305033537.975959    1305033537.975978    1305033537.9764
283 1305033538.041600    1305033538.041614    1305033538.0465
284 1305033538.074355    1305033538.074399    1305033538.0765
285 1305033538.144040    1305033538.144144    1305033538.1465
286 1305033538.175947    1305033538.175965    1305033538.1766
287 1305033538.243995    1305033538.244011    1305033538.2466
288 1305033538.275794    1305033538.275800    1305033538.2766
289 1305033538.344100    1305033538.344121    1305033538.3466
290 1305033538.376150    1305033538.376229    1305033538.3766
291 1305033538.443205    1305033538.443216    1305033538.4466
292 1305033538.502753    1305033538.513676    1305033538.5067
293 1305033538.543405    1305033538.543423    1305033538.5467
294 1305033538.575517    1305033538.575526    1305033538.5767
295 1305033538.643531    1305033538.643539    1305033538.6468
296 1305033538.703005    1305033538.712032    1305033538.7068
297 1305033538.743340    1305033538.743360    1305033538.7468
298 1305033538.802949    1305033538.812107    1305033538.8068
299 1305033538.844389    1305033538.844398    1305033538.8469
300 1305033538.902977    1305033538.912812    1305033538.9069
301 1305033538.944634    1305033538.944643    1305033538.9470
302 1305033539.003002    1305033539.013098    1305033539.0070
303 1305033539.044577    1305033539.044587    1305033539.0470
304 1305033539.103073    1305033539.113030    1305033539.1072
305 1305033539.144433    1305033539.144464    1305033539.1470
306 1305033539.202974    1305033539.214986    1305033539.2071
307 1305033539.244402    1305033539.244421    1305033539.2471
308 1305033539.303420    1305033539.315403    1305033539.3070
309 1305033539.344491    1305033539.344510    1305033539.3471
310 1305033539.403098    1305033539.411652    1305033539.4072
311 1305033539.443553    1305033539.443586    1305033539.4472
312 1305033539.503332    1305033539.510482    1305033539.5073
313 1305033539.542411    1305033539.542638    1305033539.5472
314 1305033539.603504    1305033539.610324    1305033539.6073
315 1305033539.642471    1305033539.642534    1305033539.6472
316 1305033539.703342    1305033539.712192    1305033539.7072
317 1305033539.743168    1305033539.743179    1305033539.7473
318 1305033539.803393    1305033539.811765    1305033539.8074
319 1305033539.844495    1305033539.844516    1305033539.8474
320 1305033539.903596    1305033539.910770    1305033539.9074
321 1305033539.939497    1305033539.946888    1305033539.9374
322 1305033539.971508    1305033539.982086    1305033539.9675
323 1305033540.003525    1305033540.010632    1305033540.0075
324 1305033540.039518    1305033540.048156    1305033540.0374
325 1305033540.071556    1305033540.078952    1305033540.0675
326 1305033540.103575    1305033540.109747    1305033540.1075
327 1305033540.139565    1305033540.149164    1305033540.1375
328 1305033540.171614    1305033540.178285    1305033540.1676
329 1305033540.203600    1305033540.213247    1305033540.2076
330 1305033540.239618    1305033540.247983    1305033540.2376
331 1305033540.271677    1305033540.277186    1305033540.2676
332 1305033540.303650    1305033540.310860    1305033540.3076
333 1305033540.339664    1305033540.348660    1305033540.3376
334 1305033540.371702    1305033540.378565    1305033540.3676
335 1305033540.403698    1305033540.410270    1305033540.4076
336 1305033540.439718    1305033540.448993    1305033540.4378
337 1305033540.471744    1305033540.477705    1305033540.4677
338 1305033540.503736    1305033540.510210    1305033540.5077
339 1305033540.539756    1305033540.545663    1305033540.5377
340 1305033540.571669    1305033540.577440    1305033540.5677
341 1305033540.603778    1305033540.611712    1305033540.6077
342 1305033540.639802    1305033540.648847    1305033540.6378
343 1305033540.671866    1305033540.677258    1305033540.6678
344 1305033540.703705    1305033540.710553    1305033540.7078
345 1305033540.739866    1305033540.748173    1305033540.7378
346 1305033540.771871    1305033540.777075    1305033540.7678
347 1305033540.803745    1305033540.810475    1305033540.8079
348 1305033540.839891    1305033540.848543    1305033540.8378
349 1305033540.871947    1305033540.877245    1305033540.8678
350 1305033540.903965    1305033540.909885    1305033540.9078
351 1305033540.940142    1305033540.948594    1305033540.9379
352 1305033540.972017    1305033540.978313    1305033540.9680
353 1305033541.003911    1305033541.012573    1305033541.0079
354 1305033541.040004    1305033541.047256    1305033541.0379
355 1305033541.071959    1305033541.085230    1305033541.0679
356 1305033541.103979    1305033541.115511    1305033541.1079
357 1305033541.140007    1305033541.146177    1305033541.1379
358 1305033541.171938    1305033541.179935    1305033541.1679
359 1305033541.203985    1305033541.217330    1305033541.2079
360 1305033541.239962    1305033541.246343    1305033541.2379
361 1305033541.271980    1305033541.279244    1305033541.2679
362 1305033541.303933    1305033541.312907    1305033541.3079
363 1305033541.339959    1305033541.350757    1305033541.3379
364 1305033541.371973    1305033541.379005    1305033541.3680
365 1305033541.404069    1305033541.418695    1305033541.4079
366 1305033541.439966    1305033541.445429    1305033541.4378
367 1305033541.472055    1305033541.478319    1305033541.4679
368 1305033541.504009    1305033541.519201    1305033541.5079
369 1305033541.539971    1305033541.548518    1305033541.5378
370 1305033541.572082    1305033541.578051    1305033541.5679
371 1305033541.604042    1305033541.617159    1305033541.6079
372 1305033541.639980    1305033541.646970    1305033541.6379
373 1305033541.672022    1305033541.678017    1305033541.6679
374 1305033541.704001    1305033541.714585    1305033541.7079
375 1305033541.739992    1305033541.745961    1305033541.7379
376 1305033541.772024    1305033541.777963    1305033541.7679
377 1305033541.803997    1305033541.813646    1305033541.8078
378 1305033541.839993    1305033541.846292    1305033541.8379
379 1305033541.872001    1305033541.877341    1305033541.8678
380 1305033541.903965    1305033541.914387    1305033541.9079
381 1305033541.939961    1305033541.946385    1305033541.9379
382 1305033541.971944    1305033541.977670    1305033541.9680
383 1305033542.003968    1305033542.013670    1305033542.0079
384 1305033542.039923    1305033542.048070    1305033542.0379
385 1305033542.071937    1305033542.078343    1305033542.0679
386 1305033542.103993    1305033542.114101    1305033542.1079
387 1305033542.139985    1305033542.145709    1305033542.1379
388 1305033542.172013    1305033542.177282    1305033542.1679
389 1305033542.204179    1305033542.213850    1305033542.2078
390 1305033542.240318    1305033542.249260    1305033542.2380
391 1305033542.271976    1305033542.277884    1305033542.2678
392 1305033542.304128    1305033542.316173    1305033542.3079
393 1305033542.340007    1305033542.346991    1305033542.3379
394 1305033542.372071    1305033542.381104    1305033542.3679
395 1305033542.407881    1305033542.419250    1305033542.4079
396 1305033542.439966    1305033542.447602    1305033542.4379
397 1305033542.472000    1305033542.482773    1305033542.4679
398 1305033542.507854    1305033542.515248    1305033542.5080
399 1305033542.540012    1305033542.547135    1305033542.5379
400 1305033542.571969    1305033542.582124    1305033542.5679
401 1305033542.608015    1305033542.615187    1305033542.6079
402 1305033542.639941    1305033542.648018    1305033542.6379
403 1305033542.672238    1305033542.683084    1305033542.6679
404 1305033542.707960    1305033542.715656    1305033542.7078
405 1305033542.740019    1305033542.746859    1305033542.7379
406 1305033542.771950    1305033542.784004    1305033542.7690
407 1305033542.808028    1305033542.816577    1305033542.8079
408 1305033542.839939    1305033542.845636    1305033542.8379
409 1305033542.871964    1305033542.881638    1305033542.8680
410 1305033542.908104    1305033542.917351    1305033542.9079
411 1305033542.939844    1305033542.947614    1305033542.9379
412 1305033542.971974    1305033542.983106    1305033542.9680
413 1305033543.007968    1305033543.015430    1305033543.0079
414 1305033543.039967    1305033543.049547    1305033543.0379
415 1305033543.072135    1305033543.082798    1305033543.0679
416 1305033543.107925    1305033543.114959    1305033543.1079
417 1305033543.139951    1305033543.146753    1305033543.1379
418 1305033543.172106    1305033543.184255    1305033543.1678
419 1305033543.207931    1305033543.214287    1305033543.2079
420 1305033543.240033    1305033543.248865    1305033543.2379
421 1305033543.272004    1305033543.282499    1305033543.2679
422 1305033543.308000    1305033543.316145    1305033543.3079
423 1305033543.339972    1305033543.348987    1305033543.3378
424 1305033543.371990    1305033543.382694    1305033543.3679
425 1305033543.407964    1305033543.417022    1305033543.4079
426 1305033543.440048    1305033543.446192    1305033543.4379
427 1305033543.471988    1305033543.483620    1305033543.4680
428 1305033543.507966    1305033543.516345    1305033543.5079
429 1305033543.539943    1305033543.547185    1305033543.5379
430 1305033543.572019    1305033543.582138    1305033543.5679
431 1305033543.608012    1305033543.615751    1305033543.6079
432 1305033543.640627    1305033543.649539    1305033543.6379
433 1305033543.672031    1305033543.681302    1305033543.6679
434 1305033543.707861    1305033543.716680    1305033543.7080
435 1305033543.739958    1305033543.750933    1305033543.7379
436 1305033543.771927    1305033543.783764    1305033543.7679
437 1305033543.807901    1305033543.816423    1305033543.8079
438 1305033543.840066    1305033543.850197    1305033543.8379
439 1305033543.872062    1305033543.881218    1305033543.8679
440 1305033543.907963    1305033543.914957    1305033543.9078
441 1305033543.939940    1305033543.951698    1305033543.9379
442 1305033543.971941    1305033543.981789    1305033543.9678
443 1305033544.007959    1305033544.016953    1305033544.0078
444 1305033544.039989    1305033544.050711    1305033544.0380
445 1305033544.072098    1305033544.085722    1305033544.0679
446 1305033544.107970    1305033544.116750    1305033544.1079
447 1305033544.139947    1305033544.150548    1305033544.1379
448 1305033544.172048    1305033544.181595    1305033544.1679
449 1305033544.208166    1305033544.219509    1305033544.2079
450 1305033544.239968    1305033544.250794    1305033544.2379
451 1305033544.272204    1305033544.281881    1305033544.2679
452 1305033544.307977    1305033544.316992    1305033544.3079
453 1305033544.339999    1305033544.350646    1305033544.3379
454 1305033544.372062    1305033544.382140    1305033544.3678
455 1305033544.407927    1305033544.417388    1305033544.4079
456 1305033544.439901    1305033544.449288    1305033544.4379
457 1305033544.472185    1305033544.482605    1305033544.4679
458 1305033544.507909    1305033544.516251    1305033544.5079
459 1305033544.539983    1305033544.550368    1305033544.5378
460 1305033544.572059    1305033544.582169    1305033544.5679
461 1305033544.607960    1305033544.616123    1305033544.6079
462 1305033544.640040    1305033544.650496    1305033544.6378
463 1305033544.672142    1305033544.680864    1305033544.6678
464 1305033544.708156    1305033544.713936    1305033544.7078
465 1305033544.739928    1305033544.751799    1305033544.7379
466 1305033544.772174    1305033544.784441    1305033544.7679
467 1305033544.807983    1305033544.815663    1305033544.8079
468 1305033544.840010    1305033544.850042    1305033544.8378
469 1305033544.872116    1305033544.883192    1305033544.8679
470 1305033544.907777    1305033544.919907    1305033544.9079
471 1305033544.939848    1305033544.949611    1305033544.9379
472 1305033544.971989    1305033544.982980    1305033544.9679
473 1305033545.007915    1305033545.018075    1305033545.0079
474 1305033545.040094    1305033545.050610    1305033545.0379
475 1305033545.071928    1305033545.082125    1305033545.0678
476 1305033545.108141    1305033545.118068    1305033545.1079
477 1305033545.139997    1305033545.149933    1305033545.1379
478 1305033545.172000    1305033545.180912    1305033545.1679
479 1305033545.207996    1305033545.219890    1305033545.2078
480 1305033545.240043    1305033545.250921    1305033545.2378
481 1305033545.272059    1305033545.284546    1305033545.2679
482 1305033545.308058    1305033545.319117    1305033545.3078
483 1305033545.339931    1305033545.350621    1305033545.3378
484 1305033545.372093    1305033545.383410    1305033545.3679
485 1305033545.408031    1305033545.419291    1305033545.4079
486 1305033545.440032    1305033545.450395    1305033545.4378
487 1305033545.472172    1305033545.481423    1305033545.4679
488 1305033545.508020    1305033545.521246    1305033545.5079
489 1305033545.540001    1305033545.550669    1305033545.5379
490 1305033545.572074    1305033545.582229    1305033545.5679
491 1305033545.608001    1305033545.622315    1305033545.6079
492 1305033545.640203    1305033545.649942    1305033545.6379
493 1305033545.672134    1305033545.682123    1305033545.6678
494 1305033545.708266    1305033545.717387    1305033545.7079
495 1305033545.740136    1305033545.752689    1305033545.7379
496 1305033545.771903    1305033545.781848    1305033545.7679
497 1305033545.808009    1305033545.822682    1305033545.8078
498 1305033545.840003    1305033545.854299    1305033545.8379
499 1305033545.872068    1305033545.882887    1305033545.8678
500 1305033545.907982    1305033545.920740    1305033545.9078
501 1305033545.939976    1305033545.953572    1305033545.9379
502 1305033545.972036    1305033545.981423    1305033545.9678
503 1305033546.008052    1305033546.021510    1305033546.0079
504 1305033546.039979    1305033546.053137    1305033546.0379
505 1305033546.071992    1305033546.083369    1305033546.0678
506 1305033546.107951    1305033546.119194    1305033546.1078
507 1305033546.139987    1305033546.149711    1305033546.1378
508 1305033546.172247    1305033546.187595    1305033546.1679
509 1305033546.208142    1305033546.219409    1305033546.2079
510 1305033546.240499    1305033546.252100    1305033546.2378
511 1305033546.271987    1305033546.285652    1305033546.2688
512 1305033546.308217    1305033546.318525    1305033546.3079
513 1305033546.339928    1305033546.350818    1305033546.3378
514 1305033546.372019    1305033546.385104    1305033546.3679
515 1305033546.407778    1305033546.416988    1305033546.4079
516 1305033546.439943    1305033546.451897    1305033546.4379
517 1305033546.472094    1305033546.485760    1305033546.4679
518 1305033546.507882    1305033546.520840    1305033546.5078
519 1305033546.539974    1305033546.551618    1305033546.5378
520 1305033546.572101    1305033546.585390    1305033546.5678
521 1305033546.607956    1305033546.621280    1305033546.6078
522 1305033546.640064    1305033546.650778    1305033546.6379
523 1305033546.672140    1305033546.686033    1305033546.6678
524 1305033546.707998    1305033546.721496    1305033546.7079
525 1305033546.739975    1305033546.751368    1305033546.7378
526 1305033546.771997    1305033546.785287    1305033546.7678
527 1305033546.807960    1305033546.820621    1305033546.8078
528 1305033546.839978    1305033546.851352    1305033546.8378
529 1305033546.871991    1305033546.885336    1305033546.8679
530 1305033546.907959    1305033546.921200    1305033546.9079
531 1305033546.940042    1305033546.951225    1305033546.9378
532 1305033546.972133    1305033546.987371    1305033546.9678
533 1305033547.007986    1305033547.021549    1305033547.0079
534 1305033547.039973    1305033547.051523    1305033547.0379
535 1305033547.072051    1305033547.087366    1305033547.0678
536 1305033547.107973    1305033547.120893    1305033547.1078
537 1305033547.139964    1305033547.151383    1305033547.1378
538 1305033547.171990    1305033547.185523    1305033547.1679
539 1305033547.208019    1305033547.221122    1305033547.2078
540 1305033547.240019    1305033547.250597    1305033547.2378
541 1305033547.272008    1305033547.288626    1305033547.2678
542 1305033547.307975    1305033547.321316    1305033547.3079
543 1305033547.340021    1305033547.355007    1305033547.3379
544 1305033547.372227    1305033547.385938    1305033547.3679
545 1305033547.407924    1305033547.417511    1305033547.4078
546 1305033547.440119    1305033547.456084    1305033547.4379
547 1305033547.472121    1305033547.486148    1305033547.4678
548 1305033547.508002    1305033547.518921    1305033547.5079
549 1305033547.540002    1305033547.553656    1305033547.5379
550 1305033547.571945    1305033547.586145    1305033547.5678
551 1305033547.607867    1305033547.619901    1305033547.6078
552 1305033547.639866    1305033547.654165    1305033547.6378
553 1305033547.672081    1305033547.688903    1305033547.6687
554 1305033547.707937    1305033547.719686    1305033547.7078
555 1305033547.739860    1305033547.755133    1305033547.7379
556 1305033547.771903    1305033547.788023    1305033547.7678
557 1305033547.807957    1305033547.820676    1305033547.8078
558 1305033547.839913    1305033547.855737    1305033547.8378
559 1305033547.872133    1305033547.885335    1305033547.8679
560 1305033547.907862    1305033547.920570    1305033547.9078
561 1305033547.940013    1305033547.956633    1305033547.9378
562 1305033547.972166    1305033547.985542    1305033547.9678
563 1305033548.007950    1305033548.020326    1305033548.0078
564 1305033548.040012    1305033548.056443    1305033548.0379
565 1305033548.072059    1305033548.056443    1305033548.0678
566 1305033548.107983    1305033548.116966    1305033548.1078
567 1305033548.140062    1305033548.153141    1305033548.1378
568 1305033548.172076    1305033548.186214    1305033548.1678
569 1305033548.207985    1305033548.221236    1305033548.2078
570 1305033548.239986    1305033548.254879    1305033548.2378
571 1305033548.272093    1305033548.288588    1305033548.2678
572 1305033548.308005    1305033548.320193    1305033548.3078
573 1305033548.340012    1305033548.355943    1305033548.3379
574 1305033548.371963    1305033548.387429    1305033548.3678
575 1305033548.408013    1305033548.420622    1305033548.4078
576 1305033548.439833    1305033548.455729    1305033548.4379
577 1305033548.472090    1305033548.486244    1305033548.4678
578 1305033548.507972    1305033548.520516    1305033548.5078
579 1305033548.540004    1305033548.556164    1305033548.5378
580 1305033548.572101    1305033548.587222    1305033548.5678
581 1305033548.607941    1305033548.623083    1305033548.6078
582 1305033548.639977    1305033548.653034    1305033548.6379
583 1305033548.671980    1305033548.685027    1305033548.6678
584 1305033548.708005    1305033548.722164    1305033548.7078
585 1305033548.740008    1305033548.753816    1305033548.7378
586 1305033548.772034    1305033548.788875    1305033548.7679
587 1305033548.808014    1305033548.825060    1305033548.8078
588 1305033548.839886    1305033548.825060    1305033548.8378
589 1305033548.871998    1305033548.885975    1305033548.8678
590 1305033548.907968    1305033548.923151    1305033548.9079
591 1305033548.939893    1305033548.923151    1305033548.9379
592 1305033548.972156    1305033548.986320    1305033548.9677
593 1305033549.008413    1305033549.022014    1305033549.0078
594 1305033549.040009    1305033549.055821    1305033549.0378
595 1305033549.071865    1305033549.055821    1305033549.0678
596 1305033549.108050    1305033549.123218    1305033549.1078
597 1305033549.140011    1305033549.156024    1305033549.1378
598 1305033549.171994    1305033549.185212    1305033549.1678
599 1305033549.207991    1305033549.221649    1305033549.2078
600 1305033549.240017    1305033549.254395    1305033549.2378
601 1305033549.271996    1305033549.285602    1305033549.2678
602 1305033549.307930    1305033549.321001    1305033549.3077
603 1305033549.339824    1305033549.353010    1305033549.3378
604 1305033549.371997    1305033549.385421    1305033549.3678
605 1305033549.407979    1305033549.424022    1305033549.4078
606 1305033549.440046    1305033549.454879    1305033549.4378
607 1305033549.471996    1305033549.486035    1305033549.4678
608 1305033549.507981    1305033549.523837    1305033549.5079
609 1305033549.540005    1305033549.554819    1305033549.5377
610 1305033549.572036    1305033549.585164    1305033549.5678
611 1305033549.607937    1305033549.624488    1305033549.6078
612 1305033549.640078    1305033549.653851    1305033549.6378
613 1305033549.672038    1305033549.684986    1305033549.6678
614 1305033549.707960    1305033549.722394    1305033549.7077
615 1305033549.739984    1305033549.752786    1305033549.7377
616 1305033549.772049    1305033549.788755    1305033549.7679
617 1305033549.807960    1305033549.823491    1305033549.8077
618 1305033549.839997    1305033549.852907    1305033549.8383
619 1305033549.871994    1305033549.889095    1305033549.8678
620 1305033549.907983    1305033549.921003    1305033549.9077
621 1305033549.939937    1305033549.952972    1305033549.9378
622 1305033549.971986    1305033549.989146    1305033549.9678
623 1305033550.007990    1305033550.020983    1305033550.0078
624 1305033550.040088    1305033550.052945    1305033550.0378
625 1305033550.072003    1305033550.090333    1305033550.0678
626 1305033550.107986    1305033550.120911    1305033550.1078
627 1305033550.139999    1305033550.154259    1305033550.1378
628 1305033550.172048    1305033550.154259    1305033550.1678
629 1305033550.207965    1305033550.223858    1305033550.2078
630 1305033550.240031    1305033550.252932    1305033550.2378
631 1305033550.271999    1305033550.289321    1305033550.2677
632 1305033550.307969    1305033550.321228    1305033550.3078
633 1305033550.339999    1305033550.353084    1305033550.3377
634 1305033550.372042    1305033550.353084    1305033550.3678
635 1305033550.407993    1305033550.422514    1305033550.4078
636 1305033550.439998    1305033550.452924    1305033550.4378
637 1305033550.471998    1305033550.489866    1305033550.4678
638 1305033550.507974    1305033550.524358    1305033550.5078
639 1305033550.540052    1305033550.553051    1305033550.5378
640 1305033550.572006    1305033550.589688    1305033550.5678
641 1305033550.608021    1305033550.623381    1305033550.6078
642 1305033550.640049    1305033550.652947    1305033550.6378
643 1305033550.671947    1305033550.652947    1305033550.6677
644 1305033550.708008    1305033550.692709    1305033550.7078
645 1305033550.739973    1305033550.752939    1305033550.7378
646 1305033550.940002    1305033550.924079    1305033550.9377
647 1305033551.071927    1305033551.056374    1305033551.0679
648 1305033551.107954    1305033551.122045    1305033551.1078
649 1305033551.139974    1305033551.122045    1305033551.1378
650 1305033551.172173    1305033551.158727    1305033551.1678
651 1305033551.208178    1305033551.222081    1305033551.2077
652 1305033551.239972    1305033551.257756    1305033551.2378
653 1305033551.272480    1305033551.257756    1305033551.2679
654 1305033551.307992    1305033551.291995    1305033551.3077
655 1305033551.339823    1305033551.324626    1305033551.3378
656 1305033551.372201    1305033551.360849    1305033551.3677
657 1305033551.407983    1305033551.424608    1305033551.4077
658 1305033551.440025    1305033551.424608    1305033551.4377
659 1305033551.471981    1305033551.460618    1305033551.4677
660 1305033551.508090    1305033551.524873    1305033551.5077
661 1305033551.539849    1305033551.524873    1305033551.5378
662 1305033551.572013    1305033551.559711    1305033551.5677
663 1305033551.607863    1305033551.622942    1305033551.6078
664 1305033551.640054    1305033551.622942    1305033551.6378
665 1305033551.672323    1305033551.657233    1305033551.6677
666 1305033551.708185    1305033551.723768    1305033551.7077
667 1305033551.740243    1305033551.756678    1305033551.7378
668 1305033551.775847    1305033551.788826    1305033551.7778
669 1305033551.808034    1305033551.823004    1305033551.8078
670 1305033551.840134    1305033551.856726    1305033551.8378
671 1305033551.875927    1305033551.889049    1305033551.8778
672 1305033551.908206    1305033551.921172    1305033551.9077
673 1305033551.940355    1305033551.959220    1305033551.9377
674 1305033551.975963    1305033551.990289    1305033551.9778
675 1305033552.007946    1305033552.021731    1305033552.0078
676 1305033552.040170    1305033552.021731    1305033552.0177
677 1305033553.240046    1305033553.260273    1305033553.2377
678 1305033553.275904    1305033553.260273    1305033553.2777
679 1305033553.307809    1305033553.292530    1305033553.3077
680 1305033553.340015    1305033553.326872    1305033553.3377
681 1305033553.375997    1305033553.392318    1305033553.3777
682 1305033553.407850    1305033553.392318    1305033553.4078
683 1305033553.440081    1305033553.428149    1305033553.4378
684 1305033553.475869    1305033553.491606    1305033553.4778
685 1305033553.507984    1305033553.491606    1305033553.5078
686 1305033553.540018    1305033553.526818    1305033553.5378
687 1305033553.576021    1305033553.559960    1305033553.5778
688 1305033553.607952    1305033553.596407    1305033553.6077
689 1305033553.639906    1305033553.626924    1305033553.6377
690 1305033553.676166    1305033553.693077    1305033553.6778
691 1305033553.707981    1305033553.693077    1305033553.7077
692 1305033553.740026    1305033553.725464    1305033553.7381
693 1305033553.775868    1305033553.759792    1305033553.7780
694 1305033553.807988    1305033553.793111    1305033553.8078
695 1305033553.839976    1305033553.825122    1305033553.8378
696 1305033553.875967    1305033553.893428    1305033553.8778
697 1305033553.907991    1305033553.893428    1305033553.9077
698 1305033553.940005    1305033553.924937    1305033553.9379
699 1305033553.975991    1305033553.993024    1305033553.9778
700 1305033554.007993    1305033553.993024    1305033554.0078
701 1305033554.040034    1305033554.024997    1305033554.0378
702 1305033554.076023    1305033554.057440    1305033554.0777
703 1305033554.108000    1305033554.095400    1305033554.1087
704 1305033554.140044    1305033554.124956    1305033554.1377
705 1305033554.176007    1305033554.193722    1305033554.1777
706 1305033554.208055    1305033554.193722    1305033554.2077
707 1305033554.240172    1305033554.224975    1305033554.2378
708 1305033554.276067    1305033554.292986    1305033554.2778
709 1305033554.308153    1305033554.292986    1305033554.3077
710 1305033554.340248    1305033554.324909    1305033554.3378
711 1305033554.375987    1305033554.395002    1305033554.3777
712 1305033554.407990    1305033554.395002    1305033554.4078
713 1305033554.440087    1305033554.424987    1305033554.4377
714 1305033554.476213    1305033554.493958    1305033554.4777
715 1305033554.508046    1305033554.493958    1305033554.5078
716 1305033554.540140    1305033554.524948    1305033554.5378
717 1305033554.576065    1305033554.593108    1305033554.5778
718 1305033554.608016    1305033554.593108    1305033554.6077
719 1305033554.639905    1305033554.625046    1305033554.6377
720 1305033554.676230    1305033554.694330    1305033554.6777
721 1305033554.708025    1305033554.694330    1305033554.7085
722 1305033554.740334    1305033554.724966    1305033554.7378
723 1305033554.776018    1305033554.794129    1305033554.7778
724 1305033554.807959    1305033554.794129    1305033554.8078
725 1305033554.840166    1305033554.825095    1305033554.8378
726 1305033554.875815    1305033554.861108    1305033554.8778
727 1305033554.907959    1305033554.893015    1305033554.9077
728 1305033554.940186    1305033554.926641    1305033554.9377
729 1305033554.975951    1305033554.962918    1305033554.9777
730 1305033555.007831    1305033554.994504    1305033555.0077
731 1305033555.039870    1305033555.025326    1305033555.0376
732 1305033555.075830    1305033555.062392    1305033555.0777
733 1305033555.107911    1305033555.093762    1305033555.1077
734 1305033555.139873    1305033555.126586    1305033555.1377
735 1305033555.175848    1305033555.162970    1305033555.1777
736 1305033555.211406    1305033555.204278    1305033555.2077
737 1305033555.275906    1305033555.262309    1305033555.2777
738 1305033555.307889    1305033555.293555    1305033555.3077
739 1305033555.340024    1305033555.326843    1305033555.3377
740 1305033555.376127    1305033555.362691    1305033555.3777
741 1305033555.407926    1305033555.394389    1305033555.4077
742 1305033555.439798    1305033555.428219    1305033555.4377
743 1305033555.475830    1305033555.461031    1305033555.4777
744 1305033555.508054    1305033555.493417    1305033555.5076
745 1305033555.540167    1305033555.526092    1305033555.5377
746 1305033555.576015    1305033555.564451    1305033555.5777
747 1305033555.607900    1305033555.595839    1305033555.6077
748 1305033555.640030    1305033555.628629    1305033555.6377
749 1305033555.676147    1305033555.665442    1305033555.6778
750 1305033555.707999    1305033555.693217    1305033555.7077
751 1305033555.740085    1305033555.728310    1305033555.7377
752 1305033555.776007    1305033555.761242    1305033555.7778
753 1305033555.808005    1305033555.793002    1305033555.8080
754 1305033555.839877    1305033555.825743    1305033555.8377
755 1305033555.876037    1305033555.862758    1305033555.8777
756 1305033555.908152    1305033555.894806    1305033555.9078
757 1305033555.940117    1305033555.927546    1305033555.9377
758 1305033556.040213    1305033556.063252    1305033556.0377
759 1305033556.076013    1305033556.063252    1305033556.0778
760 1305033556.108101    1305033556.093748    1305033556.1077
761 1305033556.140060    1305033556.129228    1305033556.1377
762 1305033556.176122    1305033556.161177    1305033556.1777
763 1305033556.207982    1305033556.193135    1305033556.2077
764 1305033556.239930    1305033556.230434    1305033556.2377
765 1305033556.275993    1305033556.261369    1305033556.2778
766 1305033556.307938    1305033556.293171    1305033556.3077
767 1305033556.340038    1305033556.330690    1305033556.3377
768 1305033556.375886    1305033556.363758    1305033556.3777
769 1305033556.407971    1305033556.394910    1305033556.4077
770 1305033556.439968    1305033556.431878    1305033556.4377
771 1305033556.475859    1305033556.462098    1305033556.4777
772 1305033556.507904    1305033556.495112    1305033556.5078
773 1305033556.540025    1305033556.531820    1305033556.5377
774 1305033556.575852    1305033556.565253    1305033556.5777
775 1305033556.607872    1305033556.593982    1305033556.6077
776 1305033556.640041    1305033556.632677    1305033556.6377
777 1305033556.675955    1305033556.662092    1305033556.6777
778 1305033556.707983    1305033556.693407    1305033556.7076
779 1305033556.739980    1305033556.729727    1305033556.7377
780 1305033556.775974    1305033556.761270    1305033556.7777
781 1305033556.808045    1305033556.793342    1305033556.8077
782 1305033556.839919    1305033556.830615    1305033556.8377
783 1305033556.876019    1305033556.861723    1305033556.8777
784 1305033556.907887    1305033556.896027    1305033556.9077
785 1305033556.939975    1305033556.930665    1305033556.9377
786 1305033556.975893    1305033556.964127    1305033556.9777
787 1305033557.007877    1305033556.994844    1305033557.0077
788 1305033557.040035    1305033557.029527    1305033557.0377
789 1305033557.075946    1305033557.062126    1305033557.0777
790 1305033557.207975    1305033557.193065    1305033557.2077
791 1305033557.240012    1305033557.231612    1305033557.2377
792 1305033557.276050    1305033557.264927    1305033557.2777
793 1305033557.307889    1305033557.297750    1305033557.3077
794 1305033557.340045    1305033557.330172    1305033557.3377
795 1305033557.376086    1305033557.361868    1305033557.3776
796 1305033557.408418    1305033557.398278    1305033557.4077
797 1305033557.440158    1305033557.430151    1305033557.4376
798 1305033557.476007    1305033557.462405    1305033557.4777
799 1305033557.508957    1305033557.500810    1305033557.5077
800 1305033557.576011    1305033557.562807    1305033557.5778
801 1305033557.608076    1305033557.600708    1305033557.6076
802 1305033557.640067    1305033557.633277    1305033557.6377
803 1305033557.675921    1305033557.662130    1305033557.6777
804 1305033557.708017    1305033557.698261    1305033557.7077
805 1305033557.739934    1305033557.730574    1305033557.7377
806 1305033557.775894    1305033557.765129    1305033557.7777
807 1305033557.807892    1305033557.798101    1305033557.8077
808 1305033557.839884    1305033557.831869    1305033557.8377
809 1305033557.875991    1305033557.861116    1305033557.8777
810 1305033557.908090    1305033557.897312    1305033557.9077
811 1305033557.940084    1305033557.928981    1305033557.9377
812 1305033557.976015    1305033557.960930    1305033557.9777
813 1305033558.008091    1305033557.999355    1305033558.0077
814 1305033558.039892    1305033558.031759    1305033558.0377
815 1305033558.075872    1305033558.061119    1305033558.0777
816 1305033558.108007    1305033558.099317    1305033558.1077
817 1305033558.139983    1305033558.129000    1305033558.1377
818 1305033558.175960    1305033558.166137    1305033558.1777
819 1305033558.207949    1305033558.198779    1305033558.1977
820 1305033558.576013    1305033558.568317    1305033558.5777
821 1305033558.608046    1305033558.599088    1305033558.6077
822 1305033558.640092    1305033558.630839    1305033558.6377
823 1305033558.676023    1305033558.666892    1305033558.6777
824 1305033558.708030    1305033558.697107    1305033558.7077
825 1305033558.740101    1305033558.730874    1305033558.7377
826 1305033558.776017    1305033558.768105    1305033558.7777
827 1305033558.807983    1305033558.799259    1305033558.8077
828 1305033558.839871    1305033558.832395    1305033558.8376
829 1305033558.876551    1305033558.868299    1305033558.8776
830 1305033558.908105    1305033558.897853    1305033558.9077
831 1305033558.939967    1305033558.930522    1305033558.9376
832 1305033558.976272    1305033558.968227    1305033558.9777
833 1305033559.008000    1305033558.997764    1305033559.0077
834 1305033559.040382    1305033559.029784    1305033559.0377
835 1305033559.076769    1305033559.069319    1305033559.0777
836 1305033559.109646    1305033559.101802    1305033559.1076
837 1305033559.175997    1305033559.169482    1305033559.1677
838 1305033559.208040    1305033559.201213    1305033559.1677
839 1305033559.239863    1305033559.233404    1305033559.1677
840 1305033559.776011    1305033559.798556    1305033559.7776
841 1305033559.808038    1305033559.798556    1305033559.8076
842 1305033559.840057    1305033559.835895    1305033559.8376
843 1305033559.875882    1305033559.867752    1305033559.8776
844 1305033559.908073    1305033559.901399    1305033559.9076
845 1305033559.940079    1305033559.935668    1305033559.9377
846 1305033559.976033    1305033559.969068    1305033559.9777
847 1305033560.008053    1305033559.997221    1305033560.0076
848 1305033560.040022    1305033560.036150    1305033560.0377
849 1305033560.076066    1305033560.066334    1305033560.0777
850 1305033560.107878    1305033560.098970    1305033560.1077
851 1305033560.139985    1305033560.134570    1305033560.1376
852 1305033560.175953    1305033560.166786    1305033560.1478
853 1305033560.207885    1305033560.198459    1305033560.2276
854 1305033560.240149    1305033560.234202    1305033560.2376
855 1305033560.275875    1305033560.265599    1305033560.2776
856 1305033560.308068    1305033560.297871    1305033560.3077
857 1305033560.340794    1305033560.335934    1305033560.3176
858 1305033560.376140    1305033560.365215    1305033560.3176
859 1305033560.608124    1305033560.600721    1305033560.6576
860 1305033560.640091    1305033560.634755    1305033560.6576
861 1305033560.676024    1305033560.668792    1305033560.6777
862 1305033560.708282    1305033560.701314    1305033560.7076
863 1305033560.740039    1305033560.736903    1305033560.7376
864 1305033560.776130    1305033560.769401    1305033560.7776
865 1305033560.808007    1305033560.799668    1305033560.8076
866 1305033560.840109    1305033560.836429    1305033560.8376
867 1305033561.075981    1305033561.067186    1305033561.0577
868 1305033561.108011    1305033561.067186    1305033561.1476
869 1305033561.175991    1305033561.169520    1305033561.1776
870 1305033561.207947    1305033561.205400    1305033561.2076
871 1305033561.244096    1305033561.237441    1305033561.2476
872 1305033561.276018    1305033561.269472    1305033561.2776
873 1305033561.308038    1305033561.304196    1305033561.3076
874 1305033561.344315    1305033561.333366    1305033561.3476
875 1305033561.376023    1305033561.365988    1305033561.3777
876 1305033561.408071    1305033561.401980    1305033561.4076
877 1305033561.444167    1305033561.433604    1305033561.4476
878 1305033561.475883    1305033561.468494    1305033561.4777
879 1305033561.508997    1305033561.502382    1305033561.5076
880 1305033561.544443    1305033561.536246    1305033561.5476
881 1305033561.576172    1305033561.569702    1305033561.5776
882 1305033561.608228    1305033561.605638    1305033561.6078
883 1305033561.643844    1305033561.633295    1305033561.6476
884 1305033561.676177    1305033561.666476    1305033561.6777
885 1305033561.708201    1305033561.704529    1305033561.7076
886 1305033561.744331    1305033561.737139    1305033561.7476
887 1305033561.776130    1305033561.765183    1305033561.7777
888 1305033561.808115    1305033561.801147    1305033561.8076
889 1305033561.843975    1305033561.832886    1305033561.8477
890 1305033561.876180    1305033561.865510    1305033561.8775
891 1305033561.908054    1305033561.901155    1305033561.9076
892 1305033561.944175    1305033561.932986    1305033561.9476
893 1305033561.976031    1305033561.965102    1305033561.9776
894 1305033562.008340    1305033562.001400    1305033562.0077
895 1305033562.043859    1305033562.036433    1305033562.0377
896 1305033562.408174    1305033562.437155    1305033562.4076
897 1305033562.444037    1305033562.437155    1305033562.4476
898 1305033562.476159    1305033562.472866    1305033562.4776
899 1305033562.508226    1305033562.505111    1305033562.5076
900 1305033562.544074    1305033562.536758    1305033562.5476
901 1305033562.575998    1305033562.570679    1305033562.5776
902 1305033562.608172    1305033562.605200    1305033562.6076
903 1305033562.643989    1305033562.633315    1305033562.6477
904 1305033562.676123    1305033562.671759    1305033562.6776
905 1305033562.709353    1305033562.702434    1305033562.7076
906 1305033562.744034    1305033562.735233    1305033562.7477
907 1305033562.775949    1305033562.773041    1305033562.7776
908 1305033562.808427    1305033562.802681    1305033562.8076
909 1305033562.844181    1305033562.835338    1305033562.8476
910 1305033562.876076    1305033562.870024    1305033562.8777
911 1305033562.907918    1305033562.901883    1305033562.9076
912 1305033562.943995    1305033562.934803    1305033562.9476
913 1305033562.975904    1305033562.968769    1305033562.9777
914 1305033563.008047    1305033563.001076    1305033563.0077
915 1305033563.044010    1305033563.034865    1305033563.0476
916 1305033563.075836    1305033563.069014    1305033563.0776
917 1305033563.108021    1305033563.100982    1305033563.1076
918 1305033563.143880    1305033563.132963    1305033563.1477
919 1305033563.175944    1305033563.172106    1305033563.1776
920 1305033563.208079    1305033563.201659    1305033563.2076
921 1305033563.243967    1305033563.235656    1305033563.2476
922 1305033563.276048    1305033563.270699    1305033563.2776
923 1305033563.308045    1305033563.305315    1305033563.3076
924 1305033563.343985    1305033563.335985    1305033563.3476
925 1305033563.376120    1305033563.370537    1305033563.3776
926 1305033563.407992    1305033563.405111    1305033563.4076
927 1305033563.443962    1305033563.435855    1305033563.4476
928 1305033563.475960    1305033563.472965    1305033563.4476
929 1305033564.807990    1305033564.806879    1305033564.8076
930 1305033564.843978    1305033564.841422    1305033564.8475
931 1305033564.876058    1305033564.869046    1305033564.8775
932 1305033564.908057    1305033564.904961    1305033564.9076
933 1305033564.943990    1305033564.941496    1305033564.9476
934 1305033564.976037    1305033564.973546    1305033564.9776
935 1305033565.007938    1305033565.007707    1305033565.0076
936 1305033565.043917    1305033565.041356    1305033565.0475
937 1305033565.075900    1305033565.073506    1305033565.0776
938 1305033565.107859    1305033565.106772    1305033565.1075
939 1305033565.143987    1305033565.137751    1305033565.1475
940 1305033565.175900    1305033565.170156    1305033565.1776
941 1305033565.207978    1305033565.206695    1305033565.2075
942 1305033565.244953    1305033565.238703    1305033565.2475
943 1305033565.276356    1305033565.272617    1305033565.2776
944 1305033565.307938    1305033565.309549    1305033565.3076
945 1305033565.344987    1305033565.338281    1305033565.3476
946 1305033565.376574    1305033565.370376    1305033565.3776
947 1305033565.407876    1305033565.406374    1305033565.4075
948 1305033565.444289    1305033565.438541    1305033565.4475
949 1305033565.476053    1305033565.471985    1305033565.4775
950 1305033565.507905    1305033565.506887    1305033565.5076
951 1305033565.544077    1305033565.539689    1305033565.5476
952 1305033565.575975    1305033565.573247    1305033565.5776
953 1305033565.608072    1305033565.605615    1305033565.6076
954 1305033565.644233    1305033565.637259    1305033565.6475
955 1305033565.676064    1305033565.672645    1305033565.6776
956 1305033565.709168    1305033565.709177    1305033565.7076
957 1305033565.744012    1305033565.741176    1305033565.7476
958 1305033565.776028    1305033565.772642    1305033565.7776
959 1305033565.808428    1305033565.808444    1305033565.8076
960 1305033565.844025    1305033565.841243    1305033565.8476
961 1305033565.875917    1305033565.873353    1305033565.8776
962 1305033565.907964    1305033565.907730    1305033565.9076
963 1305033565.944075    1305033565.940786    1305033565.9475
964 1305033565.975828    1305033565.975108    1305033565.9776
965 1305033566.007890    1305033566.006855    1305033566.0076
966 1305033566.043973    1305033566.041284    1305033566.0475
967 1305033566.075880    1305033566.075495    1305033566.0776
968 1305033566.107858    1305033566.107415    1305033566.1076
969 1305033566.143991    1305033566.139300    1305033566.1476
970 1305033566.177030    1305033566.177038    1305033566.1777
971 1305033566.244046    1305033566.241040    1305033566.2475
972 1305033566.276005    1305033566.276038    1305033566.2776
973 1305033566.307956    1305033566.307172    1305033566.3075
974 1305033566.344211    1305033566.339771    1305033566.3475
975 1305033566.375967    1305033566.374952    1305033566.3776
976 1305033566.408257    1305033566.408298    1305033566.4075
977 1305033566.443910    1305033566.436963    1305033566.4476
978 1305033566.476031    1305033566.472940    1305033566.4776
979 1305033566.508093    1305033566.504879    1305033566.5076
980 1305033566.544036    1305033566.538304    1305033566.5476
981 1305033566.576146    1305033566.573823    1305033566.5776
982 1305033566.608193    1305033566.605653    1305033566.6076
983 1305033566.644800    1305033566.639221    1305033566.6476
984 1305033566.707980    1305033566.705108    1305033566.7076
985 1305033566.743879    1305033566.740352    1305033566.7475
986 1305033566.775928    1305033566.773388    1305033566.7775
987 1305033566.816360    1305033566.806213    1305033566.8176
988 1305033566.876228    1305033566.873011    1305033566.8776
989 1305033566.907957    1305033566.905668    1305033566.9076
990 1305033566.944007    1305033566.939215    1305033566.9475
991 1305033566.975857    1305033566.975048    1305033566.9776
992 1305033567.007985    1305033567.005496    1305033567.0075
993 1305033567.043993    1305033567.039874    1305033567.0476
994 1305033567.076392    1305033567.076413    1305033567.0775
995 1305033567.108916    1305033567.108932    1305033567.1076
996 1305033567.143957    1305033567.140862    1305033567.1476
997 1305033567.177099    1305033567.177119    1305033567.1775
998 1305033567.244018    1305033567.241291    1305033567.2476
999 1305033567.275924    1305033567.275125    1305033567.2775
1000 1305033567.308112    1305033567.304888    1305033567.3075
1001 1305033567.343978    1305033567.341130    1305033567.3475
1002 1305033567.375907    1305033567.373209    1305033567.3776
1003 1305033567.408015    1305033567.405173    1305033567.4075
1004 1305033567.443932    1305033567.441194    1305033567.4476
1005 1305033567.476034    1305033567.473031    1305033567.4775
1006 1305033567.507956    1305033567.505132    1305033567.5076
1007 1305033567.544077    1305033567.541172    1305033567.5476
1008 1305033567.576039    1305033567.573100    1305033567.5776
1009 1305033567.608081    1305033567.605004    1305033567.6075
1010 1305033567.643848    1305033567.641180    1305033567.6476
1011 1305033567.676067    1305033567.673093    1305033567.6775
1012 1305033567.708106    1305033567.705006    1305033567.7076
1013 1305033567.743852    1305033567.741273    1305033567.7475
1014 1305033567.776100    1305033567.773082    1305033567.7775
1015 1305033567.807986    1305033567.805453    1305033567.8076
1016 1305033567.843855    1305033567.843409    1305033567.8475
1017 1305033567.876013    1305033567.872971    1305033567.8775
1018 1305033567.907933    1305033567.904912    1305033567.9075
1019 1305033567.944056    1305033567.943039    1305033567.9475
1020 1305033567.975900    1305033567.975176    1305033567.9775
1021 1305033568.007973    1305033568.005812    1305033568.0075
1022 1305033568.044690    1305033568.044696    1305033568.0476
1023 1305033568.076513    1305033568.076522    1305033568.0775
1024 1305033568.107876    1305033568.107380    1305033568.1075
1025 1305033568.144795    1305033568.144816    1305033568.1475
1026 1305033568.208754    1305033568.208773    1305033568.2076
1027 1305033568.244908    1305033568.244925    1305033568.2476
1028 1305033568.276767    1305033568.276797    1305033568.2776
1029 1305033568.308997    1305033568.309104    1305033568.3076
1030 1305033568.344489    1305033568.344501    1305033568.3475
1031 1305033568.376267    1305033568.376344    1305033568.3775
1032 1305033568.408097    1305033568.408119    1305033568.4075
1033 1305033568.443929    1305033568.443133    1305033568.4475
1034 1305033568.477600    1305033568.475416    1305033568.4776
1035 1305033568.510550    1305033568.510568    1305033568.5076
1036 1305033568.544550    1305033568.544555    1305033568.5475
1037 1305033568.577212    1305033568.577252    1305033568.5776
1038 1305033568.612362    1305033568.612382    1305033568.6075
1039 1305033568.645039    1305033568.645104    1305033568.6275
1040 1305033568.676708    1305033568.645104    1305033568.6776
1041 1305033568.712397    1305033568.712434    1305033568.7075
1042 1305033568.844116    1305033568.843449    1305033568.8475
1043 1305033568.875957    1305033568.875396    1305033568.8775
1044 1305033568.912608    1305033568.912623    1305033568.9176
1045 1305033568.945160    1305033568.945198    1305033568.9479
1046 1305033569.010126    1305033569.010141    1305033569.0075
1047 1305033569.044016    1305033569.041881    1305033569.0475
1048 1305033569.910415    1305033569.910429    1305033569.9079
1049 1305033569.944825    1305033569.944835    1305033569.9480
1050 1305033569.981683    1305033569.981702    1305033569.9780
1051 1305033570.045352    1305033570.045364    1305033570.0480
1052 1305033570.081550    1305033570.081566    1305033570.0780
1053 1305033570.145930    1305033570.145980    1305033570.1480
1054 1305033570.181417    1305033570.181425    1305033570.1780
1055 1305033570.244500    1305033570.244157    1305033570.2481
1056 1305033570.281942    1305033570.281956    1305033570.2781
1057 1305033570.344476    1305033570.343943    1305033570.3481
1058 1305033570.380955    1305033570.380973    1305033570.3781
1059 1305033570.413394    1305033570.413407    1305033570.4182
1060 1305033570.481286    1305033570.481292    1305033570.4782
1061 1305033570.513265    1305033570.513272    1305033570.5182
1062 1305033570.545143    1305033570.545195    1305033570.5482
1063 1305033570.580146    1305033570.580155    1305033570.5783
1064 1305033570.615301    1305033570.610678    1305033570.6182
1065 1305033570.678624    1305033570.678636    1305033570.6783
1066 1305033570.712814    1305033570.710650    1305033570.7083
1067 1305033570.744521    1305033570.743468    1305033570.7482
1068 1305033570.777858    1305033570.777871    1305033570.7787
1069 1305033570.812774    1305033570.810331    1305033570.8082
1070 1305033570.844872    1305033570.844878    1305033570.8484
1071 1305033570.881245    1305033570.881256    1305033570.8783
1072 1305033570.912861    1305033570.910705    1305033570.9082
1073 1305033570.949082    1305033570.949100    1305033570.9484
1074 1305033570.980633    1305033570.980688    1305033570.9784
1075 1305033571.012823    1305033571.009963    1305033571.0084
1076 1305033571.046470    1305033571.046538    1305033571.0484
1077 1305033571.077804    1305033571.077827    1305033571.0784
1078 1305033571.112750    1305033571.109968    1305033571.1083
1079 1305033571.147699    1305033571.147863    1305033571.1484
1080 1305033571.212793    1305033571.209980    1305033571.2083
1081 1305033571.246885    1305033571.246912    1305033571.2484
1082 1305033571.312823    1305033571.310040    1305033571.3083
1083 1305033571.345834    1305033571.345869    1305033571.3484
1084 1305033571.377888    1305033571.377897    1305033571.3784
1085 1305033571.412844    1305033571.410426    1305033571.4083
1086 1305033571.446208    1305033571.446214    1305033571.4487
1087 1305033571.479710    1305033571.479716    1305033571.4784
1088 1305033571.513549    1305033571.509941    1305033571.5185
1089 1305033571.546864    1305033571.546871    1305033571.5484
1090 1305033571.612861    1305033571.610137    1305033571.6085
1091 1305033571.646122    1305033571.646126    1305033571.6484
1092 1305033571.678644    1305033571.678650    1305033571.6783
1093 1305033571.712930    1305033571.712948    1305033571.7084
1094 1305033571.747705    1305033571.747712    1305033571.7483
1095 1305033571.780914    1305033571.780930    1305033571.7783
1096 1305033571.812886    1305033571.811565    1305033571.8083
1097 1305033571.848721    1305033571.848730    1305033571.8484
1098 1305033571.914169    1305033571.910885    1305033571.9184
1099 1305033571.947545    1305033571.947553    1305033571.9484
1100 1305033571.978987    1305033571.978993    1305033571.9784
1101 1305033572.013000    1305033572.010917    1305033572.0084
1102 1305033572.050296    1305033572.050317    1305033572.0483
1103 1305033572.112772    1305033572.111825    1305033572.1084
1104 1305033572.148148    1305033572.148162    1305033572.1483
1105 1305033572.182204    1305033572.182214    1305033572.1783
1106 1305033572.217214    1305033572.217224    1305033572.2183
1107 1305033572.250147    1305033572.250165    1305033572.2483
1108 1305033572.317979    1305033572.317992    1305033572.3184
1109 1305033572.350195    1305033572.350211    1305033572.3484
1110 1305033572.418248    1305033572.418398    1305033572.4183
1111 1305033572.450332    1305033572.450368    1305033572.4483
1112 1305033572.482121    1305033572.482144    1305033572.4784
1113 1305033572.517832    1305033572.517856    1305033572.5184
1114 1305033572.550497    1305033572.550526    1305033572.5483
1115 1305033572.582154    1305033572.582170    1305033572.5784
1116 1305033572.616679    1305033572.616706    1305033572.6185
1117 1305033572.650227    1305033572.650259    1305033572.6484
1118 1305033572.718259    1305033572.718278    1305033572.7183
1119 1305033572.750166    1305033572.750185    1305033572.7484
1120 1305033572.816626    1305033572.816658    1305033572.8183
1121 1305033572.879279    1305033572.879289    1305033572.8783
1122 1305033572.915303    1305033572.915310    1305033572.9183
1123 1305033572.951889    1305033572.951900    1305033572.9484
1124 1305033573.015418    1305033573.015430    1305033573.0183
1125 1305033573.047134    1305033573.047142    1305033573.0483
1126 1305033573.080129    1305033573.080148    1305033573.0783
1127 1305033573.115331    1305033573.115408    1305033573.1183
1128 1305033573.177561    1305033573.177570    1305033573.1784
1129 1305033573.215744    1305033573.215752    1305033573.2184
1130 1305033573.277720    1305033573.277747    1305033573.2784
1131 1305033573.314326    1305033573.314332    1305033573.3183
1132 1305033573.346701    1305033573.346713    1305033573.3483
1133 1305033573.379447    1305033573.379492    1305033573.3783
1134 1305033573.413474    1305033573.413481    1305033573.4183
1135 1305033573.445596    1305033573.445606    1305033573.4483
1136 1305033573.515495    1305033573.515500    1305033573.5183
1137 1305033573.546940    1305033573.546983    1305033573.5483
1138 1305033573.612730    1305033573.612739    1305033573.6084
1139 1305033573.644868    1305033573.644895    1305033573.6483
1140 1305033573.676915    1305033573.681989    1305033573.6783
1141 1305033573.712811    1305033573.712824    1305033573.7083
1142 1305033573.746552    1305033573.746588    1305033573.7483
1143 1305033573.812929    1305033573.812935    1305033573.8084
1144 1305033573.847555    1305033573.847565    1305033573.8483
1145 1305033573.915599    1305033573.915613    1305033573.9183
1146 1305033573.977056    1305033573.982087    1305033573.9784
1147 1305033574.013914    1305033574.013687    1305033574.0182
