freiburg1_plant
image      depth      pose
0 1305032353.993165    1305032354.009456    1305032353.9895
1 1305032354.025237    1305032354.009456    1305032354.0296
2 1305032354.057249    1305032354.045335    1305032354.0596
3 1305032354.093194    1305032354.076940    1305032354.0896
4 1305032354.125261    1305032354.109860    1305032354.1296
5 1305032354.157308    1305032354.145200    1305032354.1597
6 1305032354.193245    1305032354.177151    1305032354.1897
7 1305032354.225326    1305032354.209651    1305032354.2297
8 1305032354.257317    1305032354.244910    1305032354.2597
9 1305032354.293299    1305032354.277122    1305032354.2897
10 1305032354.325326    1305032354.309733    1305032354.3297
11 1305032354.357420    1305032354.345124    1305032354.3597
12 1305032354.394078    1305032354.407556    1305032354.3897
13 1305032354.425381    1305032354.407556    1305032354.4298
14 1305032354.457427    1305032354.445200    1305032354.4598
15 1305032354.493265    1305032354.477221    1305032354.4898
16 1305032354.525430    1305032354.510161    1305032354.5298
17 1305032354.557471    1305032354.545622    1305032354.5598
18 1305032354.593446    1305032354.577445    1305032354.5898
19 1305032354.625455    1305032354.610249    1305032354.6299
20 1305032354.657511    1305032354.645613    1305032354.6607
21 1305032354.693491    1305032354.677651    1305032354.6899
22 1305032354.725481    1305032354.709984    1305032354.7299
23 1305032354.757506    1305032354.745813    1305032354.7600
24 1305032354.793541    1305032354.777561    1305032354.7899
25 1305032354.825638    1305032354.813526    1305032354.8299
26 1305032354.857806    1305032354.845896    1305032354.8600
27 1305032354.893584    1305032354.877727    1305032354.8900
28 1305032354.925606    1305032354.913596    1305032354.9301
29 1305032354.957696    1305032354.946029    1305032354.9603
30 1305032354.993644    1305032354.977691    1305032354.9900
31 1305032355.025740    1305032355.013557    1305032355.0301
32 1305032355.057739    1305032355.045678    1305032355.0605
33 1305032355.093693    1305032355.077711    1305032355.0901
34 1305032355.126036    1305032355.113721    1305032355.1301
35 1305032355.157776    1305032355.145771    1305032355.1601
36 1305032355.193731    1305032355.177863    1305032355.1901
37 1305032355.226048    1305032355.213995    1305032355.2301
38 1305032355.258300    1305032355.246379    1305032355.2601
39 1305032355.293834    1305032355.278991    1305032355.2903
40 1305032355.325951    1305032355.312689    1305032355.3301
41 1305032355.357924    1305032355.347016    1305032355.3602
42 1305032355.393862    1305032355.379246    1305032355.3902
43 1305032355.426175    1305032355.415084    1305032355.4304
44 1305032355.458105    1305032355.446636    1305032355.4602
45 1305032355.493906    1305032355.479127    1305032355.4902
46 1305032355.526033    1305032355.514371    1305032355.5311
47 1305032355.558083    1305032355.546522    1305032355.5603
48 1305032355.593965    1305032355.578354    1305032355.5903
49 1305032355.626009    1305032355.614298    1305032355.6303
50 1305032355.658217    1305032355.646429    1305032355.6604
51 1305032355.693969    1305032355.679021    1305032355.6903
52 1305032355.726186    1305032355.715171    1305032355.7303
53 1305032355.758127    1305032355.747547    1305032355.7604
54 1305032355.794028    1305032355.779172    1305032355.7903
55 1305032355.826208    1305032355.815082    1305032355.8304
56 1305032355.858151    1305032355.847746    1305032355.8604
57 1305032355.894072    1305032355.879256    1305032355.8904
58 1305032355.926240    1305032355.914958    1305032355.9304
59 1305032355.960142    1305032355.947516    1305032355.9605
60 1305032355.994102    1305032355.979562    1305032355.9905
61 1305032356.026405    1305032356.015124    1305032356.0305
62 1305032356.058305    1305032356.047385    1305032356.0605
63 1305032356.094166    1305032356.083040    1305032356.0905
64 1305032356.126384    1305032356.114352    1305032356.1305
65 1305032356.158192    1305032356.146404    1305032356.1605
66 1305032356.194205    1305032356.182442    1305032356.1904
67 1305032356.226397    1305032356.214279    1305032356.2304
68 1305032356.258136    1305032356.246658    1305032356.2604
69 1305032356.294287    1305032356.282363    1305032356.2904
70 1305032356.326174    1305032356.314238    1305032356.3305
71 1305032356.358126    1305032356.346442    1305032356.3608
72 1305032356.394266    1305032356.382453    1305032356.3905
73 1305032356.426275    1305032356.414237    1305032356.4304
74 1305032356.458392    1305032356.446755    1305032356.4610
75 1305032356.494313    1305032356.482444    1305032356.4904
76 1305032356.526317    1305032356.514490    1305032356.5305
77 1305032356.562184    1305032356.546721    1305032356.5608
78 1305032356.594216    1305032356.582446    1305032356.5905
79 1305032356.626255    1305032356.614314    1305032356.6305
80 1305032356.662128    1305032356.646374    1305032356.6604
81 1305032356.694251    1305032356.683322    1305032356.6904
82 1305032356.727811    1305032356.715172    1305032356.7305
83 1305032356.762124    1305032356.743534    1305032356.7605
84 1305032356.794439    1305032356.782372    1305032356.7904
85 1305032356.826332    1305032356.814985    1305032356.8304
86 1305032356.862093    1305032356.846535    1305032356.8604
87 1305032356.894157    1305032356.882068    1305032356.8904
88 1305032356.926430    1305032356.914707    1305032356.9304
89 1305032356.962104    1305032356.947460    1305032356.9604
90 1305032356.994344    1305032356.982294    1305032356.9904
91 1305032357.026198    1305032357.014261    1305032357.0305
92 1305032357.062032    1305032357.046550    1305032357.0605
93 1305032357.094119    1305032357.082118    1305032357.0904
94 1305032357.126181    1305032357.114108    1305032357.1305
95 1305032357.162138    1305032357.146528    1305032357.1606
96 1305032357.194135    1305032357.182108    1305032357.1905
97 1305032357.226208    1305032357.214184    1305032357.2304
98 1305032357.262119    1305032357.250098    1305032357.2604
99 1305032357.294359    1305032357.282087    1305032357.2904
100 1305032357.326423    1305032357.314085    1305032357.3304
101 1305032357.362141    1305032357.350168    1305032357.3604
102 1305032357.394180    1305032357.382141    1305032357.3904
103 1305032357.426241    1305032357.414454    1305032357.4305
104 1305032357.462161    1305032357.450340    1305032357.4604
105 1305032357.494175    1305032357.482241    1305032357.4904
106 1305032357.526138    1305032357.513987    1305032357.5304
107 1305032357.562096    1305032357.549979    1305032357.5604
108 1305032357.594163    1305032357.582946    1305032357.5904
109 1305032357.626377    1305032357.611057    1305032357.6304
110 1305032357.662521    1305032357.650783    1305032357.6604
111 1305032357.694376    1305032357.683024    1305032357.6904
112 1305032357.726393    1305032357.710979    1305032357.7304
113 1305032357.762121    1305032357.750457    1305032357.7604
114 1305032357.794161    1305032357.783108    1305032357.7904
115 1305032357.826324    1305032357.814444    1305032357.8315
116 1305032357.862505    1305032357.850329    1305032357.8604
117 1305032357.894124    1305032357.882357    1305032357.8904
118 1305032357.926354    1305032357.914168    1305032357.9305
119 1305032357.962026    1305032357.948987    1305032357.9604
120 1305032357.994307    1305032357.982077    1305032357.9904
121 1305032358.026118    1305032358.010855    1305032358.0305
122 1305032358.062141    1305032358.050220    1305032358.0604
123 1305032358.094314    1305032358.082211    1305032358.0904
124 1305032358.126463    1305032358.115784    1305032358.1304
125 1305032358.162196    1305032358.150676    1305032358.1604
126 1305032358.194216    1305032358.183396    1305032358.1904
127 1305032358.226169    1305032358.214748    1305032358.2304
128 1305032358.262242    1305032358.251221    1305032358.2603
129 1305032358.294169    1305032358.283060    1305032358.2904
130 1305032358.326228    1305032358.314611    1305032358.3304
131 1305032358.362036    1305032358.350749    1305032358.3605
132 1305032358.394045    1305032358.381865    1305032358.3905
133 1305032358.425953    1305032358.414355    1305032358.4304
134 1305032358.462021    1305032358.447967    1305032358.4604
135 1305032358.494091    1305032358.481387    1305032358.4905
136 1305032358.526638    1305032358.517650    1305032358.5304
137 1305032358.562103    1305032358.548167    1305032358.5604
138 1305032358.594031    1305032358.582146    1305032358.5904
139 1305032358.626292    1305032358.616710    1305032358.6304
140 1305032358.661907    1305032358.649112    1305032358.6604
141 1305032358.694080    1305032358.681202    1305032358.6904
142 1305032358.726315    1305032358.716920    1305032358.7304
143 1305032358.762028    1305032358.746598    1305032358.7607
144 1305032358.794035    1305032358.779352    1305032358.7904
145 1305032358.826156    1305032358.817050    1305032358.8304
146 1305032358.862241    1305032358.849277    1305032358.8604
147 1305032358.894464    1305032358.882669    1305032358.8904
148 1305032358.926427    1305032358.917982    1305032358.9304
149 1305032358.962241    1305032358.951038    1305032358.9604
150 1305032358.994407    1305032358.983085    1305032358.9904
151 1305032359.026158    1305032359.019148    1305032359.0304
152 1305032359.062253    1305032359.051225    1305032359.0604
153 1305032359.094092    1305032359.082899    1305032359.0904
154 1305032359.126199    1305032359.118855    1305032359.1304
155 1305032359.162210    1305032359.151254    1305032359.1604
156 1305032359.194261    1305032359.183363    1305032359.1904
157 1305032359.226273    1305032359.219267    1305032359.2304
158 1305032359.262098    1305032359.251063    1305032359.2603
159 1305032359.294269    1305032359.283123    1305032359.2904
160 1305032359.326149    1305032359.319238    1305032359.3304
161 1305032359.362167    1305032359.350945    1305032359.3604
162 1305032359.394278    1305032359.383033    1305032359.3904
163 1305032359.426269    1305032359.418684    1305032359.4304
164 1305032359.462531    1305032359.450700    1305032359.4604
165 1305032359.494170    1305032359.482630    1305032359.4904
166 1305032359.526344    1305032359.517271    1305032359.5304
167 1305032359.561974    1305032359.549406    1305032359.5604
168 1305032359.593965    1305032359.580783    1305032359.5903
169 1305032359.626579    1305032359.618509    1305032359.6304
170 1305032359.662143    1305032359.648297    1305032359.6604
171 1305032359.694113    1305032359.682616    1305032359.6904
172 1305032359.727003    1305032359.717507    1305032359.7304
173 1305032359.762020    1305032359.747140    1305032359.7604
174 1305032359.794035    1305032359.784467    1305032359.7904
175 1305032359.826141    1305032359.814695    1305032359.8304
176 1305032359.861990    1305032359.847549    1305032359.8605
177 1305032359.894154    1305032359.886136    1305032359.8904
178 1305032359.926260    1305032359.915265    1305032359.9305
179 1305032359.962016    1305032359.947309    1305032359.9604
180 1305032359.994161    1305032359.984090    1305032359.9903
181 1305032360.026214    1305032360.018877    1305032360.0304
182 1305032360.062208    1305032360.051651    1305032360.0603
183 1305032360.094178    1305032360.087324    1305032360.0903
184 1305032360.126153    1305032360.119052    1305032360.1304
185 1305032360.162096    1305032360.151201    1305032360.1603
186 1305032360.194272    1305032360.187139    1305032360.1904
187 1305032360.226425    1305032360.218935    1305032360.2304
188 1305032360.262218    1305032360.251170    1305032360.2604
189 1305032360.294155    1305032360.285679    1305032360.2904
190 1305032360.326447    1305032360.318280    1305032360.3304
191 1305032360.362033    1305032360.347303    1305032360.3603
192 1305032360.394240    1305032360.387567    1305032360.3903
193 1305032360.426246    1305032360.419307    1305032360.4304
194 1305032360.462086    1305032360.447080    1305032360.4604
195 1305032360.494117    1305032360.487302    1305032360.4904
196 1305032360.526058    1305032360.516084    1305032360.5306
197 1305032360.562042    1305032360.550452    1305032360.5604
198 1305032360.594303    1305032360.585577    1305032360.5903
199 1305032360.626168    1305032360.616453    1305032360.6303
200 1305032360.662151    1305032360.651196    1305032360.6604
201 1305032360.694073    1305032360.683724    1305032360.6903
202 1305032360.726267    1305032360.716902    1305032360.7308
203 1305032360.762184    1305032360.750823    1305032360.7604
204 1305032360.794210    1305032360.787088    1305032360.7904
205 1305032360.826192    1305032360.817705    1305032360.8303
206 1305032360.862084    1305032360.851074    1305032360.8604
207 1305032360.894309    1305032360.887553    1305032360.8904
208 1305032360.926229    1305032360.919281    1305032360.9304
209 1305032360.962184    1305032360.951273    1305032360.9603
210 1305032360.994081    1305032360.983341    1305032360.9903
211 1305032361.026412    1305032361.019684    1305032361.0303
212 1305032361.062613    1305032361.055112    1305032361.0603
213 1305032361.094085    1305032361.083402    1305032361.0903
214 1305032361.126224    1305032361.118826    1305032361.1303
215 1305032361.162028    1305032361.155055    1305032361.1603
216 1305032361.194805    1305032361.187451    1305032361.1903
217 1305032361.226328    1305032361.214912    1305032361.2303
218 1305032361.262093    1305032361.250889    1305032361.2603
219 1305032361.294099    1305032361.283006    1305032361.2904
220 1305032361.326219    1305032361.318300    1305032361.3303
221 1305032361.362098    1305032361.353596    1305032361.3603
222 1305032361.394120    1305032361.385885    1305032361.3903
223 1305032361.426392    1305032361.418314    1305032361.4303
224 1305032361.462374    1305032361.454287    1305032361.4603
225 1305032361.494238    1305032361.482980    1305032361.4904
226 1305032361.526056    1305032361.517186    1305032361.5303
227 1305032361.562110    1305032361.554410    1305032361.5603
228 1305032361.594263    1305032361.586249    1305032361.5903
229 1305032361.626125    1305032361.614853    1305032361.6304
230 1305032361.662057    1305032361.654354    1305032361.6603
231 1305032361.694201    1305032361.683032    1305032361.6903
232 1305032361.726243    1305032361.715384    1305032361.7304
233 1305032361.762065    1305032361.754316    1305032361.7403
234 1305032361.793966    1305032361.782986    1305032361.7403
235 1305032361.862158    1305032361.855109    1305032361.9403
236 1305032361.894163    1305032361.886775    1305032361.9403
237 1305032361.926270    1305032361.919175    1305032361.9403
238 1305032361.962071    1305032361.955033    1305032361.9603
239 1305032361.994272    1305032361.987135    1305032361.9904
240 1305032362.026445    1305032362.019273    1305032362.0303
241 1305032362.062429    1305032362.054809    1305032362.0603
242 1305032362.094264    1305032362.086432    1305032362.0903
243 1305032362.126366    1305032362.118268    1305032362.1303
244 1305032362.162089    1305032362.154488    1305032362.1603
245 1305032362.194357    1305032362.186946    1305032362.1903
246 1305032362.226182    1305032362.223302    1305032362.2303
247 1305032362.262104    1305032362.254745    1305032362.2603
248 1305032362.294204    1305032362.286962    1305032362.2903
249 1305032362.326223    1305032362.322988    1305032362.3303
250 1305032362.362125    1305032362.355069    1305032362.3603
251 1305032362.396276    1305032362.386153    1305032362.4003
252 1305032362.462140    1305032362.452718    1305032362.4603
253 1305032362.494238    1305032362.487094    1305032362.4903
254 1305032362.526267    1305032362.523226    1305032362.5303
255 1305032362.562001    1305032362.554152    1305032362.5603
256 1305032362.594165    1305032362.586874    1305032362.5903
257 1305032362.626096    1305032362.623276    1305032362.6303
258 1305032362.662324    1305032362.655272    1305032362.6603
259 1305032362.694131    1305032362.687068    1305032362.6903
260 1305032362.726009    1305032362.723139    1305032362.7303
261 1305032362.762257    1305032362.752501    1305032362.7603
262 1305032362.794154    1305032362.786189    1305032362.7903
263 1305032362.826077    1305032362.822975    1305032362.8303
264 1305032362.862131    1305032362.854747    1305032362.8603
265 1305032362.894197    1305032362.887079    1305032362.8903
266 1305032362.926069    1305032362.922917    1305032362.9303
267 1305032362.962141    1305032362.955254    1305032362.9603
268 1305032362.994111    1305032362.987432    1305032362.9903
269 1305032363.026024    1305032363.023019    1305032363.0303
270 1305032363.061883    1305032363.050785    1305032363.0603
271 1305032363.094055    1305032363.087129    1305032363.0903
272 1305032363.126578    1305032363.121871    1305032363.1303
273 1305032363.162144    1305032363.152039    1305032363.1605
274 1305032363.194513    1305032363.186339    1305032363.1903
275 1305032363.226280    1305032363.223545    1305032363.2303
276 1305032363.263114    1305032363.254897    1305032363.2606
277 1305032363.326272    1305032363.323009    1305032363.3303
278 1305032363.361941    1305032363.351268    1305032363.3603
279 1305032363.394083    1305032363.387226    1305032363.3903
280 1305032363.426162    1305032363.423169    1305032363.4303
281 1305032363.462820    1305032363.454680    1305032363.4603
282 1305032363.526415    1305032363.522372    1305032363.5303
283 1305032363.562139    1305032363.554139    1305032363.5603
284 1305032363.594144    1305032363.589728    1305032363.5903
285 1305032363.626354    1305032363.622073    1305032363.6303
286 1305032363.662136    1305032363.653876    1305032363.6603
287 1305032363.694070    1305032363.689996    1305032363.6902
288 1305032363.726086    1305032363.721151    1305032363.7303
289 1305032363.762284    1305032363.754688    1305032363.7603
290 1305032363.794030    1305032363.789766    1305032363.7903
291 1305032363.826380    1305032363.820015    1305032363.8302
292 1305032363.862068    1305032363.850926    1305032363.8602
293 1305032363.894033    1305032363.889635    1305032363.8903
294 1305032363.926407    1305032363.918945    1305032363.9302
295 1305032363.962119    1305032363.953919    1305032363.9602
296 1305032363.994050    1305032363.989477    1305032363.9903
297 1305032364.026025    1305032364.021974    1305032364.0303
298 1305032364.062120    1305032364.051316    1305032364.0603
299 1305032364.094057    1305032364.089983    1305032364.0903
300 1305032364.126909    1305032364.121945    1305032364.1303
301 1305032364.162092    1305032364.154479    1305032364.1602
302 1305032364.194217    1305032364.187829    1305032364.1903
303 1305032364.226629    1305032364.220131    1305032364.2305
304 1305032364.262242    1305032364.254427    1305032364.2602
305 1305032364.294072    1305032364.287208    1305032364.2903
306 1305032364.326102    1305032364.321001    1305032364.3303
307 1305032364.362134    1305032364.353803    1305032364.3603
308 1305032364.394077    1305032364.390393    1305032364.3903
309 1305032364.426015    1305032364.422934    1305032364.4303
310 1305032364.462091    1305032364.454973    1305032364.4603
311 1305032364.494035    1305032364.490909    1305032364.4903
312 1305032364.526202    1305032364.523222    1305032364.5303
313 1305032364.562323    1305032364.555371    1305032364.5603
314 1305032364.594171    1305032364.590015    1305032364.5903
315 1305032364.626031    1305032364.622240    1305032364.6303
316 1305032364.662222    1305032364.654940    1305032364.6602
317 1305032364.694036    1305032364.691021    1305032364.6903
318 1305032364.726019    1305032364.723145    1305032364.7302
319 1305032364.762093    1305032364.758771    1305032364.7603
320 1305032364.793964    1305032364.790576    1305032364.7903
321 1305032364.826005    1305032364.822800    1305032364.8302
322 1305032364.862289    1305032364.858509    1305032364.8602
323 1305032364.894665    1305032364.889427    1305032364.8903
324 1305032364.926087    1305032364.923105    1305032364.9302
325 1305032364.962073    1305032364.956761    1305032364.9603
326 1305032364.994009    1305032364.991437    1305032364.9903
327 1305032365.026354    1305032365.022936    1305032365.0303
328 1305032365.062031    1305032365.059290    1305032365.0603
329 1305032365.094068    1305032365.087143    1305032365.0903
330 1305032365.126212    1305032365.123256    1305032365.1302
331 1305032365.162014    1305032365.159298    1305032365.1602
332 1305032365.194029    1305032365.191271    1305032365.1902
333 1305032365.226143    1305032365.223463    1305032365.2302
334 1305032365.262990    1305032365.256958    1305032365.2603
335 1305032365.326046    1305032365.323458    1305032365.3303
336 1305032365.362017    1305032365.359591    1305032365.3602
337 1305032365.394019    1305032365.391371    1305032365.3903
338 1305032365.426099    1305032365.423267    1305032365.4302
339 1305032365.462022    1305032365.459383    1305032365.4602
340 1305032365.494036    1305032365.491152    1305032365.4903
341 1305032365.526240    1305032365.523217    1305032365.5302
342 1305032365.562023    1305032365.558893    1305032365.5603
343 1305032365.594024    1305032365.591436    1305032365.5902
344 1305032365.626188    1305032365.623205    1305032365.6302
345 1305032365.662032    1305032365.659377    1305032365.6602
346 1305032365.694005    1305032365.691155    1305032365.6903
347 1305032365.726094    1305032365.723383    1305032365.7303
348 1305032365.762013    1305032365.759259    1305032365.7603
349 1305032365.794129    1305032365.791166    1305032365.7902
350 1305032365.826278    1305032365.823223    1305032365.8302
351 1305032365.862061    1305032365.859634    1305032365.8602
352 1305032365.894133    1305032365.889504    1305032365.8902
353 1305032365.930067    1305032365.927362    1305032365.9302
354 1305032365.962046    1305032365.959313    1305032365.9602
355 1305032365.994060    1305032365.991061    1305032365.9903
356 1305032366.030066    1305032366.026870    1305032366.0302
357 1305032366.062122    1305032366.059164    1305032366.0602
358 1305032366.094052    1305032366.091112    1305032366.0903
359 1305032366.130072    1305032366.127026    1305032366.1303
360 1305032366.162008    1305032366.159365    1305032366.1602
361 1305032366.194013    1305032366.190979    1305032366.1902
362 1305032366.230053    1305032366.227205    1305032366.2302
363 1305032366.262058    1305032366.259172    1305032366.2602
364 1305032366.294059    1305032366.291401    1305032366.2902
365 1305032366.330143    1305032366.327121    1305032366.3302
366 1305032366.362039    1305032366.359097    1305032366.3602
367 1305032366.394005    1305032366.391043    1305032366.3902
368 1305032366.430032    1305032366.427242    1305032366.4303
369 1305032366.461993    1305032366.459233    1305032366.4602
370 1305032366.494101    1305032366.491285    1305032366.4902
371 1305032366.530048    1305032366.526997    1305032366.5302
372 1305032366.561989    1305032366.559109    1305032366.5602
373 1305032366.594003    1305032366.591375    1305032366.5902
374 1305032366.630014    1305032366.626920    1305032366.6302
375 1305032366.662972    1305032366.655039    1305032366.6603
376 1305032366.730115    1305032366.727328    1305032366.7302
377 1305032366.762112    1305032366.759333    1305032366.7602
378 1305032366.793956    1305032366.790587    1305032366.7902
379 1305032366.830030    1305032366.826895    1305032366.8302
380 1305032366.862172    1305032366.859205    1305032366.8602
381 1305032366.894254    1305032366.888643    1305032366.8902
382 1305032366.929969    1305032366.926959    1305032366.9302
383 1305032366.962015    1305032366.958281    1305032366.9602
384 1305032366.994018    1305032366.990487    1305032366.9902
385 1305032367.030022    1305032367.026585    1305032367.0302
386 1305032367.062114    1305032367.058683    1305032367.0605
387 1305032367.094130    1305032367.087523    1305032367.0902
388 1305032367.130285    1305032367.126868    1305032367.1302
389 1305032367.162083    1305032367.158939    1305032367.1602
390 1305032367.193961    1305032367.191850    1305032367.1902
391 1305032367.230032    1305032367.226101    1305032367.2302
392 1305032367.262270    1305032367.257578    1305032367.2601
393 1305032367.293982    1305032367.293991    1305032367.2902
394 1305032367.330063    1305032367.326110    1305032367.3302
395 1305032367.362109    1305032367.358269    1305032367.3602
396 1305032367.393996    1305032367.394011    1305032367.3902
397 1305032367.430145    1305032367.425982    1305032367.4302
398 1305032367.462005    1305032367.458337    1305032367.4602
399 1305032367.494767    1305032367.494794    1305032367.4902
400 1305032367.530124    1305032367.525123    1305032367.5302
401 1305032367.562098    1305032367.558998    1305032367.5602
402 1305032367.594518    1305032367.594540    1305032367.5902
403 1305032367.629988    1305032367.627313    1305032367.6302
404 1305032367.662173    1305032367.659071    1305032367.6602
405 1305032367.694493    1305032367.694516    1305032367.6902
406 1305032367.730004    1305032367.727182    1305032367.7302
407 1305032367.762020    1305032367.759159    1305032367.7602
408 1305032367.794824    1305032367.794852    1305032367.7902
409 1305032367.829935    1305032367.826871    1305032367.8303
410 1305032367.861953    1305032367.858142    1305032367.8602
411 1305032367.894023    1305032367.894056    1305032367.8901
412 1305032367.930098    1305032367.925922    1305032367.9301
413 1305032367.962109    1305032367.957958    1305032367.9602
414 1305032367.994871    1305032367.994884    1305032367.9902
415 1305032368.030371    1305032368.025983    1305032368.0302
416 1305032368.062044    1305032368.058921    1305032368.0602
417 1305032368.094693    1305032368.094710    1305032368.0901
418 1305032368.129978    1305032368.126824    1305032368.1302
419 1305032368.162148    1305032368.156667    1305032368.1602
420 1305032368.194071    1305032368.190798    1305032368.1902
421 1305032368.230066    1305032368.226380    1305032368.2301
422 1305032368.263367    1305032368.258177    1305032368.2602
423 1305032368.330048    1305032368.326215    1305032368.3301
424 1305032368.362001    1305032368.358554    1305032368.3601
425 1305032368.394058    1305032368.393756    1305032368.3902
426 1305032368.430004    1305032368.425949    1305032368.4302
427 1305032368.462392    1305032368.462413    1305032368.4601
428 1305032368.494404    1305032368.494411    1305032368.4902
429 1305032368.529995    1305032368.526548    1305032368.5301
430 1305032368.561932    1305032368.561964    1305032368.5601
431 1305032368.594184    1305032368.594201    1305032368.5902
432 1305032368.629997    1305032368.626418    1305032368.6301
433 1305032368.662766    1305032368.662780    1305032368.6602
434 1305032368.730133    1305032368.726391    1305032368.7301
435 1305032368.762354    1305032368.762429    1305032368.7601
436 1305032368.794467    1305032368.794488    1305032368.7902
437 1305032368.830009    1305032368.826920    1305032368.8301
438 1305032368.862362    1305032368.862385    1305032368.8602
439 1305032368.894072    1305032368.894079    1305032368.8902
440 1305032368.929945    1305032368.926364    1305032368.9304
441 1305032368.961860    1305032368.959769    1305032368.9601
442 1305032368.993887    1305032368.992519    1305032368.9901
443 1305032369.030203    1305032369.026559    1305032369.0302
444 1305032369.062500    1305032369.062508    1305032369.0601
445 1305032369.093984    1305032369.092465    1305032369.0902
446 1305032369.130062    1305032369.126422    1305032369.1301
447 1305032369.162492    1305032369.162529    1305032369.1602
448 1305032369.194412    1305032369.194429    1305032369.1901
449 1305032369.230045    1305032369.226184    1305032369.2301
450 1305032369.262268    1305032369.262275    1305032369.2602
451 1305032369.294529    1305032369.294549    1305032369.2902
452 1305032369.330151    1305032369.325603    1305032369.3301
453 1305032369.361966    1305032369.361711    1305032369.3601
454 1305032369.394056    1305032369.393865    1305032369.3901
455 1305032369.430090    1305032369.425788    1305032369.4302
456 1305032369.461995    1305032369.461699    1305032369.4602
457 1305032369.493998    1305032369.493663    1305032369.4901
458 1305032369.529992    1305032369.526387    1305032369.5301
459 1305032369.562004    1305032369.561511    1305032369.5601
460 1305032369.594020    1305032369.590662    1305032369.5902
461 1305032369.630023    1305032369.629343    1305032369.6301
462 1305032369.661969    1305032369.661976    1305032369.6601
463 1305032369.694099    1305032369.694117    1305032369.6901
464 1305032369.730198    1305032369.730214    1305032369.7302
465 1305032369.762450    1305032369.762462    1305032369.7601
466 1305032369.794261    1305032369.794288    1305032369.7902
467 1305032369.830429    1305032369.830464    1305032369.8301
468 1305032369.862627    1305032369.862646    1305032369.8601
469 1305032369.894360    1305032369.894378    1305032369.8901
470 1305032369.930423    1305032369.930439    1305032369.9302
471 1305032369.962111    1305032369.962123    1305032369.9601
472 1305032369.994395    1305032369.994406    1305032369.9902
473 1305032370.029908    1305032370.029452    1305032370.0301
474 1305032370.062358    1305032370.062431    1305032370.0601
475 1305032370.094132    1305032370.094141    1305032370.0901
476 1305032370.130815    1305032370.131075    1305032370.1305
477 1305032370.164340    1305032370.163765    1305032370.1601
478 1305032370.230502    1305032370.227691    1305032370.2301
479 1305032370.262034    1305032370.260069    1305032370.2601
480 1305032370.293927    1305032370.292473    1305032370.2902
481 1305032370.330168    1305032370.330184    1305032370.3302
482 1305032370.362172    1305032370.362216    1305032370.3601
483 1305032370.393973    1305032370.393732    1305032370.3901
484 1305032370.430165    1305032370.429519    1305032370.4301
485 1305032370.462710    1305032370.462719    1305032370.4601
486 1305032370.494212    1305032370.494226    1305032370.4901
487 1305032370.530368    1305032370.530396    1305032370.5301
488 1305032370.562129    1305032370.559254    1305032370.5601
489 1305032370.594668    1305032370.594716    1305032370.5901
490 1305032370.630616    1305032370.630635    1305032370.6301
491 1305032370.662501    1305032370.662528    1305032370.6601
492 1305032370.694752    1305032370.694786    1305032370.6901
493 1305032370.730453    1305032370.730482    1305032370.7301
494 1305032370.762387    1305032370.762399    1305032370.7601
495 1305032370.794212    1305032370.794226    1305032370.7901
496 1305032370.830542    1305032370.830572    1305032370.8301
497 1305032370.862583    1305032370.862608    1305032370.8601
498 1305032370.898506    1305032370.898515    1305032370.9001
499 1305032370.930659    1305032370.930670    1305032370.9301
500 1305032370.962789    1305032370.962798    1305032370.9601
501 1305032370.998556    1305032370.998569    1305032371.0001
502 1305032371.030832    1305032371.030841    1305032371.0301
503 1305032371.062995    1305032371.063015    1305032371.0601
504 1305032371.098685    1305032371.098694    1305032371.1001
505 1305032371.129946    1305032371.127227    1305032371.1301
506 1305032371.163377    1305032371.163393    1305032371.1601
507 1305032371.199209    1305032371.199223    1305032371.2001
508 1305032371.231556    1305032371.231580    1305032371.2301
509 1305032371.263086    1305032371.263109    1305032371.2601
510 1305032371.298863    1305032371.298947    1305032371.3001
511 1305032371.331299    1305032371.331335    1305032371.3301
512 1305032371.399014    1305032371.399028    1305032371.4000
513 1305032371.461990    1305032371.461631    1305032371.4601
514 1305032371.500350    1305032371.500366    1305032371.5001
515 1305032371.563010    1305032371.563035    1305032371.5601
516 1305032371.594822    1305032371.594845    1305032371.5901
517 1305032371.629962    1305032371.627278    1305032371.6300
518 1305032371.661896    1305032371.661699    1305032371.6601
519 1305032371.698063    1305032371.698085    1305032371.7001
520 1305032371.730032    1305032371.726894    1305032371.7301
521 1305032371.763070    1305032371.763078    1305032371.7601
522 1305032371.798758    1305032371.798775    1305032371.8001
523 1305032371.830599    1305032371.830728    1305032371.8301
524 1305032371.862968    1305032371.862988    1305032371.8601
525 1305032371.898642    1305032371.898658    1305032371.9001
526 1305032371.930870    1305032371.930961    1305032371.9301
527 1305032371.998991    1305032371.999011    1305032372.0001
528 1305032372.030846    1305032372.030867    1305032372.0301
529 1305032372.098230    1305032372.098264    1305032372.1000
530 1305032372.129933    1305032372.127609    1305032372.1301
531 1305032372.166136    1305032372.166169    1305032372.1701
532 1305032372.198088    1305032372.198119    1305032372.2001
533 1305032372.230035    1305032372.230071    1305032372.2301
534 1305032372.266118    1305032372.266126    1305032372.2701
535 1305032372.297778    1305032372.297790    1305032372.3000
536 1305032372.329863    1305032372.329039    1305032372.3300
537 1305032372.366255    1305032372.366292    1305032372.3700
538 1305032372.398316    1305032372.398337    1305032372.4001
539 1305032372.430828    1305032372.430932    1305032372.4301
540 1305032372.466062    1305032372.466079    1305032372.4701
541 1305032372.498126    1305032372.498135    1305032372.5001
542 1305032372.530471    1305032372.530492    1305032372.5301
543 1305032372.565932    1305032372.570271    1305032372.5701
544 1305032372.597830    1305032372.597861    1305032372.6002
545 1305032372.629940    1305032372.629218    1305032372.6301
546 1305032372.664099    1305032372.664108    1305032372.6601
547 1305032372.698677    1305032372.698696    1305032372.7000
548 1305032372.766495    1305032372.766505    1305032372.7701
549 1305032372.797977    1305032372.797997    1305032372.8001
550 1305032372.831419    1305032372.831463    1305032372.8301
551 1305032372.866951    1305032372.866969    1305032372.8701
552 1305032372.898820    1305032372.898841    1305032372.9000
553 1305032372.930434    1305032372.930454    1305032372.9301
554 1305032372.966593    1305032372.966691    1305032372.9701
555 1305032372.998908    1305032372.998926    1305032373.0001
556 1305032373.030602    1305032373.030611    1305032373.0301
557 1305032373.066888    1305032373.066897    1305032373.0700
558 1305032373.099756    1305032373.099775    1305032373.1001
559 1305032373.166370    1305032373.166377    1305032373.1700
560 1305032373.198396    1305032373.198404    1305032373.2001
561 1305032373.230473    1305032373.230484    1305032373.2300
562 1305032373.266720    1305032373.266752    1305032373.2701
563 1305032373.298826    1305032373.298845    1305032373.3001
564 1305032373.331205    1305032373.331228    1305032373.3301
565 1305032373.366852    1305032373.366882    1305032373.3701
566 1305032373.399036    1305032373.399055    1305032373.4000
567 1305032373.434600    1305032373.434622    1305032373.4300
568 1305032373.498931    1305032373.498970    1305032373.5000
569 1305032373.534642    1305032373.534678    1305032373.5300
570 1305032373.566765    1305032373.566786    1305032373.5700
571 1305032373.598768    1305032373.598786    1305032373.6000
572 1305032373.637020    1305032373.635967    1305032373.6400
573 1305032373.697902    1305032373.697914    1305032373.7001
574 1305032373.734487    1305032373.734507    1305032373.7301
575 1305032373.766407    1305032373.766443    1305032373.7701
576 1305032373.834900    1305032373.834934    1305032373.8300
577 1305032373.867214    1305032373.867293    1305032373.8701
578 1305032373.899236    1305032373.899270    1305032373.9000
579 1305032373.935042    1305032373.935073    1305032373.9301
580 1305032373.966997    1305032373.967085    1305032373.9701
581 1305032373.999161    1305032373.999199    1305032374.0000
582 1305032374.031130    1305032374.031187    1305032374.0300
583 1305032374.066694    1305032374.066725    1305032374.0701
584 1305032374.098892    1305032374.098933    1305032374.1000
585 1305032374.134638    1305032374.134653    1305032374.1300
586 1305032374.198898    1305032374.198931    1305032374.2000
587 1305032374.234560    1305032374.234571    1305032374.2300
588 1305032374.266147    1305032374.266232    1305032374.2700
589 1305032374.334742    1305032374.334758    1305032374.3300
590 1305032374.399115    1305032374.399126    1305032374.4000
591 1305032374.434908    1305032374.434942    1305032374.4300
592 1305032374.498699    1305032374.498778    1305032374.5000
593 1305032374.534396    1305032374.534408    1305032374.5300
594 1305032374.594126    1305032374.605154    1305032374.5900
595 1305032374.634435    1305032374.634454    1305032374.6300
596 1305032374.666012    1305032374.666026    1305032374.6700
597 1305032374.733801    1305032374.733811    1305032374.7300
598 1305032374.794088    1305032374.799002    1305032374.7900
599 1305032374.833035    1305032374.833082    1305032374.8307
600 1305032374.865378    1305032374.865385    1305032374.8700
601 1305032374.934044    1305032374.934055    1305032374.9301
602 1305032374.994296    1305032375.002817    1305032374.9900
603 1305032375.033877    1305032375.033887    1305032375.0300
604 1305032375.093980    1305032375.102173    1305032375.0902
605 1305032375.133595    1305032375.133604    1305032375.1300
606 1305032375.165413    1305032375.165423    1305032375.1701
607 1305032375.233686    1305032375.233840    1305032375.2300
608 1305032375.266159    1305032375.266195    1305032375.2701
609 1305032375.301758    1305032375.301769    1305032375.3001
610 1305032375.333721    1305032375.333732    1305032375.3300
611 1305032375.365860    1305032375.365885    1305032375.3700
612 1305032375.401985    1305032375.402005    1305032375.4000
613 1305032375.434217    1305032375.434228    1305032375.4300
614 1305032375.465834    1305032375.465844    1305032375.4700
615 1305032375.499837    1305032375.499846    1305032375.5000
616 1305032375.532916    1305032375.532923    1305032375.5300
617 1305032375.564725    1305032375.564754    1305032375.5601
618 1305032375.601458    1305032375.601530    1305032375.6000
619 1305032375.633354    1305032375.633994    1305032375.6300
620 1305032375.665617    1305032375.665634    1305032375.6700
621 1305032375.701017    1305032375.701032    1305032375.7000
622 1305032375.733414    1305032375.733424    1305032375.7300
623 1305032375.765442    1305032375.765813    1305032375.7700
624 1305032375.801321    1305032375.801369    1305032375.8000
625 1305032375.833190    1305032375.833207    1305032375.8300
626 1305032375.901630    1305032375.901646    1305032375.9000
627 1305032375.933396    1305032375.933407    1305032375.9301
628 1305032375.998887    1305032375.998893    1305032376.0000
629 1305032376.032860    1305032376.032870    1305032376.0301
630 1305032376.102161    1305032376.102191    1305032376.1000
631 1305032376.133711    1305032376.133788    1305032376.1300
632 1305032376.199867    1305032376.199876    1305032376.2100
633 1305032376.261897    1305032376.273911    1305032376.2600
634 1305032376.301905    1305032376.301938    1305032376.3000
635 1305032376.333850    1305032376.333881    1305032376.3299
636 1305032376.401623    1305032376.401634    1305032376.4000
637 1305032376.433420    1305032376.433772    1305032376.4303
638 1305032376.502252    1305032376.502274    1305032376.5000
639 1305032376.534217    1305032376.534012    1305032376.5300
640 1305032376.601916    1305032376.602018    1305032376.6000
641 1305032376.633870    1305032376.633878    1305032376.6300
642 1305032376.702073    1305032376.702106    1305032376.6999
643 1305032376.734273    1305032376.734286    1305032376.7299
644 1305032376.802316    1305032376.802346    1305032376.8000
645 1305032376.833971    1305032376.833992    1305032376.8300
646 1305032376.901902    1305032376.901913    1305032376.8999
647 1305032376.933566    1305032376.933692    1305032376.9300
648 1305032376.999109    1305032376.999115    1305032377.0000
649 1305032377.033968    1305032377.033983    1305032377.0300
650 1305032377.102624    1305032377.102669    1305032377.1000
651 1305032377.161952    1305032377.170226    1305032377.1599
652 1305032377.201774    1305032377.201999    1305032377.1999
653 1305032377.261926    1305032377.270905    1305032377.2600
654 1305032377.302313    1305032377.301796    1305032377.2999
655 1305032377.362122    1305032377.370316    1305032377.3600
656 1305032377.401791    1305032377.401804    1305032377.3999
657 1305032377.461954    1305032377.472533    1305032377.4600
658 1305032377.501541    1305032377.501559    1305032377.5000
659 1305032377.562030    1305032377.569572    1305032377.5600
660 1305032377.602337    1305032377.602349    1305032377.6000
661 1305032377.662079    1305032377.669877    1305032377.6599
662 1305032377.701676    1305032377.701705    1305032377.6999
663 1305032377.762107    1305032377.769318    1305032377.7599
664 1305032377.801528    1305032377.801678    1305032377.7999
665 1305032377.862016    1305032377.869348    1305032377.8599
666 1305032377.901222    1305032377.901238    1305032377.8999
667 1305032377.962041    1305032377.969308    1305032377.9599
668 1305032378.001490    1305032378.001243    1305032377.9999
669 1305032378.062184    1305032378.068725    1305032378.0600
670 1305032378.101402    1305032378.101420    1305032378.1000
671 1305032378.162063    1305032378.169193    1305032378.1599
672 1305032378.201701    1305032378.202266    1305032378.2000
673 1305032378.262060    1305032378.269616    1305032378.2599
674 1305032378.297958    1305032378.306182    1305032378.3000
675 1305032378.330021    1305032378.340777    1305032378.3299
676 1305032378.362038    1305032378.367690    1305032378.3599
677 1305032378.398026    1305032378.406284    1305032378.3999
678 1305032378.430058    1305032378.438513    1305032378.4299
679 1305032378.462047    1305032378.470434    1305032378.4599
680 1305032378.497867    1305032378.504807    1305032378.5000
681 1305032378.530157    1305032378.539167    1305032378.5299
682 1305032378.562081    1305032378.570470    1305032378.5599
683 1305032378.597959    1305032378.607040    1305032378.5999
684 1305032378.630158    1305032378.640593    1305032378.6300
685 1305032378.661960    1305032378.674045    1305032378.6600
686 1305032378.698231    1305032378.708133    1305032378.6999
687 1305032378.730042    1305032378.741855    1305032378.7300
688 1305032378.761985    1305032378.774289    1305032378.7599
689 1305032378.797887    1305032378.811244    1305032378.7999
690 1305032378.830168    1305032378.840101    1305032378.8300
691 1305032378.862028    1305032378.871857    1305032378.8599
692 1305032378.897945    1305032378.907789    1305032378.8999
693 1305032378.930160    1305032378.938846    1305032378.9299
694 1305032378.962166    1305032378.971348    1305032378.9608
695 1305032378.997991    1305032379.007038    1305032378.9999
696 1305032379.030183    1305032379.038668    1305032379.0300
697 1305032379.062055    1305032379.071271    1305032379.0599
698 1305032379.098076    1305032379.106727    1305032379.1000
699 1305032379.130109    1305032379.138937    1305032379.1300
700 1305032379.162033    1305032379.170930    1305032379.1600
701 1305032379.198104    1305032379.206680    1305032379.2000
702 1305032379.230194    1305032379.238614    1305032379.2300
703 1305032379.262091    1305032379.271270    1305032379.2600
704 1305032379.298124    1305032379.310742    1305032379.3000
705 1305032379.330184    1305032379.342450    1305032379.3300
706 1305032379.362135    1305032379.373747    1305032379.3601
707 1305032379.398082    1305032379.406812    1305032379.4001
708 1305032379.430183    1305032379.440732    1305032379.4301
709 1305032379.462019    1305032379.472994    1305032379.4601
710 1305032379.498116    1305032379.507528    1305032379.5001
711 1305032379.530134    1305032379.539852    1305032379.5301
712 1305032379.562170    1305032379.575545    1305032379.5609
713 1305032379.598236    1305032379.607089    1305032379.6001
714 1305032379.630200    1305032379.641416    1305032379.6301
715 1305032379.662215    1305032379.676703    1305032379.6601
716 1305032379.698218    1305032379.707878    1305032379.7001
717 1305032379.730243    1305032379.738599    1305032379.7301
718 1305032379.762529    1305032379.775239    1305032379.7602
719 1305032379.798231    1305032379.807815    1305032379.8002
720 1305032379.830305    1305032379.839500    1305032379.8302
721 1305032379.862243    1305032379.875565    1305032379.8602
722 1305032379.898138    1305032379.903833    1305032379.9002
723 1305032379.930293    1305032379.940009    1305032379.9302
724 1305032379.962343    1305032379.976659    1305032379.9602
725 1305032379.998300    1305032380.007756    1305032380.0003
726 1305032380.030360    1305032380.040494    1305032380.0303
727 1305032380.062398    1305032380.076762    1305032380.0603
728 1305032380.098304    1305032380.107291    1305032380.1003
729 1305032380.130311    1305032380.140050    1305032380.1302
730 1305032380.162318    1305032380.176572    1305032380.1604
731 1305032380.198396    1305032380.207110    1305032380.2003
732 1305032380.230356    1305032380.239460    1305032380.2303
733 1305032380.262393    1305032380.276664    1305032380.2603
734 1305032380.298557    1305032380.307734    1305032380.3003
735 1305032380.330519    1305032380.339866    1305032380.3303
736 1305032380.362378    1305032380.375602    1305032380.3602
737 1305032380.398355    1305032380.407488    1305032380.4002
738 1305032380.430475    1305032380.439180    1305032380.4302
739 1305032380.462299    1305032380.473087    1305032380.4603
740 1305032380.498445    1305032380.507283    1305032380.5003
741 1305032380.530597    1305032380.539774    1305032380.5302
742 1305032380.562412    1305032380.576395    1305032380.5603
743 1305032380.598350    1305032380.609316    1305032380.6002
744 1305032380.630332    1305032380.639507    1305032380.6303
745 1305032380.662349    1305032380.675545    1305032380.6603
746 1305032380.698289    1305032380.707658    1305032380.7002
747 1305032380.730370    1305032380.739529    1305032380.7303
748 1305032380.762372    1305032380.776434    1305032380.7603
749 1305032380.798301    1305032380.803780    1305032380.8002
750 1305032380.830371    1305032380.843621    1305032380.8303
751 1305032380.862334    1305032380.876451    1305032380.8604
752 1305032380.898284    1305032380.906774    1305032380.9002
753 1305032380.930298    1305032380.944580    1305032380.9303
754 1305032380.962305    1305032380.976235    1305032380.9602
755 1305032380.998378    1305032381.010534    1305032381.0003
756 1305032381.030403    1305032381.043413    1305032381.0303
757 1305032381.062315    1305032381.075126    1305032381.0603
758 1305032381.098290    1305032381.107139    1305032381.1003
759 1305032381.130313    1305032381.143098    1305032381.1302
760 1305032381.162419    1305032381.175951    1305032381.1603
761 1305032381.198441    1305032381.206840    1305032381.2002
762 1305032381.230357    1305032381.244183    1305032381.2303
763 1305032381.262413    1305032381.275997    1305032381.2602
764 1305032381.298382    1305032381.309728    1305032381.3002
765 1305032381.330288    1305032381.341217    1305032381.3302
766 1305032381.362293    1305032381.373199    1305032381.3602
767 1305032381.398352    1305032381.408681    1305032381.4002
768 1305032381.430337    1305032381.444067    1305032381.4303
769 1305032381.462322    1305032381.474756    1305032381.4602
770 1305032381.498437    1305032381.508685    1305032381.5002
771 1305032381.530570    1305032381.545353    1305032381.5302
772 1305032381.562344    1305032381.576827    1305032381.5602
773 1305032381.598331    1305032381.608397    1305032381.6003
774 1305032381.630276    1305032381.644906    1305032381.6302
775 1305032381.662406    1305032381.675936    1305032381.6602
776 1305032381.698379    1305032381.707240    1305032381.7002
777 1305032381.730349    1305032381.744570    1305032381.7302
778 1305032381.762321    1305032381.776694    1305032381.7603
779 1305032381.798267    1305032381.810015    1305032381.8002
780 1305032381.830339    1305032381.843860    1305032381.8302
781 1305032381.862314    1305032381.876540    1305032381.8603
782 1305032381.898313    1305032381.907470    1305032381.9002
783 1305032381.930344    1305032381.943636    1305032381.9302
784 1305032381.962306    1305032381.975700    1305032381.9602
785 1305032381.998299    1305032382.007016    1305032382.0002
786 1305032382.030594    1305032382.043778    1305032382.0303
787 1305032382.062333    1305032382.076551    1305032382.0603
788 1305032382.098407    1305032382.112595    1305032382.0902
789 1305032382.130332    1305032382.142801    1305032382.1305
790 1305032382.162337    1305032382.175194    1305032382.1602
791 1305032382.198300    1305032382.212343    1305032382.2002
792 1305032382.230395    1305032382.244823    1305032382.2302
793 1305032382.262337    1305032382.275045    1305032382.2602
794 1305032382.298388    1305032382.311569    1305032382.3002
795 1305032382.330338    1305032382.343035    1305032382.3302
796 1305032382.362344    1305032382.375765    1305032382.3602
797 1305032382.398302    1305032382.411673    1305032382.4002
798 1305032382.430306    1305032382.445108    1305032382.4302
799 1305032382.462307    1305032382.476983    1305032382.4602
800 1305032382.498305    1305032382.512630    1305032382.5003
801 1305032382.530313    1305032382.545000    1305032382.5302
802 1305032382.562286    1305032382.577082    1305032382.5606
803 1305032382.598353    1305032382.614372    1305032382.6003
804 1305032382.630346    1305032382.644837    1305032382.6302
805 1305032382.662292    1305032382.675979    1305032382.6606
806 1305032382.698317    1305032382.713425    1305032382.7002
807 1305032382.730327    1305032382.744674    1305032382.7303
808 1305032382.762183    1305032382.776770    1305032382.7603
809 1305032382.798300    1305032382.812185    1305032382.8002
810 1305032382.830351    1305032382.844824    1305032382.8305
811 1305032382.862516    1305032382.875189    1305032382.8602
812 1305032382.898275    1305032382.913733    1305032382.9002
813 1305032382.930284    1305032382.943823    1305032382.9302
814 1305032382.962382    1305032382.975989    1305032382.9602
815 1305032382.998323    1305032383.012820    1305032383.0002
816 1305032383.030405    1305032383.044130    1305032383.0302
817 1305032383.062301    1305032383.077761    1305032383.0602
818 1305032383.098297    1305032383.113060    1305032383.1002
819 1305032383.130529    1305032383.144756    1305032383.1302
820 1305032383.162552    1305032383.177793    1305032383.1603
821 1305032383.198294    1305032383.213287    1305032383.2002
822 1305032383.231449    1305032383.243505    1305032383.2303
823 1305032383.298309    1305032383.311447    1305032383.3002
824 1305032383.330305    1305032383.341434    1305032383.3302
825 1305032383.362334    1305032383.379477    1305032383.3602
826 1305032383.398286    1305032383.411502    1305032383.4002
827 1305032383.430324    1305032383.443669    1305032383.4303
828 1305032383.462332    1305032383.479196    1305032383.4602
829 1305032383.498344    1305032383.511381    1305032383.5002
830 1305032383.530359    1305032383.544691    1305032383.5302
831 1305032383.562471    1305032383.579562    1305032383.5602
832 1305032383.598345    1305032383.613124    1305032383.6002
833 1305032383.630389    1305032383.644735    1305032383.6302
834 1305032383.662347    1305032383.679654    1305032383.6602
835 1305032383.698408    1305032383.712037    1305032383.7002
836 1305032383.730311    1305032383.742653    1305032383.7302
837 1305032383.762295    1305032383.778285    1305032383.7602
838 1305032383.798245    1305032383.812039    1305032383.8002
839 1305032383.830511    1305032383.843925    1305032383.8303
840 1305032383.862397    1305032383.878906    1305032383.8603
841 1305032383.898295    1305032383.911427    1305032383.9002
842 1305032383.930382    1305032383.943289    1305032383.9303
843 1305032383.962464    1305032383.979220    1305032383.9602
844 1305032383.998360    1305032384.011402    1305032384.0002
845 1305032384.030384    1305032384.042763    1305032384.0302
846 1305032384.062390    1305032384.079025    1305032384.0602
847 1305032384.098318    1305032384.112211    1305032384.1002
848 1305032384.130400    1305032384.143402    1305032384.1302
849 1305032384.162395    1305032384.179113    1305032384.1602
850 1305032384.198333    1305032384.211262    1305032384.2002
851 1305032384.230364    1305032384.241759    1305032384.2302
852 1305032384.262262    1305032384.278407    1305032384.2602
853 1305032384.298317    1305032384.308313    1305032384.3002
854 1305032384.330331    1305032384.341175    1305032384.3302
855 1305032384.362345    1305032384.375647    1305032384.3602
856 1305032384.398303    1305032384.411880    1305032384.4002
857 1305032384.431342    1305032384.444075    1305032384.4302
858 1305032384.462609    1305032384.479096    1305032384.4602
859 1305032384.498266    1305032384.512157    1305032384.5002
860 1305032384.530361    1305032384.544929    1305032384.5302
861 1305032384.566265    1305032384.580765    1305032384.5702
862 1305032384.598309    1305032384.613105    1305032384.6002
863 1305032384.630376    1305032384.613105    1305032384.6302
864 1305032384.666270    1305032384.679303    1305032384.6702
865 1305032384.698533    1305032384.712109    1305032384.7002
866 1305032384.730303    1305032384.746434    1305032384.7301
867 1305032384.766314    1305032384.778315    1305032384.7702
868 1305032384.798284    1305032384.811269    1305032384.8002
869 1305032384.830384    1305032384.846699    1305032384.8302
870 1305032384.866305    1305032384.879179    1305032384.8703
871 1305032384.898278    1305032384.911051    1305032384.9002
872 1305032384.930358    1305032384.947623    1305032384.9302
873 1305032384.966321    1305032384.979039    1305032384.9702
874 1305032384.998291    1305032385.011611    1305032385.0002
875 1305032385.030348    1305032385.047788    1305032385.0302
876 1305032385.066236    1305032385.079238    1305032385.0701
877 1305032385.098221    1305032385.110028    1305032385.1002
878 1305032385.130368    1305032385.147955    1305032385.1302
879 1305032385.166295    1305032385.180315    1305032385.1702
880 1305032385.198298    1305032385.212521    1305032385.2002
881 1305032385.230529    1305032385.247861    1305032385.2303
882 1305032385.266354    1305032385.279278    1305032385.2702
883 1305032385.298337    1305032385.313088    1305032385.3002
884 1305032385.330400    1305032385.313088    1305032385.3302
885 1305032385.366405    1305032385.379172    1305032385.3701
886 1305032385.398286    1305032385.411331    1305032385.4002
887 1305032385.430290    1305032385.446560    1305032385.4302
888 1305032385.466253    1305032385.478895    1305032385.4702
889 1305032385.498209    1305032385.512276    1305032385.5002
890 1305032385.530304    1305032385.546621    1305032385.5302
891 1305032385.566282    1305032385.579100    1305032385.5702
892 1305032385.598292    1305032385.611944    1305032385.6002
893 1305032385.630323    1305032385.647972    1305032385.6301
894 1305032385.666392    1305032385.677687    1305032385.6702
895 1305032385.698221    1305032385.708060    1305032385.7002
896 1305032385.730305    1305032385.743325    1305032385.7302
897 1305032385.766216    1305032385.779209    1305032385.7702
898 1305032385.798268    1305032385.816091    1305032385.8002
899 1305032385.830307    1305032385.816091    1305032385.8302
900 1305032385.866318    1305032385.879571    1305032385.8702
901 1305032385.898326    1305032385.915659    1305032385.9001
902 1305032385.930288    1305032385.943376    1305032385.9302
903 1305032385.966310    1305032385.980099    1305032385.9702
904 1305032385.998400    1305032386.014821    1305032386.0001
905 1305032386.030330    1305032386.014821    1305032386.0302
906 1305032386.066256    1305032386.080071    1305032386.0701
907 1305032386.098542    1305032386.115561    1305032386.1002
908 1305032386.130381    1305032386.115561    1305032386.1302
909 1305032386.166258    1305032386.179328    1305032386.1704
910 1305032386.198223    1305032386.215559    1305032386.2001
911 1305032386.230319    1305032386.243605    1305032386.2302
912 1305032386.266337    1305032386.278957    1305032386.2702
913 1305032386.298255    1305032386.315386    1305032386.3002
914 1305032386.330294    1305032386.315386    1305032386.3302
915 1305032386.366261    1305032386.379033    1305032386.3701
916 1305032386.398258    1305032386.415310    1305032386.4002
917 1305032386.430384    1305032386.415310    1305032386.4302
918 1305032386.466238    1305032386.479658    1305032386.4701
919 1305032386.498351    1305032386.514929    1305032386.5001
920 1305032386.530449    1305032386.514929    1305032386.5302
921 1305032386.566270    1305032386.578838    1305032386.5702
922 1305032386.598281    1305032386.614264    1305032386.6002
923 1305032386.630302    1305032386.646315    1305032386.6302
924 1305032386.666363    1305032386.678968    1305032386.6701
925 1305032386.698268    1305032386.714163    1305032386.7002
926 1305032386.730306    1305032386.746448    1305032386.7305
927 1305032386.766239    1305032386.778959    1305032386.7702
928 1305032386.798231    1305032386.814157    1305032386.8002
929 1305032386.830304    1305032386.814157    1305032386.8302
930 1305032386.866257    1305032386.878932    1305032386.8701
931 1305032386.898317    1305032386.915107    1305032386.9002
932 1305032386.930353    1305032386.915107    1305032386.9301
933 1305032386.966319    1305032386.979534    1305032386.9702
934 1305032386.998300    1305032387.015340    1305032387.0001
935 1305032387.030343    1305032387.015340    1305032387.0301
936 1305032387.066271    1305032387.083123    1305032387.0702
937 1305032387.098286    1305032387.083123    1305032387.1001
938 1305032387.130350    1305032387.115144    1305032387.1301
939 1305032387.166222    1305032387.183366    1305032387.1701
940 1305032387.198268    1305032387.211762    1305032387.2001
941 1305032387.230283    1305032387.243500    1305032387.2301
942 1305032387.266418    1305032387.283242    1305032387.2701
943 1305032387.298368    1305032387.283242    1305032387.3001
944 1305032387.330577    1305032387.315110    1305032387.3301
945 1305032387.366220    1305032387.382764    1305032387.3701
946 1305032387.398271    1305032387.382764    1305032387.4001
947 1305032387.430273    1305032387.443532    1305032387.4302
948 1305032387.466265    1305032387.482745    1305032387.4702
949 1305032387.498285    1305032387.511705    1305032387.5001
950 1305032387.530295    1305032387.543542    1305032387.5302
951 1305032387.566303    1305032387.583132    1305032387.5701
952 1305032387.598263    1305032387.583132    1305032387.6001
953 1305032387.630372    1305032387.614697    1305032387.6301
954 1305032387.666258    1305032387.682795    1305032387.6701
955 1305032387.698277    1305032387.682795    1305032387.7001
956 1305032387.730288    1305032387.715088    1305032387.7301
957 1305032387.766251    1305032387.782837    1305032387.7702
958 1305032387.798282    1305032387.782837    1305032387.8001
959 1305032387.830291    1305032387.815294    1305032387.8311
960 1305032387.866424    1305032387.883126    1305032387.8701
961 1305032387.898274    1305032387.883126    1305032387.9001
962 1305032387.930296    1305032387.914658    1305032387.9301
963 1305032387.966264    1305032387.983846    1305032387.9701
964 1305032387.998271    1305032387.983846    1305032388.0001
965 1305032388.030284    1305032388.015687    1305032388.0305
966 1305032388.066278    1305032388.083777    1305032388.0701
967 1305032388.098203    1305032388.083777    1305032388.1001
968 1305032388.130279    1305032388.115961    1305032388.1301
969 1305032388.166206    1305032388.184052    1305032388.1701
970 1305032388.198299    1305032388.212538    1305032388.2002
971 1305032388.230288    1305032388.212538    1305032388.2302
972 1305032388.266264    1305032388.250425    1305032388.2701
973 1305032388.298267    1305032388.283226    1305032388.3004
974 1305032388.330289    1305032388.315193    1305032388.3309
975 1305032388.366200    1305032388.350541    1305032388.3701
976 1305032388.398324    1305032388.383342    1305032388.4001
977 1305032388.430353    1305032388.414973    1305032388.4301
978 1305032388.466360    1305032388.450875    1305032388.4701
979 1305032388.498314    1305032388.483696    1305032388.5001
980 1305032388.530317    1305032388.515455    1305032388.5301
981 1305032388.566433    1305032388.581086    1305032388.5701
982 1305032388.598102    1305032388.615087    1305032388.6001
983 1305032388.630638    1305032388.615087    1305032388.6309
984 1305032388.666463    1305032388.650929    1305032388.6701
985 1305032388.698276    1305032388.684041    1305032388.7001
986 1305032388.730300    1305032388.713169    1305032388.7302
987 1305032388.766466    1305032388.751435    1305032388.7701
988 1305032388.798291    1305032388.783449    1305032388.8002
989 1305032388.830274    1305032388.814824    1305032388.8304
990 1305032388.866265    1305032388.882983    1305032388.8701
991 1305032388.898315    1305032388.882983    1305032388.9001
992 1305032388.930350    1305032388.914716    1305032388.9301
993 1305032388.966222    1305032388.950492    1305032388.9701
994 1305032388.998435    1305032388.983354    1305032389.0001
995 1305032389.030354    1305032389.015302    1305032389.0301
996 1305032389.066283    1305032389.050498    1305032389.0701
997 1305032389.098475    1305032389.083544    1305032389.1001
998 1305032389.130339    1305032389.114834    1305032389.1304
999 1305032389.166249    1305032389.150563    1305032389.1701
1000 1305032389.198192    1305032389.183847    1305032389.2001
1001 1305032389.230352    1305032389.215520    1305032389.2301
1002 1305032389.266261    1305032389.251042    1305032389.2701
1003 1305032389.298468    1305032389.283231    1305032389.3001
1004 1305032389.330364    1305032389.315296    1305032389.3301
1005 1305032389.366289    1305032389.351461    1305032389.3701
1006 1305032389.398221    1305032389.383520    1305032389.4001
1007 1305032389.430273    1305032389.415851    1305032389.4301
1008 1305032389.466345    1305032389.484520    1305032389.4701
1009 1305032389.498274    1305032389.484520    1305032389.5001
1010 1305032389.530390    1305032389.519411    1305032389.5301
1011 1305032389.566312    1305032389.551432    1305032389.5701
1012 1305032389.598318    1305032389.583908    1305032389.6001
1013 1305032389.630446    1305032389.619179    1305032389.6300
1014 1305032389.666311    1305032389.651751    1305032389.6701
1015 1305032389.698354    1305032389.683655    1305032389.7001
1016 1305032389.730325    1305032389.719141    1305032389.7301
1017 1305032389.766305    1305032389.751256    1305032389.7701
1018 1305032389.798350    1305032389.783396    1305032389.8001
1019 1305032389.830333    1305032389.815171    1305032389.8305
1020 1305032389.866297    1305032389.850251    1305032389.8701
1021 1305032389.898298    1305032389.883751    1305032389.9001
1022 1305032389.930390    1305032389.915433    1305032389.9303
1023 1305032389.966584    1305032389.950745    1305032389.9701
1024 1305032389.998160    1305032389.982637    1305032390.0001
1025 1305032390.030360    1305032390.019198    1305032390.0300
1026 1305032390.066362    1305032390.053174    1305032390.0700
1027 1305032390.098296    1305032390.081015    1305032390.1001
1028 1305032390.130365    1305032390.118347    1305032390.1301
1029 1305032390.166283    1305032390.149354    1305032390.1700
1030 1305032390.198282    1305032390.183538    1305032390.2001
1031 1305032390.230411    1305032390.219241    1305032390.2300
1032 1305032390.266217    1305032390.251134    1305032390.2700
1033 1305032390.298276    1305032390.282589    1305032390.3001
1034 1305032390.330278    1305032390.314979    1305032390.3300
1035 1305032390.366126    1305032390.350267    1305032390.3700
1036 1305032390.398300    1305032390.382610    1305032390.4001
1037 1305032390.430297    1305032390.415081    1305032390.4301
1038 1305032390.466247    1305032390.479658    1305032390.4700
1039 1305032390.498379    1305032390.514929    1305032390.5001
1040 1305032390.530298    1305032390.514929    1305032390.5300
1041 1305032390.566260    1305032390.550339    1305032390.5700
1042 1305032390.598269    1305032390.582772    1305032390.6001
1043 1305032390.630354    1305032390.618377    1305032390.6300
1044 1305032390.666360    1305032390.650434    1305032390.6700
1045 1305032390.698339    1305032390.682873    1305032390.7000
1046 1305032390.730324    1305032390.718194    1305032390.7300
1047 1305032390.766286    1305032390.750175    1305032390.7701
1048 1305032390.798308    1305032390.786274    1305032390.8000
1049 1305032390.830359    1305032390.818507    1305032390.8300
1050 1305032390.866336    1305032390.850437    1305032390.8700
1051 1305032390.898311    1305032390.886597    1305032390.9000
1052 1305032390.930353    1305032390.918398    1305032390.9300
1053 1305032390.966292    1305032390.950305    1305032390.9701
1054 1305032390.998365    1305032390.987238    1305032391.0000
1055 1305032391.030566    1305032391.019268    1305032391.0300
1056 1305032391.066281    1305032391.051279    1305032391.0700
1057 1305032391.098310    1305032391.087153    1305032391.1000
1058 1305032391.130361    1305032391.118251    1305032391.1301
1059 1305032391.166263    1305032391.150434    1305032391.1700
1060 1305032391.198275    1305032391.186761    1305032391.2000
1061 1305032391.230301    1305032391.218382    1305032391.2300
1062 1305032391.266335    1305032391.250262    1305032391.2700
1063 1305032391.298278    1305032391.286409    1305032391.3004
1064 1305032391.330276    1305032391.318198    1305032391.3101
1065 1305032391.366253    1305032391.350223    1305032391.3700
1066 1305032391.398298    1305032391.386404    1305032391.4000
1067 1305032391.430307    1305032391.418275    1305032391.4300
1068 1305032391.466196    1305032391.450231    1305032391.4700
1069 1305032391.498122    1305032391.483296    1305032391.5001
1070 1305032391.530302    1305032391.518579    1305032391.5300
1071 1305032391.566367    1305032391.548166    1305032391.5701
1072 1305032391.598147    1305032391.584774    1305032391.6000
1073 1305032391.630273    1305032391.617070    1305032391.6300
1074 1305032391.666362    1305032391.683817    1305032391.6700
1075 1305032391.698346    1305032391.683817    1305032391.7001
1076 1305032391.730278    1305032391.719489    1305032391.7300
1077 1305032391.766303    1305032391.784539    1305032391.7701
1078 1305032391.798157    1305032391.784539    1305032391.8000
1079 1305032391.830252    1305032391.815353    1305032391.8300
1080 1305032391.866276    1305032391.850480    1305032391.8703
1081 1305032391.898229    1305032391.884688    1305032391.9005
1082 1305032391.930429    1305032391.921342    1305032391.9300
1083 1305032391.966414    1305032391.953133    1305032391.9700
1084 1305032391.998270    1305032391.983420    1305032392.0000
