freiburg1_360
image      depth      pose
0 1305031790.645155    1305031790.640468    1305031790.6406
1 1305031790.681208    1305031790.672866    1305031790.6806
2 1305031790.713097    1305031790.709421    1305031790.7106
3 1305031790.745223    1305031790.739530    1305031790.7406
4 1305031790.781258    1305031790.773548    1305031790.7806
5 1305031790.813207    1305031790.809521    1305031790.8105
6 1305031790.845151    1305031790.839363    1305031790.8405
7 1305031790.882094    1305031790.871606    1305031790.8806
8 1305031790.945171    1305031790.941495    1305031790.9406
9 1305031790.981159    1305031790.973696    1305031790.9805
10 1305031791.013075    1305031791.009486    1305031791.0105
11 1305031791.045137    1305031791.041197    1305031791.0406
12 1305031791.081293    1305031791.073525    1305031791.0805
13 1305031791.113136    1305031791.109452    1305031791.1105
14 1305031791.145096    1305031791.141330    1305031791.1406
15 1305031791.181287    1305031791.173227    1305031791.1806
16 1305031791.213098    1305031791.209506    1305031791.2106
17 1305031791.245087    1305031791.241091    1305031791.2406
18 1305031791.281340    1305031791.273558    1305031791.2805
19 1305031791.313088    1305031791.309764    1305031791.3105
20 1305031791.345123    1305031791.341415    1305031791.3406
21 1305031791.382161    1305031791.373525    1305031791.3806
22 1305031791.445165    1305031791.441538    1305031791.4406
23 1305031791.481375    1305031791.473230    1305031791.4805
24 1305031791.513084    1305031791.509595    1305031791.5105
25 1305031791.545065    1305031791.541450    1305031791.5406
26 1305031791.581127    1305031791.574034    1305031791.5805
27 1305031791.613194    1305031791.609401    1305031791.6105
28 1305031791.645074    1305031791.641229    1305031791.6406
29 1305031791.681062    1305031791.677621    1305031791.6805
30 1305031791.713242    1305031791.709275    1305031791.7105
31 1305031791.745148    1305031791.741364    1305031791.7405
32 1305031791.781286    1305031791.776668    1305031791.7805
33 1305031791.813247    1305031791.808429    1305031791.8106
34 1305031791.845123    1305031791.840375    1305031791.8405
35 1305031791.881072    1305031791.876494    1305031791.8806
36 1305031791.913193    1305031791.908433    1305031791.9106
37 1305031791.948998    1305031791.944357    1305031791.9505
38 1305031791.981259    1305031791.977200    1305031791.9806
39 1305031792.013213    1305031792.005506    1305031792.0105
40 1305031792.050221    1305031792.041730    1305031792.0505
41 1305031792.113127    1305031792.109497    1305031792.1105
42 1305031792.149109    1305031792.141484    1305031792.1506
43 1305031792.181099    1305031792.177376    1305031792.1806
44 1305031792.213166    1305031792.209274    1305031792.2105
45 1305031792.249088    1305031792.241751    1305031792.2505
46 1305031792.281069    1305031792.277507    1305031792.2805
47 1305031792.313073    1305031792.309357    1305031792.3105
48 1305031792.349198    1305031792.341029    1305031792.3506
49 1305031792.381062    1305031792.377088    1305031792.3806
50 1305031792.413074    1305031792.409323    1305031792.4105
51 1305031792.449168    1305031792.441590    1305031792.4505
52 1305031792.481098    1305031792.477100    1305031792.4805
53 1305031792.513052    1305031792.509589    1305031792.5106
54 1305031792.549157    1305031792.541061    1305031792.5505
55 1305031792.581136    1305031792.577055    1305031792.5805
56 1305031792.613102    1305031792.609388    1305031792.6105
57 1305031792.649254    1305031792.641219    1305031792.6505
58 1305031792.681063    1305031792.677662    1305031792.6805
59 1305031792.713116    1305031792.709219    1305031792.7105
60 1305031792.749097    1305031792.741510    1305031792.7506
61 1305031792.781106    1305031792.777507    1305031792.7805
62 1305031792.813144    1305031792.809440    1305031792.8106
63 1305031792.849022    1305031792.845359    1305031792.8505
64 1305031792.881064    1305031792.877574    1305031792.8805
65 1305031792.913316    1305031792.909293    1305031792.9105
66 1305031792.949047    1305031792.945340    1305031792.9505
67 1305031792.981139    1305031792.977564    1305031792.9805
68 1305031793.013059    1305031793.009530    1305031793.0106
69 1305031793.049115    1305031793.045243    1305031793.0505
70 1305031793.081172    1305031793.077518    1305031793.0805
71 1305031793.113126    1305031793.109651    1305031793.1105
72 1305031793.149098    1305031793.145401    1305031793.1505
73 1305031793.181113    1305031793.177537    1305031793.1805
74 1305031793.213203    1305031793.209609    1305031793.2105
75 1305031793.249128    1305031793.245617    1305031793.2505
76 1305031793.281300    1305031793.277180    1305031793.2805
77 1305031793.313159    1305031793.309399    1305031793.3105
78 1305031793.349110    1305031793.345594    1305031793.3505
79 1305031793.381139    1305031793.377232    1305031793.3805
80 1305031793.413790    1305031793.405708    1305031793.4106
81 1305031793.449092    1305031793.442259    1305031793.4505
82 1305031793.481359    1305031793.474150    1305031793.4805
83 1305031793.513246    1305031793.507244    1305031793.5105
84 1305031793.549071    1305031793.545400    1305031793.5505
85 1305031793.581157    1305031793.577186    1305031793.5805
86 1305031793.613153    1305031793.609703    1305031793.6106
87 1305031793.649429    1305031793.645429    1305031793.6505
88 1305031793.681107    1305031793.677435    1305031793.6805
89 1305031793.713169    1305031793.709532    1305031793.7105
90 1305031793.749040    1305031793.745574    1305031793.7505
91 1305031793.781106    1305031793.777364    1305031793.7805
92 1305031793.813185    1305031793.809469    1305031793.8105
93 1305031793.849143    1305031793.844756    1305031793.8505
94 1305031793.881130    1305031793.876455    1305031793.8805
95 1305031793.913043    1305031793.908753    1305031793.9105
96 1305031793.949037    1305031793.946431    1305031793.9505
97 1305031793.981122    1305031793.976745    1305031793.9805
98 1305031794.013091    1305031794.009162    1305031794.0105
99 1305031794.049085    1305031794.044747    1305031794.0505
100 1305031794.081104    1305031794.076455    1305031794.0805
101 1305031794.113117    1305031794.112475    1305031794.1105
102 1305031794.149250    1305031794.145599    1305031794.1505
103 1305031794.181114    1305031794.177734    1305031794.1805
104 1305031794.213850    1305031794.213866    1305031794.2105
105 1305031794.249049    1305031794.245539    1305031794.2505
106 1305031794.281224    1305031794.277346    1305031794.2805
107 1305031794.313689    1305031794.313708    1305031794.3105
108 1305031794.349120    1305031794.345350    1305031794.3505
109 1305031794.381128    1305031794.377641    1305031794.3805
110 1305031794.414141    1305031794.414154    1305031794.4105
111 1305031794.448978    1305031794.445415    1305031794.4505
112 1305031794.481048    1305031794.477731    1305031794.4805
113 1305031794.513623    1305031794.513643    1305031794.5105
114 1305031794.549055    1305031794.545650    1305031794.5504
115 1305031794.581098    1305031794.577340    1305031794.5805
116 1305031794.613605    1305031794.613627    1305031794.6105
117 1305031794.649050    1305031794.645569    1305031794.6505
118 1305031794.681066    1305031794.677507    1305031794.6805
119 1305031794.713569    1305031794.713599    1305031794.7105
120 1305031794.749055    1305031794.745368    1305031794.7504
121 1305031794.781053    1305031794.776816    1305031794.7805
122 1305031794.813436    1305031794.813463    1305031794.8105
123 1305031794.849048    1305031794.846026    1305031794.8505
124 1305031794.881088    1305031794.873764    1305031794.8805
125 1305031794.913315    1305031794.910108    1305031794.9104
126 1305031794.948993    1305031794.945596    1305031794.9505
127 1305031794.981050    1305031794.977250    1305031794.9806
128 1305031795.013529    1305031795.013538    1305031795.0105
129 1305031795.049021    1305031795.045683    1305031795.0504
130 1305031795.081170    1305031795.077205    1305031795.0805
131 1305031795.113213    1305031795.113230    1305031795.1105
132 1305031795.149077    1305031795.145139    1305031795.1505
133 1305031795.181142    1305031795.177574    1305031795.1805
134 1305031795.213481    1305031795.213517    1305031795.2105
135 1305031795.249044    1305031795.245440    1305031795.2504
136 1305031795.281099    1305031795.277594    1305031795.2805
137 1305031795.312920    1305031795.312820    1305031795.3106
138 1305031795.349100    1305031795.345404    1305031795.3505
139 1305031795.381002    1305031795.381033    1305031795.3804
140 1305031795.413224    1305031795.413248    1305031795.4105
141 1305031795.449070    1305031795.444944    1305031795.4505
142 1305031795.481096    1305031795.480855    1305031795.4804
143 1305031795.513242    1305031795.509058    1305031795.5105
144 1305031795.549114    1305031795.543822    1305031795.5505
145 1305031795.581136    1305031795.580571    1305031795.5805
146 1305031795.613267    1305031795.612694    1305031795.6105
147 1305031795.649064    1305031795.644499    1305031795.6505
148 1305031795.681015    1305031795.680455    1305031795.6806
149 1305031795.713123    1305031795.713145    1305031795.7105
150 1305031795.749082    1305031795.745356    1305031795.7505
151 1305031795.781166    1305031795.781187    1305031795.7805
152 1305031795.813074    1305031795.812774    1305031795.8105
153 1305031795.849070    1305031795.844570    1305031795.8505
154 1305031795.881078    1305031795.880527    1305031795.8805
155 1305031795.913138    1305031795.909127    1305031795.9105
156 1305031795.949065    1305031795.944316    1305031795.9504
157 1305031795.981148    1305031795.980897    1305031795.9805
158 1305031796.013148    1305031796.012654    1305031796.0105
159 1305031796.049088    1305031796.045068    1305031796.0505
160 1305031796.081227    1305031796.081241    1305031796.0805
161 1305031796.113719    1305031796.113736    1305031796.1105
162 1305031796.149087    1305031796.145545    1305031796.1505
163 1305031796.181009    1305031796.179196    1305031796.1805
164 1305031796.213056    1305031796.212249    1305031796.2105
165 1305031796.249114    1305031796.244465    1305031796.2505
166 1305031796.281099    1305031796.280467    1305031796.2804
167 1305031796.313206    1305031796.312376    1305031796.3106
168 1305031796.349054    1305031796.342290    1305031796.3505
169 1305031796.381169    1305031796.380122    1305031796.3805
170 1305031796.413114    1305031796.411800    1305031796.4105
171 1305031796.449049    1305031796.444268    1305031796.4505
172 1305031796.481178    1305031796.481198    1305031796.4805
173 1305031796.513165    1305031796.512896    1305031796.5105
174 1305031796.549414    1305031796.544633    1305031796.5504
175 1305031796.581120    1305031796.581150    1305031796.5805
176 1305031796.613166    1305031796.613198    1305031796.6106
177 1305031796.649028    1305031796.649045    1305031796.6505
178 1305031796.681030    1305031796.679446    1305031796.6805
179 1305031796.713147    1305031796.712815    1305031796.7105
180 1305031796.749469    1305031796.749489    1305031796.7504
181 1305031796.781363    1305031796.781421    1305031796.7805
182 1305031796.813481    1305031796.813561    1305031796.8106
183 1305031796.849581    1305031796.849638    1305031796.8505
184 1305031796.881184    1305031796.877643    1305031796.8805
185 1305031796.913356    1305031796.913380    1305031796.9104
186 1305031796.949588    1305031796.949604    1305031796.9505
187 1305031796.981203    1305031796.980992    1305031796.9805
188 1305031797.013522    1305031797.013555    1305031797.0104
189 1305031797.049323    1305031797.049352    1305031797.0505
190 1305031797.081390    1305031797.081428    1305031797.0805
191 1305031797.113039    1305031797.112264    1305031797.1104
192 1305031797.149544    1305031797.149559    1305031797.1504
193 1305031797.181422    1305031797.181442    1305031797.1805
194 1305031797.213700    1305031797.213717    1305031797.2104
195 1305031797.249703    1305031797.249736    1305031797.2504
196 1305031797.281270    1305031797.281280    1305031797.2804
197 1305031797.313580    1305031797.313591    1305031797.3104
198 1305031797.349646    1305031797.349653    1305031797.3504
199 1305031797.381715    1305031797.381725    1305031797.3805
200 1305031797.413427    1305031797.413444    1305031797.4105
201 1305031797.449441    1305031797.449459    1305031797.4504
202 1305031797.481228    1305031797.481250    1305031797.4804
203 1305031797.513094    1305031797.511821    1305031797.5104
204 1305031797.549579    1305031797.549595    1305031797.5505
205 1305031797.581134    1305031797.577492    1305031797.5805
206 1305031797.613380    1305031797.613482    1305031797.6105
207 1305031797.649456    1305031797.649463    1305031797.6504
208 1305031797.681479    1305031797.681494    1305031797.6805
209 1305031797.713069    1305031797.711478    1305031797.7105
210 1305031797.749314    1305031797.749330    1305031797.7505
211 1305031797.781335    1305031797.781348    1305031797.7805
212 1305031797.815809    1305031797.815855    1305031797.8204
213 1305031797.849286    1305031797.849306    1305031797.8505
214 1305031797.881089    1305031797.877576    1305031797.8805
215 1305031797.917110    1305031797.917116    1305031797.9204
216 1305031797.949860    1305031797.949871    1305031797.9505
217 1305031797.981341    1305031797.981971    1305031797.9804
218 1305031798.015014    1305031798.015269    1305031798.0105
219 1305031798.049486    1305031798.049495    1305031798.0504
220 1305031798.081407    1305031798.081417    1305031798.0805
221 1305031798.114761    1305031798.114860    1305031798.1105
222 1305031798.150524    1305031798.149092    1305031798.1505
223 1305031798.216929    1305031798.216938    1305031798.2204
224 1305031798.249819    1305031798.249843    1305031798.2504
225 1305031798.281361    1305031798.277285    1305031798.2805
226 1305031798.316991    1305031798.317008    1305031798.3205
227 1305031798.349307    1305031798.349326    1305031798.3504
228 1305031798.381404    1305031798.381412    1305031798.3804
229 1305031798.417222    1305031798.417238    1305031798.4204
230 1305031798.449035    1305031798.449066    1305031798.4504
231 1305031798.481500    1305031798.481517    1305031798.4804
232 1305031798.517143    1305031798.517491    1305031798.5204
233 1305031798.548961    1305031798.548782    1305031798.5504
234 1305031798.581180    1305031798.581190    1305031798.5805
235 1305031798.616885    1305031798.616969    1305031798.6204
236 1305031798.649358    1305031798.649387    1305031798.6505
237 1305031798.681151    1305031798.681173    1305031798.6805
238 1305031798.717510    1305031798.717545    1305031798.7204
239 1305031798.749406    1305031798.749417    1305031798.7504
240 1305031798.781065    1305031798.780379    1305031798.7805
241 1305031798.816637    1305031798.816718    1305031798.8205
242 1305031798.849096    1305031798.848499    1305031798.8505
243 1305031798.881162    1305031798.880461    1305031798.8805
244 1305031798.916729    1305031798.916769    1305031798.9205
245 1305031798.949081    1305031798.948386    1305031798.9504
246 1305031798.981161    1305031798.977548    1305031798.9805
247 1305031799.016404    1305031799.016423    1305031799.0205
248 1305031799.049074    1305031799.048165    1305031799.0504
249 1305031799.084199    1305031799.084229    1305031799.0804
250 1305031799.116265    1305031799.116275    1305031799.1204
251 1305031799.149115    1305031799.148353    1305031799.1504
252 1305031799.184118    1305031799.184133    1305031799.1804
253 1305031799.216310    1305031799.216330    1305031799.2204
254 1305031799.249363    1305031799.248919    1305031799.2504
255 1305031799.282103    1305031799.282109    1305031799.2805
256 1305031799.317034    1305031799.317052    1305031799.3204
257 1305031799.349113    1305031799.345225    1305031799.3504
258 1305031799.385805    1305031799.385836    1305031799.3904
259 1305031799.449387    1305031799.449416    1305031799.4504
260 1305031799.485240    1305031799.485270    1305031799.4804
261 1305031799.517013    1305031799.517032    1305031799.5204
262 1305031799.549017    1305031799.548193    1305031799.5504
263 1305031799.581367    1305031799.581386    1305031799.5805
264 1305031799.617168    1305031799.617188    1305031799.6204
265 1305031799.649389    1305031799.649673    1305031799.6504
266 1305031799.685205    1305031799.685493    1305031799.6805
267 1305031799.717255    1305031799.717286    1305031799.7204
268 1305031799.749314    1305031799.749321    1305031799.7505
269 1305031799.785009    1305031799.785018    1305031799.7804
270 1305031799.849541    1305031799.849553    1305031799.8505
271 1305031799.885152    1305031799.885163    1305031799.8805
272 1305031799.916936    1305031799.916952    1305031799.9204
273 1305031799.949274    1305031799.949350    1305031799.9504
274 1305031799.985247    1305031799.985260    1305031799.9804
275 1305031800.017563    1305031800.017573    1305031800.0204
276 1305031800.049417    1305031800.049428    1305031800.0504
277 1305031800.085021    1305031800.085033    1305031800.0804
278 1305031800.117100    1305031800.117205    1305031800.1204
279 1305031800.149417    1305031800.149430    1305031800.1504
280 1305031800.185371    1305031800.185401    1305031800.1805
281 1305031800.217463    1305031800.217472    1305031800.2204
282 1305031800.249365    1305031800.249376    1305031800.2504
283 1305031800.285564    1305031800.285574    1305031800.2904
284 1305031800.317620    1305031800.317706    1305031800.3204
285 1305031800.353543    1305031800.353570    1305031800.3505
286 1305031800.386097    1305031800.386128    1305031800.3904
287 1305031800.453733    1305031800.453754    1305031800.4504
288 1305031800.485544    1305031800.485575    1305031800.4904
289 1305031800.517718    1305031800.517739    1305031800.5204
290 1305031800.553322    1305031800.553340    1305031800.5504
291 1305031800.585471    1305031800.585490    1305031800.5904
292 1305031800.617797    1305031800.617831    1305031800.6204
293 1305031800.653606    1305031800.653624    1305031800.6505
294 1305031800.685391    1305031800.685405    1305031800.6804
295 1305031800.753142    1305031800.753166    1305031800.7505
296 1305031800.816073    1305031800.816096    1305031800.8204
297 1305031800.853902    1305031800.853919    1305031800.8504
298 1305031800.885387    1305031800.885396    1305031800.8804
299 1305031800.917407    1305031800.917427    1305031800.9204
300 1305031800.953310    1305031800.953700    1305031800.9504
301 1305031800.985456    1305031800.985467    1305031800.9904
302 1305031801.017245    1305031801.017256    1305031801.0204
303 1305031801.053185    1305031801.053202    1305031801.0504
304 1305031801.085451    1305031801.085709    1305031801.0808
305 1305031801.118492    1305031801.117929    1305031801.1204
306 1305031801.183861    1305031801.183875    1305031801.1804
307 1305031801.253716    1305031801.253746    1305031801.2505
308 1305031801.285330    1305031801.285341    1305031801.2804
309 1305031801.317991    1305031801.318014    1305031801.3204
310 1305031801.353056    1305031801.353094    1305031801.3505
311 1305031801.385161    1305031801.385194    1305031801.3805
312 1305031801.417254    1305031801.417407    1305031801.4204
313 1305031801.453669    1305031801.453727    1305031801.4504
314 1305031801.485339    1305031801.485350    1305031801.4804
315 1305031801.521102    1305031801.521131    1305031801.5204
316 1305031801.585121    1305031801.585137    1305031801.5804
317 1305031801.621195    1305031801.621227    1305031801.6204
318 1305031801.653120    1305031801.653135    1305031801.6504
319 1305031801.685203    1305031801.685234    1305031801.6804
320 1305031801.721817    1305031801.721833    1305031801.7204
321 1305031801.785174    1305031801.785189    1305031801.7805
322 1305031801.821418    1305031801.821431    1305031801.8204
323 1305031801.885576    1305031801.885594    1305031801.8904
324 1305031801.921443    1305031801.921490    1305031801.9204
325 1305031801.953529    1305031801.953537    1305031801.9504
326 1305031801.985177    1305031801.985210    1305031801.9804
327 1305031802.019635    1305031802.019644    1305031802.0204
328 1305031802.053378    1305031802.053402    1305031802.0504
329 1305031802.085024    1305031802.085036    1305031802.0804
330 1305031802.121330    1305031802.121342    1305031802.1204
331 1305031802.153489    1305031802.153506    1305031802.1504
332 1305031802.219761    1305031802.219780    1305031802.2204
333 1305031802.253164    1305031802.253201    1305031802.2504
334 1305031802.285391    1305031802.285410    1305031802.2805
335 1305031802.321380    1305031802.321392    1305031802.3205
336 1305031802.355076    1305031802.353673    1305031802.3505
337 1305031802.421369    1305031802.421381    1305031802.4205
338 1305031802.485287    1305031802.485366    1305031802.4806
339 1305031802.521528    1305031802.521559    1305031802.5205
340 1305031802.553670    1305031802.553684    1305031802.5505
341 1305031802.585495    1305031802.585533    1305031802.5805
342 1305031802.621110    1305031802.621150    1305031802.6205
343 1305031802.685525    1305031802.685539    1305031802.6805
344 1305031802.721569    1305031802.721583    1305031802.7206
345 1305031802.781462    1305031802.789007    1305031802.7806
346 1305031802.821775    1305031802.821805    1305031802.8206
347 1305031802.853834    1305031802.853857    1305031802.8506
348 1305031802.921541    1305031802.921571    1305031802.9206
349 1305031802.954816    1305031802.954186    1305031802.9508
350 1305031803.021892    1305031803.021911    1305031803.0207
351 1305031803.053848    1305031803.053859    1305031803.0507
352 1305031803.122150    1305031803.122288    1305031803.1206
353 1305031803.153726    1305031803.153738    1305031803.1506
354 1305031803.222085    1305031803.222097    1305031803.2207
355 1305031803.253820    1305031803.253833    1305031803.2507
356 1305031803.317577    1305031803.317616    1305031803.3206
357 1305031803.353814    1305031803.353839    1305031803.3507
358 1305031803.421407    1305031803.421427    1305031803.4207
359 1305031803.481465    1305031803.489758    1305031803.4807
360 1305031803.517799    1305031803.517807    1305031803.5206
361 1305031803.553155    1305031803.553175    1305031803.5506
362 1305031803.617751    1305031803.617801    1305031803.6207
363 1305031803.655171    1305031803.654299    1305031803.6506
364 1305031803.721616    1305031803.721631    1305031803.7207
365 1305031803.753975    1305031803.754202    1305031803.7507
366 1305031803.822206    1305031803.822228    1305031803.8206
367 1305031803.854255    1305031803.854272    1305031803.8509
368 1305031803.922274    1305031803.922306    1305031803.9206
369 1305031803.953868    1305031803.953878    1305031803.9506
370 1305031804.021970    1305031804.021991    1305031804.0206
371 1305031804.081462    1305031804.090568    1305031804.0806
372 1305031804.121789    1305031804.121807    1305031804.1206
373 1305031804.181425    1305031804.190025    1305031804.1806
374 1305031804.221921    1305031804.221943    1305031804.2207
375 1305031804.281501    1305031804.289105    1305031804.2807
376 1305031804.321896    1305031804.322186    1305031804.3206
377 1305031804.381556    1305031804.388583    1305031804.3806
378 1305031804.420328    1305031804.420347    1305031804.4206
379 1305031804.481461    1305031804.488618    1305031804.4806
380 1305031804.520303    1305031804.520334    1305031804.5206
381 1305031804.581465    1305031804.588603    1305031804.5807
382 1305031804.620866    1305031804.620878    1305031804.6206
383 1305031804.681565    1305031804.689811    1305031804.6806
384 1305031804.721729    1305031804.721742    1305031804.7206
385 1305031804.781659    1305031804.794542    1305031804.7807
386 1305031804.821911    1305031804.822160    1305031804.8207
387 1305031804.881471    1305031804.889635    1305031804.8806
388 1305031804.921921    1305031804.921987    1305031804.9206
389 1305031804.981491    1305031804.989454    1305031804.9806
390 1305031805.021242    1305031805.021251    1305031805.0206
391 1305031805.081417    1305031805.088981    1305031805.0806
392 1305031805.120785    1305031805.120822    1305031805.1206
393 1305031805.181532    1305031805.188114    1305031805.1806
394 1305031805.217403    1305031805.224830    1305031805.2206
395 1305031805.249372    1305031805.256506    1305031805.2506
396 1305031805.281451    1305031805.288719    1305031805.2806
397 1305031805.317464    1305031805.324692    1305031805.3207
398 1305031805.349450    1305031805.360488    1305031805.3506
399 1305031805.381600    1305031805.392685    1305031805.3806
400 1305031805.417337    1305031805.426082    1305031805.4206
401 1305031805.449399    1305031805.455941    1305031805.4506
402 1305031805.481531    1305031805.488250    1305031805.4807
403 1305031805.517400    1305031805.524339    1305031805.5207
404 1305031805.549419    1305031805.555936    1305031805.5506
405 1305031805.581456    1305031805.587800    1305031805.5807
406 1305031805.617604    1305031805.626288    1305031805.6206
407 1305031805.649369    1305031805.653600    1305031805.6506
408 1305031805.681431    1305031805.688826    1305031805.6807
409 1305031805.717375    1305031805.724499    1305031805.7206
410 1305031805.749402    1305031805.756662    1305031805.7506
411 1305031805.781456    1305031805.788800    1305031805.7806
412 1305031805.817409    1305031805.825010    1305031805.8206
413 1305031805.849383    1305031805.856722    1305031805.8506
414 1305031805.881469    1305031805.888558    1305031805.8806
415 1305031805.917405    1305031805.924334    1305031805.9206
416 1305031805.949380    1305031805.956398    1305031805.9506
417 1305031805.981495    1305031805.990628    1305031805.9806
418 1305031806.017424    1305031806.026273    1305031806.0206
419 1305031806.049372    1305031806.056329    1305031806.0506
420 1305031806.081522    1305031806.091003    1305031806.0806
421 1305031806.117332    1305031806.126194    1305031806.1206
422 1305031806.149389    1305031806.160305    1305031806.1507
423 1305031806.181476    1305031806.186461    1305031806.1806
424 1305031806.217460    1305031806.226737    1305031806.2206
425 1305031806.249441    1305031806.256407    1305031806.2506
426 1305031806.281505    1305031806.292064    1305031806.2806
427 1305031806.317554    1305031806.324430    1305031806.3206
428 1305031806.349431    1305031806.356698    1305031806.3506
429 1305031806.381481    1305031806.388772    1305031806.3806
430 1305031806.417443    1305031806.428086    1305031806.4206
431 1305031806.449379    1305031806.458170    1305031806.4506
432 1305031806.481355    1305031806.493660    1305031806.4806
433 1305031806.517514    1305031806.531887    1305031806.5206
434 1305031806.549401    1305031806.556751    1305031806.5506
435 1305031806.581728    1305031806.594170    1305031806.5806
436 1305031806.617478    1305031806.625910    1305031806.6206
437 1305031806.649416    1305031806.660594    1305031806.6507
438 1305031806.681381    1305031806.695601    1305031806.6806
439 1305031806.717432    1305031806.725479    1305031806.7206
440 1305031806.749457    1305031806.757877    1305031806.7506
441 1305031806.781564    1305031806.793755    1305031806.7806
442 1305031806.817410    1305031806.821694    1305031806.8206
443 1305031806.849447    1305031806.857332    1305031806.8506
444 1305031806.881395    1305031806.893667    1305031806.8806
445 1305031806.917809    1305031806.925528    1305031806.9206
446 1305031806.949486    1305031806.957342    1305031806.9506
447 1305031806.981465    1305031806.994718    1305031806.9806
448 1305031807.017431    1305031807.025349    1305031807.0206
449 1305031807.049424    1305031807.057482    1305031807.0506
450 1305031807.081512    1305031807.094797    1305031807.0806
451 1305031807.117436    1305031807.125639    1305031807.1206
452 1305031807.149381    1305031807.158021    1305031807.1506
453 1305031807.181430    1305031807.193815    1305031807.1806
454 1305031807.217449    1305031807.226069    1305031807.2206
455 1305031807.249425    1305031807.258189    1305031807.2506
456 1305031807.281519    1305031807.294600    1305031807.2806
457 1305031807.317449    1305031807.325779    1305031807.3206
458 1305031807.349398    1305031807.356999    1305031807.3506
459 1305031807.381439    1305031807.394901    1305031807.3806
460 1305031807.417438    1305031807.425389    1305031807.4207
461 1305031807.449510    1305031807.456981    1305031807.4505
462 1305031807.481516    1305031807.493776    1305031807.4806
463 1305031807.517475    1305031807.525569    1305031807.5206
464 1305031807.549397    1305031807.558514    1305031807.5506
465 1305031807.581447    1305031807.593758    1305031807.5806
466 1305031807.617576    1305031807.625726    1305031807.6205
467 1305031807.649399    1305031807.657923    1305031807.6506
468 1305031807.681493    1305031807.695218    1305031807.6806
469 1305031807.717426    1305031807.725763    1305031807.7206
470 1305031807.749401    1305031807.763921    1305031807.7506
471 1305031807.781497    1305031807.794370    1305031807.7806
472 1305031807.817444    1305031807.825649    1305031807.8206
473 1305031807.849449    1305031807.862767    1305031807.8506
474 1305031807.881470    1305031807.895051    1305031807.8806
475 1305031807.917395    1305031807.922091    1305031807.9206
476 1305031807.949413    1305031807.960371    1305031807.9505
477 1305031807.981324    1305031807.990310    1305031807.9806
478 1305031808.017397    1305031808.025493    1305031808.0206
479 1305031808.049392    1305031808.060837    1305031808.0508
480 1305031808.081430    1305031808.094509    1305031808.0806
481 1305031808.117668    1305031808.124869    1305031808.1206
482 1305031808.149433    1305031808.160774    1305031808.1506
483 1305031808.181601    1305031808.193540    1305031808.1806
484 1305031808.217427    1305031808.224541    1305031808.2206
485 1305031808.249410    1305031808.259528    1305031808.2506
486 1305031808.281466    1305031808.292602    1305031808.2805
487 1305031808.317395    1305031808.324524    1305031808.3206
488 1305031808.349431    1305031808.362374    1305031808.3505
489 1305031808.381824    1305031808.394090    1305031808.3805
490 1305031808.417419    1305031808.427040    1305031808.4206
491 1305031808.449356    1305031808.462622    1305031808.4506
492 1305031808.481442    1305031808.493893    1305031808.4806
493 1305031808.517409    1305031808.524551    1305031808.5206
494 1305031808.549430    1305031808.561866    1305031808.5506
495 1305031808.581470    1305031808.590231    1305031808.5805
496 1305031808.617470    1305031808.624717    1305031808.6206
497 1305031808.649371    1305031808.661004    1305031808.6506
498 1305031808.681415    1305031808.692608    1305031808.6806
499 1305031808.717501    1305031808.724581    1305031808.7206
500 1305031808.749404    1305031808.761035    1305031808.7506
501 1305031808.781467    1305031808.792909    1305031808.7806
502 1305031808.817546    1305031808.824645    1305031808.8206
503 1305031808.849389    1305031808.860603    1305031808.8506
504 1305031808.881454    1305031808.894236    1305031808.8806
505 1305031808.917405    1305031808.924712    1305031808.9206
506 1305031808.949458    1305031808.960766    1305031808.9506
507 1305031808.981550    1305031808.994453    1305031808.9806
508 1305031809.017420    1305031809.029773    1305031809.0206
509 1305031809.049495    1305031809.063418    1305031809.0506
510 1305031809.081521    1305031809.097271    1305031809.0806
511 1305031809.117517    1305031809.131663    1305031809.1206
512 1305031809.149422    1305031809.161507    1305031809.1506
513 1305031809.181454    1305031809.194288    1305031809.1806
514 1305031809.217451    1305031809.229538    1305031809.2206
515 1305031809.249425    1305031809.261343    1305031809.2505
516 1305031809.281664    1305031809.294460    1305031809.2806
517 1305031809.317409    1305031809.330064    1305031809.3206
518 1305031809.349286    1305031809.359534    1305031809.3505
519 1305031809.381405    1305031809.393838    1305031809.3805
520 1305031809.417304    1305031809.428411    1305031809.4206
521 1305031809.449429    1305031809.462164    1305031809.4505
522 1305031809.481493    1305031809.493873    1305031809.4805
523 1305031809.517383    1305031809.530074    1305031809.5206
524 1305031809.549381    1305031809.563364    1305031809.5506
525 1305031809.581443    1305031809.594021    1305031809.5806
526 1305031809.617447    1305031809.631035    1305031809.6205
527 1305031809.649447    1305031809.662949    1305031809.6506
528 1305031809.681564    1305031809.693782    1305031809.6806
529 1305031809.717482    1305031809.731309    1305031809.7208
530 1305031809.749405    1305031809.758942    1305031809.7505
531 1305031809.781560    1305031809.793369    1305031809.7806
532 1305031809.817472    1305031809.830391    1305031809.8206
533 1305031809.849358    1305031809.861943    1305031809.8506
534 1305031809.881617    1305031809.895169    1305031809.8806
535 1305031809.917383    1305031809.929860    1305031809.9206
536 1305031809.949442    1305031809.963228    1305031809.9506
537 1305031809.981453    1305031809.994224    1305031809.9806
538 1305031810.017406    1305031810.030062    1305031810.0206
539 1305031810.049474    1305031810.062155    1305031810.0505
540 1305031810.081517    1305031810.095183    1305031810.0806
541 1305031810.117406    1305031810.131056    1305031810.1206
542 1305031810.149419    1305031810.161700    1305031810.1505
543 1305031810.181557    1305031810.197185    1305031810.1805
544 1305031810.217391    1305031810.230520    1305031810.2206
545 1305031810.249478    1305031810.262762    1305031810.2505
546 1305031810.281498    1305031810.298074    1305031810.2807
547 1305031810.317488    1305031810.330937    1305031810.3206
548 1305031810.349482    1305031810.362897    1305031810.3506
549 1305031810.381463    1305031810.396861    1305031810.3806
550 1305031810.417445    1305031810.429920    1305031810.4205
551 1305031810.449427    1305031810.461399    1305031810.4505
552 1305031810.481449    1305031810.496777    1305031810.4806
553 1305031810.517384    1305031810.529947    1305031810.5206
554 1305031810.549512    1305031810.561970    1305031810.5506
555 1305031810.585416    1305031810.598116    1305031810.5806
556 1305031810.617391    1305031810.630327    1305031810.6205
557 1305031810.649392    1305031810.661881    1305031810.6506
558 1305031810.685423    1305031810.698469    1305031810.6805
559 1305031810.717449    1305031810.729616    1305031810.7206
560 1305031810.749419    1305031810.762055    1305031810.7506
561 1305031810.785316    1305031810.798335    1305031810.7806
562 1305031810.817385    1305031810.826635    1305031810.8205
563 1305031810.849415    1305031810.859437    1305031810.8505
564 1305031810.885396    1305031810.896721    1305031810.8806
565 1305031810.917724    1305031810.931542    1305031810.9206
566 1305031810.949471    1305031810.962074    1305031810.9505
567 1305031810.985423    1305031810.999156    1305031810.9805
568 1305031811.017436    1305031811.030567    1305031811.0206
569 1305031811.049445    1305031811.062402    1305031811.0505
570 1305031811.085404    1305031811.098594    1305031811.0806
571 1305031811.117449    1305031811.130054    1305031811.1206
572 1305031811.149652    1305031811.163124    1305031811.1505
573 1305031811.185423    1305031811.196680    1305031811.1810
574 1305031811.217448    1305031811.226245    1305031811.2206
575 1305031811.249459    1305031811.258835    1305031811.2505
576 1305031811.285401    1305031811.297420    1305031811.2806
577 1305031811.317471    1305031811.330119    1305031811.3205
578 1305031811.349438    1305031811.362347    1305031811.3506
579 1305031811.385421    1305031811.399651    1305031811.3806
580 1305031811.417400    1305031811.430784    1305031811.4205
581 1305031811.449532    1305031811.466212    1305031811.4505
582 1305031811.485413    1305031811.497813    1305031811.4805
583 1305031811.517423    1305031811.530073    1305031811.5206
584 1305031811.549533    1305031811.566308    1305031811.5505
585 1305031811.585347    1305031811.598269    1305031811.5805
586 1305031811.617439    1305031811.630831    1305031811.6206
587 1305031811.649459    1305031811.663366    1305031811.6505
588 1305031811.685432    1305031811.698740    1305031811.6805
589 1305031811.717529    1305031811.733435    1305031811.7206
590 1305031811.749420    1305031811.733435    1305031811.7506
591 1305031811.785416    1305031811.799543    1305031811.7806
592 1305031811.817440    1305031811.831559    1305031811.8206
593 1305031811.849504    1305031811.866219    1305031811.8505
594 1305031811.885446    1305031811.899601    1305031811.8806
595 1305031811.917451    1305031811.929778    1305031811.9206
596 1305031811.949446    1305031811.965910    1305031811.9506
597 1305031811.985433    1305031811.997697    1305031811.9805
598 1305031812.017466    1305031812.031513    1305031812.0206
599 1305031812.049451    1305031812.067293    1305031812.0506
600 1305031812.085454    1305031812.097226    1305031812.0805
601 1305031812.117430    1305031812.131618    1305031812.1206
602 1305031812.149444    1305031812.165747    1305031812.1505
603 1305031812.185398    1305031812.194229    1305031812.1815
604 1305031812.217575    1305031812.230599    1305031812.2205
605 1305031812.249442    1305031812.262258    1305031812.2505
606 1305031812.285269    1305031812.295017    1305031812.2806
607 1305031812.317439    1305031812.329535    1305031812.3206
608 1305031812.349628    1305031812.367033    1305031812.3505
609 1305031812.385430    1305031812.398919    1305031812.3805
610 1305031812.417396    1305031812.431444    1305031812.4206
611 1305031812.449401    1305031812.466128    1305031812.4505
612 1305031812.485444    1305031812.499545    1305031812.4808
613 1305031812.517424    1305031812.530582    1305031812.5208
614 1305031812.549479    1305031812.566690    1305031812.5505
615 1305031812.585434    1305031812.599029    1305031812.5807
616 1305031812.617435    1305031812.628645    1305031812.6205
617 1305031812.649447    1305031812.668061    1305031812.6511
618 1305031812.685438    1305031812.698746    1305031812.6805
619 1305031812.717447    1305031812.734013    1305031812.7205
620 1305031812.749493    1305031812.734013    1305031812.7506
621 1305031812.785436    1305031812.799489    1305031812.7805
622 1305031812.817595    1305031812.834132    1305031812.8205
623 1305031812.849411    1305031812.834132    1305031812.8506
624 1305031812.885427    1305031812.898960    1305031812.8805
625 1305031812.917509    1305031812.934173    1305031812.9205
626 1305031812.949555    1305031812.934173    1305031812.9512
627 1305031812.985457    1305031812.999091    1305031812.9805
628 1305031813.017436    1305031813.034784    1305031813.0205
629 1305031813.049489    1305031813.034784    1305031813.0507
630 1305031813.085316    1305031813.098588    1305031813.0805
631 1305031813.117438    1305031813.135262    1305031813.1205
632 1305031813.149429    1305031813.135262    1305031813.1506
633 1305031813.185427    1305031813.196373    1305031813.1805
634 1305031813.217526    1305031813.234674    1305031813.2205
635 1305031813.249435    1305031813.234674    1305031813.2506
636 1305031813.285403    1305031813.299198    1305031813.2805
637 1305031813.317420    1305031813.333908    1305031813.3205
638 1305031813.349429    1305031813.333908    1305031813.3510
639 1305031813.385390    1305031813.398657    1305031813.3812
640 1305031813.417434    1305031813.433247    1305031813.4205
641 1305031813.449445    1305031813.433247    1305031813.4505
642 1305031813.485393    1305031813.498088    1305031813.4805
643 1305031813.517402    1305031813.534016    1305031813.5205
644 1305031813.549456    1305031813.534016    1305031813.5511
645 1305031813.585413    1305031813.598490    1305031813.5805
646 1305031813.617514    1305031813.631475    1305031813.6205
647 1305031813.649317    1305031813.661752    1305031813.6505
648 1305031813.685390    1305031813.698286    1305031813.6805
649 1305031813.717434    1305031813.730280    1305031813.7206
650 1305031813.749460    1305031813.764797    1305031813.7505
651 1305031813.785473    1305031813.799441    1305031813.7805
652 1305031813.817425    1305031813.833945    1305031813.8205
653 1305031813.849442    1305031813.833945    1305031813.8509
654 1305031813.885478    1305031813.899482    1305031813.8805
655 1305031813.917420    1305031813.934338    1305031813.9205
656 1305031813.949430    1305031813.934338    1305031813.9505
657 1305031813.985350    1305031814.003554    1305031813.9805
658 1305031814.017410    1305031814.003554    1305031814.0205
659 1305031814.049397    1305031814.033924    1305031814.0505
660 1305031814.085369    1305031814.102320    1305031814.0805
661 1305031814.117410    1305031814.102320    1305031814.1205
662 1305031814.149406    1305031814.134667    1305031814.1505
663 1305031814.185515    1305031814.202037    1305031814.1905
664 1305031814.217368    1305031814.202037    1305031814.2205
665 1305031814.249436    1305031814.234336    1305031814.2505
666 1305031814.285406    1305031814.302865    1305031814.2817
667 1305031814.317389    1305031814.302865    1305031814.3205
668 1305031814.349391    1305031814.334123    1305031814.3505
669 1305031814.385364    1305031814.402137    1305031814.3805
670 1305031814.417465    1305031814.402137    1305031814.4205
671 1305031814.449403    1305031814.434097    1305031814.4505
672 1305031814.485389    1305031814.503242    1305031814.4805
673 1305031814.517461    1305031814.503242    1305031814.5205
674 1305031814.549456    1305031814.535346    1305031814.5505
675 1305031814.585485    1305031814.601706    1305031814.5805
676 1305031814.617521    1305031814.601706    1305031814.6205
677 1305031814.649442    1305031814.635644    1305031814.6505
678 1305031814.685443    1305031814.702775    1305031814.6805
679 1305031814.717506    1305031814.702775    1305031814.7205
680 1305031814.749513    1305031814.734657    1305031814.7505
681 1305031814.785428    1305031814.801939    1305031814.7805
682 1305031814.817655    1305031814.801939    1305031814.8205
683 1305031814.849469    1305031814.834141    1305031814.8505
684 1305031814.885483    1305031814.901856    1305031814.8805
685 1305031814.917497    1305031814.901856    1305031814.9205
686 1305031814.949453    1305031814.934189    1305031814.9505
687 1305031814.985407    1305031815.002785    1305031814.9805
688 1305031815.017453    1305031815.002785    1305031815.0205
689 1305031815.049420    1305031815.034070    1305031815.0505
690 1305031815.085286    1305031815.098276    1305031815.0805
691 1305031815.117774    1305031815.134087    1305031815.1205
692 1305031815.149413    1305031815.134087    1305031815.1505
693 1305031815.185441    1305031815.200200    1305031815.1805
694 1305031815.217524    1305031815.200200    1305031815.2205
695 1305031815.249490    1305031815.235479    1305031815.2505
696 1305031815.285447    1305031815.269898    1305031815.2805
697 1305031815.317708    1305031815.303120    1305031815.3205
698 1305031815.349477    1305031815.335140    1305031815.3505
699 1305031815.385427    1305031815.369858    1305031815.3806
700 1305031815.417561    1305031815.402087    1305031815.4206
701 1305031815.449601    1305031815.435520    1305031815.4505
702 1305031815.485593    1305031815.469069    1305031815.4905
703 1305031815.517598    1305031815.503584    1305031815.5205
704 1305031815.549484    1305031815.533867    1305031815.5505
705 1305031815.585442    1305031815.570080    1305031815.5806
706 1305031815.617445    1305031815.602977    1305031815.6205
707 1305031815.649511    1305031815.633580    1305031815.6505
708 1305031815.685482    1305031815.669542    1305031815.6805
709 1305031815.717591    1305031815.703270    1305031815.7205
710 1305031815.749417    1305031815.734736    1305031815.7505
711 1305031815.785408    1305031815.770261    1305031815.7805
712 1305031815.817442    1305031815.803102    1305031815.8105
